0 0.6865671641791045 0.9265625 0.47761194029850745 0.0453125
0 0.08955223880597014 0.8484375 0.16417910447761194 0.015625
0 0.7014925373134329 0.8453125 0.43283582089552236 0.0375
0 0.1791044776119403 0.5609375 0.3582089552238806 0.1
0 0.029850746268656716 0.7953125 0.04477611940298507 0.034375
0 0.7313432835820896 0.7875 0.44776119402985076 0.0328125
0 0.746268656716418 0.284375 0.5074626865671642 0.0421875
0 0.014925373134328358 0.90625 0.029850746268656716 0.040625
0 0.7761194029850746 0.98125 0.3582089552238806 0.0359375
0 0.8059701492537313 0.6453125 0.373134328358209 0.040625
0 0.6119402985074627 0.690625 0.44776119402985076 0.0375