0 0.9181818181818182 0.225 0.15454545454545454 0.0375
0 0.5363636363636364 0.075 0.15454545454545454 0.040625
0 0.990909090909091 0.0859375 0.01818181818181818 0.025
0 0.4909090909090909 0.234375 0.22727272727272727 0.046875
0 0.4818181818181818 0.2734375 0.14545454545454545 0.028125
0 0.7181818181818181 0.2828125 0.11818181818181818 0.025
0 0.6454545454545455 0.1609375 0.3 0.0625
0 0.8545454545454545 0.13125 0.2909090909090909 0.0640625
0 0.6272727272727273 0.03125 0.13636363636363635 0.0265625
0 0.7636363636363637 0.4140625 0.2 0.0359375
0 0.43636363636363634 0.4359375 0.12727272727272726 0.028125
0 0.6090909090909091 0.5578125 0.6454545454545455 0.13125
0 0.44545454545454544 0.353125 0.16363636363636364 0.0296875
0 0.7272727272727273 0.35625 0.20909090909090908 0.040625
0 0.9681818181818181 0.34765625 0.06363636363636363 0.0421875
0 0.9772727272727273 0.525 0.045454545454545456 0.053125
0 0.33636363636363636 0.721875 0.20909090909090908 0.1046875
0 0.7272727272727273 0.715625 0.21818181818181817 0.04375
0 0.5272727272727272 0.6796875 0.13636363636363635 0.028125
0 0.6272727272727273 0.653125 0.15454545454545454 0.0296875
0 0.8363636363636363 0.6703125 0.14545454545454545 0.01875
0 0.6090909090909091 0.778125 0.21818181818181817 0.0390625
0 0.9363636363636364 0.75625 0.12727272727272726 0.0328125
0 0.9363636363636364 0.7984375 0.12727272727272726 0.0203125
0 0.6954545454545454 0.915625 0.6090909090909091 0.115625
0 0.2727272727272727 0.875 0.12727272727272726 0.0859375
0 0.41818181818181815 0.7921875 0.4 0.0828125
0 0.6181818181818182 0.9875 0.7636363636363637 0.0234375