0 0.3108108108108108 0.1890625 0.3108108108108108 0.0421875
0 0.6081081081081081 0.1 0.33783783783783783 0.028125
0 0.44594594594594594 0.325 0.25675675675675674 0.0359375
0 0.7162162162162162 0.3390625 0.20270270270270271 0.05
0 0.5405405405405406 0.378125 0.32432432432432434 0.0359375
0 0.04054054054054054 0.36875 0.06756756756756757 0.021875
0 0.3783783783783784 0.5 0.12162162162162163 0.0171875
0 0.5945945945945946 0.4703125 0.13513513513513514 0.0125
0 0.4594594594594595 0.453125 0.17567567567567569 0.015625
0 0.7837837837837838 0.4046875 0.0945945945945946 0.0296875
0 0.5405405405405406 0.5359375 0.22972972972972974 0.025
0 0.7432432432432432 0.4890625 0.10810810810810811 0.0328125
0 0.14864864864864866 0.3109375 0.17567567567567569 0.025
0 0.47297297297297297 0.7796875 0.16216216216216217 0.021875
0 0.013513513513513514 0.740625 0.013513513513513514 0.015625
0 0.04054054054054054 0.759375 0.06756756756756757 0.0203125
0 0.33783783783783783 0.7375 0.12162162162162163 0.0171875
0 0.7027027027027027 0.909375 0.22972972972972974 0.065625