0 0.17073170731707318 0.7078125 0.22764227642276422 0.0421875
0 0.17886178861788618 0.5 0.25203252032520324 0.0546875
0 0.943089430894309 0.6171875 0.11382113821138211 0.1328125
0 0.44715447154471544 0.70625 0.8780487804878049 0.221875
0 0.5609756097560976 0.5453125 0.43089430894308944 0.096875
0 0.983739837398374 0.6625 0.024390243902439025 0.0375
0 0.5 0.971875 1 0.05625
0 0.12195121951219512 0.9390625 0.16260162601626016 0.0375
0 0.18699186991869918 0.1453125 0.21951219512195122 0.0546875
0 0.5691056910569106 0.3203125 0.8617886178861789 0.39375
0 0.3983739837398374 0.1046875 0.7235772357723578 0.1765625