0 0.32857142857142857 0.0546875 0.2 0.0296875
0 0.35714285714285715 0.3703125 0.4142857142857143 0.0484375
0 0.07142857142857142 0.365625 0.14285714285714285 0.03125
0 0.6285714285714286 0.21875 0.15714285714285714 0.034375
0 0.7857142857142857 0.9859375 0.22857142857142856 0.0265625
0 0.5 0.871875 0.32857142857142857 0.03125
0 0.2714285714285714 0.875 0.32857142857142857 0.0203125
0 0.11428571428571428 0.6703125 0.21428571428571427 0.021875
0 0.12857142857142856 0.5 0.2 0.0265625
0 0.8928571428571429 0.6796875 0.21428571428571427 0.028125
0 0.7714285714285715 0.24375 0.21428571428571427 0.028125