0 0.5857142857142857 0.034375 0.32857142857142857 0.03125
0 0.9071428571428571 0.36640625 0.18571428571428572 0.0140625
0 0.5 0.8265625 0.38571428571428573 0.0296875
0 0.6 0.45 0.8 0.4
0 0.9857142857142858 0.971875 0.02857142857142857 0.009375
0 0.7428571428571429 0.859375 0.12857142857142856 0.009375
0 0.2857142857142857 0.9375 0.21428571428571427 0.0171875
0 0.42857142857142855 0.9109375 0.21428571428571427 0.0171875
0 0.8714285714285714 0.734375 0.24285714285714285 0.0296875
0 0.9785714285714285 0.27265625 0.04285714285714286 0.0078125
0 0.7571428571428571 0.66875 0.2714285714285714 0.01875