0 0.1780821917808219 0.0203125 0.3150684931506849 0.0296875
0 0.410958904109589 0.1109375 0.410958904109589 0.0640625
0 0.8424657534246576 0.01875 0.3150684931506849 0.0375
0 0.6986301369863014 0.2109375 0.3561643835616438 0.040625
0 0.5 0.60234375 1 0.2078125
0 0.0821917808219178 0.33125 0.1643835616438356 0.03125
0 0.3698630136986301 0.7375 0.2328767123287671 0.0296875
0 0.863013698630137 0.8953125 0.2328767123287671 0.01875
0 0.6301369863013698 0.8140625 0.1232876712328767 0.025
0 0.6438356164383562 0.7796875 0.1643835616438356 0.0140625
0 0.0684931506849315 0.76875 0.1232876712328767 0.01875
0 0.1917808219178082 0.884375 0.2054794520547945 0.028125
0 0.589041095890411 0.86875 0.1780821917808219 0.01875
0 0.9041095890410958 0.94375 0.1917808219178082 0.015625
0 0.8493150684931506 0.9953125 0.2876712328767123 0.009375