0 0.46153846153846156 0.03125 0.14102564102564102 0.0203125
0 0.2692307692307692 0.140625 0.2564102564102564 0.0265625
0 0.47435897435897434 0.215625 0.1282051282051282 0.0171875
0 0.01282051282051282 0.384375 0.02564102564102564 0.009375
0 0.7948717948717948 0.4125 0.10256410256410256 0.0109375
0 0.9487179487179487 0.3078125 0.08974358974358974 0.046875
0 0.9487179487179487 0.2140625 0.08974358974358974 0.0390625
0 0.5384615384615384 0.5171875 0.08974358974358974 0.0140625
0 0.5641025641025641 0.75 0.14102564102564102 0.01875
0 0.7307692307692307 0.8890625 0.11538461538461539 0.01875
0 0.0641025641025641 0.81875 0.08974358974358974 0.0109375
0 0.5128205128205128 0.6203125 0.0641025641025641 0.0109375
0 0.8333333333333334 0.5796875 0.0641025641025641 0.009375
0 0.6923076923076923 0.2796875 0.15384615384615385 0.028125
0 0.07692307692307693 0.6734375 0.07692307692307693 0.009375