0 0.9453125 0.09375 0.109375 0.021875
0 0.5625 0.053125 0.203125 0.0140625
0 0.78125 0.1515625 0.203125 0.01875
0 0.9140625 0.2203125 0.171875 0.021875
0 0.796875 0.10625 0.109375 0.009375
0 0.84375 0.2046875 0.21875 0.015625
0 0.9140625 0.2421875 0.171875 0.015625
0 0.96875 0.8796875 0.0625 0.0140625
0 0.9609375 0.325 0.078125 0.009375
0 0.71875 0.8015625 0.171875 0.015625
0 0.609375 0.9078125 0.375 0.0171875
0 0.453125 0.7984375 0.1875 0.0140625
0 0.9765625 0.815625 0.046875 0.0125
0 0.265625 0.8734375 0.125 0.009375
0 0.328125 0.89375 0.171875 0.009375
0 0.484375 0.871875 0.140625 0.0140625
0 0.9609375 0.8375 0.078125 0.009375
0 0.359375 0.9875 0.109375 0.009375
0 0.6875 0.9875 0.125 0.0171875