0 0.49038461538461536 0.0234375 0.7596153846153846 0.0453125
0 0.5192307692307693 0.2203125 0.9615384615384616 0.303125
0 0.7692307692307693 0.278125 0.2692307692307692 0.0453125
0 0.7307692307692307 0.33125 0.17307692307692307 0.0296875
0 0.1346153846153846 0.3265625 0.16346153846153846 0.0421875
0 0.9951923076923077 0.4671875 0.009615384615384616 0.028125
0 0.6346153846153846 0.4 0.18269230769230768 0.028125
0 0.375 0.659375 0.17307692307692307 0.034375
0 0.5961538461538461 0.6390625 0.19230769230769232 0.0375
0 0.4326923076923077 0.540625 0.10576923076923077 0.0234375
0 0.6346153846153846 0.53125 0.15384615384615385 0.0296875
0 0.9903846153846154 0.4953125 0.019230769230769232 0.3
0 0.41346153846153844 0.53125 0.8173076923076923 0.4625
0 0.09615384615384616 0.75 0.17307692307692307 0.0546875
0 0.1346153846153846 0.6578125 0.15384615384615385 0.0421875
0 0.25 0.7078125 0.19230769230769232 0.034375
0 0.23076923076923078 0.396875 0.46153846153846156 0.09375
0 0.2980769230769231 0.9078125 0.20192307692307693 0.0375
0 0.7403846153846154 0.8296875 0.5192307692307693 0.2046875
0 0.8173076923076923 0.915625 0.17307692307692307 0.0296875
0 0.6153846153846154 0.9484375 0.5480769230769231 0.0984375
0 0.20192307692307693 0.846875 0.3557692307692308 0.0640625
0 0.9471153846153846 0.8484375 0.10576923076923077 0.04375
0 0.6730769230769231 0.8609375 0.27884615384615385 0.0609375
0 0.8701923076923077 0.76328125 0.25961538461538464 0.0640625