0 0.6397058823529411 0.3859375 0.7205882352941176 0.13125
0 0.7720588235294118 0.29609375 0.45588235294117646 0.3234375
0 0.9338235294117647 0.03515625 0.1323529411764706 0.0453125
0 0.8088235294117647 0.0625 0.2647058823529412 0.03125
0 0.5441176470588235 0.84375 0.19117647058823528 0.025
0 0.2647058823529412 0.6078125 0.39705882352941174 0.059375
0 0.6176470588235294 0.4875 0.5294117647058824 0.0453125
0 0.058823529411764705 0.9015625 0.10294117647058823 0.0328125
0 0.9338235294117647 0.86484375 0.1323529411764706 0.0109375
0 0.058823529411764705 0.7375 0.08823529411764706 0.028125
0 0.38235294117647056 0.0859375 0.3235294117647059 0.028125
0 0.7647058823529411 0.553125 0.16176470588235295 0.0125
0 0.8382352941176471 0.5890625 0.058823529411764705 0.00625
0 0.6764705882352942 0.571875 0.14705882352941177 0.0125
0 0.6176470588235294 0.64375 0.11764705882352941 0.0125
0 0.6764705882352942 0.815625 0.08823529411764706 0.009375