0 0.3181818181818182 0.08125 0.18181818181818182 0.0671875
0 0.07272727272727272 0.234375 0.13636363636363635 0.0390625
0 0.32727272727272727 0.1546875 0.1 0.0578125
0 0.07272727272727272 0.384375 0.14545454545454545 0.0828125
0 0.01818181818181818 0.48125 0.02727272727272727 0.025
0 0.2909090909090909 0.4328125 0.15454545454545454 0.028125
0 0.12727272727272726 0.5046875 0.12727272727272726 0.0234375
0 0.2818181818181818 0.528125 0.10909090909090909 0.0328125
0 0.02727272727272727 0.575 0.045454545454545456 0.021875
0 0.12727272727272726 0.621875 0.12727272727272726 0.025
0 0.3090909090909091 0.5921875 0.10909090909090909 0.040625
0 0.2818181818181818 0.6703125 0.1 0.0515625
0 0.15454545454545454 0.7015625 0.10909090909090909 0.0234375
0 0.2909090909090909 0.7171875 0.1 0.021875
0 0.05454545454545454 0.7359375 0.10909090909090909 0.0421875
0 0.045454545454545456 0.896875 0.08181818181818182 0.025
0 0.06363636363636363 0.8015625 0.12727272727272726 0.0390625