0 0.15384615384615385 0.990625 0.3076923076923077 0.0171875
0 0.4307692307692308 0.6265625 0.2923076923076923 0.0234375
0 0.24615384615384617 0.2515625 0.16923076923076924 0.0140625
0 0.12307692307692308 0.4765625 0.18461538461538463 0.0234375
0 0.8076923076923077 0.4203125 0.38461538461538464 0.065625
0 0.5538461538461539 0.4828125 0.3384615384615385 0.0734375
0 0.6153846153846154 0.1984375 0.2153846153846154 0.065625
0 0.06153846153846154 0.31875 0.1076923076923077 0.03125
0 0.15384615384615385 0.4078125 0.2923076923076923 0.0453125
0 0.36923076923076925 0.040625 0.7230769230769231 0.0609375
0 0.6923076923076923 0.346875 0.26153846153846155 0.0515625
0 0.03076923076923077 0.259375 0.06153846153846154 0.0296875
0 0.8846153846153846 0.79921875 0.23076923076923078 0.0203125
0 0.6307692307692307 0.2625 0.26153846153846155 0.0203125
0 0.16923076923076924 0.121875 0.18461538461538463 0.015625
0 0.36923076923076925 0.55 0.26153846153846155 0.0234375