0 0.1917808219178082 0.1171875 0.2602739726027397 0.03125
0 0.3698630136986301 0.040625 0.1643835616438356 0.025
0 0.8493150684931506 0.26875 0.2465753424657534 0.03125
0 0.7123287671232876 0.171875 0.1917808219178082 0.0328125
0 0.1917808219178082 0.3 0.2465753424657534 0.0515625
0 0.9794520547945206 0.35078125 0.0410958904109589 0.0234375
0 0.7808219178082192 0.375 0.1506849315068493 0.021875
0 0.4931506849315068 0.5421875 0.1095890410958904 0.021875
0 0.2465753424657534 0.465625 0.1095890410958904 0.015625
0 0.5616438356164384 0.6078125 0.2328767123287671 0.03125
0 0.1095890410958904 0.6296875 0.2054794520547945 0.0234375
0 0.4931506849315068 0.75625 0.2876712328767123 0.0390625
0 0.9794520547945206 0.76484375 0.0410958904109589 0.0171875
0 0.7945205479452054 0.715625 0.1643835616438356 0.0234375
0 0.6575342465753424 0.896875 0.2054794520547945 0.0328125
0 0.2054794520547945 0.9421875 0.0958904109589041 0.01875