0 0.3047619047619048 0.0109375 0.12380952380952381 0.0203125
0 0.22857142857142856 0.253125 0.19047619047619047 0.03125
0 0.3619047619047619 0.340625 0.17142857142857143 0.0296875
0 0.6285714285714286 0.259375 0.10476190476190476 0.025
0 0.9619047619047619 0.446875 0.0761904761904762 0.040625
0 0.05714285714285714 0.515625 0.10476190476190476 0.034375
0 0.10476190476190476 0.415625 0.13333333333333333 0.0265625
0 0.4666666666666667 0.6734375 0.1619047619047619 0.0359375
0 0.7428571428571429 0.54375 0.14285714285714285 0.0296875
0 0.8095238095238095 0.5734375 0.14285714285714285 0.0328125
0 0.1619047619047619 0.6109375 0.1523809523809524 0.0296875
0 0.4857142857142857 0.8390625 0.22857142857142856 0.040625
0 0.047619047619047616 0.890625 0.08571428571428572 0.0296875
0 0.8857142857142857 0.734375 0.22857142857142856 0.1
0 0.8666666666666667 0.8375 0.2571428571428571 0.0875
0 0.9142857142857143 0.1125 0.17142857142857143 0.1140625
0 0.7047619047619048 0.9953125 0.5904761904761905 0.0078125