0 0.7468354430379747 0.159375 0.5063291139240507 0.08125
0 0.7468354430379747 0.046875 0.06329113924050633 0.0109375
0 0.16455696202531644 0.0109375 0.08860759493670886 0.0109375
0 0.9873417721518988 0.078125 0.012658227848101266 0.0109375
0 0.1518987341772152 0.309375 0.06329113924050633 0.0078125
0 0.9873417721518988 0.278125 0.012658227848101266 0.0078125
0 0.6835443037974683 0.28125 0.05063291139240506 0.00625
0 0.189873417721519 0.15625 0.0759493670886076 0.009375
0 0.4177215189873418 0.5921875 0.10126582278481013 0.0140625
0 0.6708860759493671 0.528125 0.06329113924050633 0.0109375
0 0.759493670886076 0.6203125 0.06329113924050633 0.009375
0 0.569620253164557 0.76875 0.10126582278481013 0.0125
0 0.11392405063291139 0.7 0.05063291139240506 0.0078125
0 0.5189873417721519 0.8203125 0.06329113924050633 0.0078125