0 0.17142857142857143 0.0921875 0.3333333333333333 0.1828125
0 0.8 0.0796875 0.37142857142857144 0.08125
0 0.8571428571428571 0.015625 0.2857142857142857 0.03125
0 0.4857142857142857 0.1359375 0.24761904761904763 0.046875
0 0.5523809523809524 0.2875 0.1619047619047619 0.034375
0 0.26666666666666666 0.6546875 0.5238095238095238 0.278125
0 0.780952380952381 0.5703125 0.4380952380952381 0.11875
0 0.44761904761904764 0.446875 0.42857142857142855 0.1125
0 0.0761904761904762 0.365625 0.14285714285714285 0.04375
0 0.11428571428571428 0.2890625 0.21904761904761905 0.046875
0 0.8380952380952381 0.3328125 0.3142857142857143 0.10625
0 0.8476190476190476 0.475 0.24761904761904763 0.0609375
0 0.819047619047619 0.74375 0.34285714285714286 0.1265625
0 0.6285714285714286 0.86875 0.0761904761904762 0.0171875
0 0.6571428571428571 0.8171875 0.0761904761904762 0.0109375
0 0.3333333333333333 0.84375 0.24761904761904763 0.08125