0 0.6081081081081081 0.046948356807511735 0.2702702702702703 0.026604068857589983
0 0.35135135135135137 0.023474178403755867 0.10810810810810811 0.025039123630672927
0 0.02702702702702703 0.06885758998435054 0.04054054054054054 0.02190923317683881
0 0.4189189189189189 0.10485133020344288 0.17567567567567569 0.02034428794992175
0 0.10810810810810811 0.11267605633802817 0.21621621621621623 0.03912363067292645
0 0.8513513513513513 0.2300469483568075 0.14864864864864866 0.02190923317683881
0 0.04054054054054054 0.21439749608763695 0.06756756756756757 0.03755868544600939
0 0.6081081081081081 0.4679186228482003 0.36486486486486486 0.04381846635367762
0 0.9797297297297297 0.40923317683881066 0.04054054054054054 0.03286384976525822
0 0.22972972972972974 0.2644757433489828 0.13513513513513514 0.028169014084507043
0 0.7837837837837838 0.5352112676056338 0.22972972972972974 0.04381846635367762
0 0.3918918918918919 0.810641627543036 0.47297297297297297 0.06729264475743349
0 0.12162162162162163 0.701095461658842 0.24324324324324326 0.04225352112676056
0 0.4189189189189189 0.6447574334898278 0.24324324324324326 0.03442879499217527
0 0.7567567567567568 0.6697965571205008 0.20270270270270271 0.03129890453834116
0 0.02702702702702703 0.94679186228482 0.04054054054054054 0.03599374021909233
0 0.2972972972972973 0.8841940532081377 0.21621621621621623 0.02034428794992175