0 0.6692307692307692 0.0640625 0.6615384615384615 0.128125
0 0.5076923076923077 0.4015625 0.4307692307692308 0.04375
0 0.6923076923076923 0.509375 0.5538461538461539 0.0671875
0 0.09230769230769231 0.75 0.16923076923076924 0.025
0 0.3230769230769231 0.734375 0.2153846153846154 0.021875
0 0.23076923076923078 0.0984375 0.2153846153846154 0.021875
0 0.015384615384615385 0.8171875 0.03076923076923077 0.0171875
0 0.6153846153846154 0.9890625 0.13846153846153847 0.0203125
0 0.8 0.365625 0.3230769230769231 0.025
0 0.7692307692307693 0.7265625 0.2 0.0171875
0 0.4307692307692308 0.3296875 0.27692307692307694 0.0484375
0 0.015384615384615385 0.6765625 0.015384615384615385 0.028125
0 0.5692307692307692 0.9109375 0.26153846153846155 0.0296875
0 0.07692307692307693 0.984375 0.13846153846153847 0.025
0 0.6461538461538462 0.775 0.24615384615384617 0.015625
0 0.5538461538461539 0.2875 0.3384615384615385 0.028125
0 0.1076923076923077 0.3578125 0.2153846153846154 0.040625
0 0.046153846153846156 0.509375 0.07692307692307693 0.0109375
0 0.03076923076923077 0.621875 0.06153846153846154 0.0125
0 0.3384615384615385 0.9546875 0.2153846153846154 0.0234375