0 0.273972602739726 0.1515625 0.3561643835616438 0.046875
0 0.6164383561643836 0.0515625 0.3835616438356164 0.03125
0 0.4246575342465753 0.303125 0.2876712328767123 0.040625
0 0.726027397260274 0.31875 0.2328767123287671 0.05625
0 0.547945205479452 0.3625 0.3698630136986301 0.040625
0 0.3561643835616438 0.496875 0.136986301369863 0.01875
0 0.6027397260273972 0.4640625 0.1506849315068493 0.0140625
0 0.4520547945205479 0.4453125 0.1917808219178082 0.0171875
0 0.8082191780821918 0.390625 0.1095890410958904 0.0328125
0 0.547945205479452 0.5375 0.2602739726027397 0.028125
0 0.7671232876712328 0.4859375 0.1232876712328767 0.0375
0 0.0958904109589041 0.2875 0.1780821917808219 0.028125
0 0.4520547945205479 0.8078125 0.1780821917808219 0.0234375
0 0.3150684931506849 0.7625 0.136986301369863 0.01875
0 0.7123287671232876 0.953125 0.2602739726027397 0.0734375