0 0.28846153846153844 0.0859375 0.33653846153846156 0.1703125
0 0.7836538461538461 0.065625 0.4326923076923077 0.13125
0 0.8173076923076923 0.0515625 0.15384615384615385 0.0265625
0 0.6442307692307693 0.003125 0.11538461538461539 0.00625
0 0.8461538461538461 0.015625 0.3076923076923077 0.03125
0 0.7403846153846154 0.2875 0.5192307692307693 0.290625
0 0.9038461538461539 0.71875 0.19230769230769232 0.0625
0 0.9519230769230769 0.5484375 0.09615384615384616 0.0859375
0 0.33653846153846156 0.5359375 0.5576923076923077 0.24375
0 0.9230769230769231 0.3953125 0.15384615384615385 0.0578125
0 0.8365384615384616 0.2734375 0.3269230769230769 0.178125
0 0.8365384615384616 0.290625 0.09615384615384616 0.0453125
0 0.49038461538461536 0.93125 0.7596153846153846 0.1375
0 0.2980769230769231 0.7515625 0.4326923076923077 0.1265625
0 0.5 0.6921875 0.18269230769230768 0.0375
0 0.8509615384615384 0.809375 0.2980769230769231 0.084375
0 0.3173076923076923 0.328125 0.4519230769230769 0.175
0 0.47115384615384615 0.396875 0.17307692307692307 0.03125
0 0.20192307692307693 0.2734375 0.15384615384615385 0.0359375
0 0.25961538461538464 0.3578125 0.3269230769230769 0.103125