0 0.8356164383561644 0.0765625 0.1917808219178082 0.028125
0 0.863013698630137 0.3015625 0.1506849315068493 0.01875
0 0.547945205479452 0.4921875 0.7123287671232876 0.0765625
0 0.684931506849315 0.41875 0.2054794520547945 0.028125
0 0.0958904109589041 0.3671875 0.1780821917808219 0.0375
0 0.4246575342465753 0.3609375 0.2054794520547945 0.0296875
0 0.0684931506849315 0.7 0.136986301369863 0.05
0 0.547945205479452 0.69375 0.3150684931506849 0.04375
0 0.8424657534246576 0.8109375 0.3150684931506849 0.04375
0 0.8424657534246576 0.6375 0.3150684931506849 0.04375
0 0.6027397260273972 0.590625 0.3150684931506849 0.0390625
0 0.1780821917808219 0.9828125 0.1917808219178082 0.0234375
0 0.0821917808219178 0.8015625 0.1506849315068493 0.0375
0 0.0273972602739726 0.5203125 0.0547945205479452 0.0609375
0 0.2876712328767123 0.2140625 0.2328767123287671 0.0421875
0 0.1095890410958904 0.24375 0.136986301369863 0.021875
0 0.9041095890410958 0.9421875 0.1917808219178082 0.0359375
0 0.5616438356164384 0.8828125 0.273972602739726 0.0359375
0 0.0684931506849315 0.9171875 0.1232876712328767 0.0359375