0 0.7066666666666667 0.00625 0.5866666666666667 0.0125
0 0.64 0.3109375 0.13333333333333333 0.015625
0 0.44 0.5421875 0.21333333333333335 0.0234375
0 0.7866666666666666 0.63125 0.13333333333333333 0.0171875
0 0.8266666666666667 0.7109375 0.22666666666666666 0.0125
0 0.7333333333333333 0.371875 0.08 0.009375
0 0.6133333333333333 0.75 0.12 0.009375
0 0.6933333333333334 0.975 0.10666666666666667 0.015625
0 0.9466666666666667 0.5125 0.10666666666666667 0.0109375
0 0.5466666666666666 0.60625 0.12 0.0109375
0 0.56 0.7640625 0.09333333333333334 0.0109375