0 0.1559633027522936 0.0796875 0.3119266055045872 0.159375
0 0.5412844036697247 0.1015625 0.2018348623853211 0.040625
0 0.8853211009174312 0.0375 0.22935779816513763 0.075
0 0.05504587155963303 0.2578125 0.10091743119266056 0.053125
0 0.7981651376146789 0.278125 0.23853211009174313 0.046875
0 0.1834862385321101 0.4109375 0.12844036697247707 0.03125
0 0.10091743119266056 0.44375 0.2018348623853211 0.0625
0 0.7614678899082569 0.3703125 0.11009174311926606 0.0265625
0 0.47706422018348627 0.4515625 0.24770642201834864 0.04375
0 0.7981651376146789 0.4734375 0.1743119266055046 0.034375
0 0.8899082568807339 0.421875 0.11926605504587157 0.05625
0 0.4036697247706422 0.5765625 0.1743119266055046 0.034375
0 0.5504587155963303 0.525 0.1559633027522936 0.0265625
0 0.8623853211009175 0.5671875 0.1651376146788991 0.053125
0 0.1743119266055046 0.5171875 0.30275229357798167 0.08125
0 0.22935779816513763 0.66875 0.29357798165137616 0.0453125
0 0.01834862385321101 0.6953125 0.03669724770642202 0.03125
0 0.5596330275229358 0.75 0.7981651376146789 0.2046875
0 0.027522935779816515 0.73125 0.05504587155963303 0.025
0 0.08256880733944955 0.909375 0.1559633027522936 0.0546875
0 0.30275229357798167 0.8625 0.24770642201834864 0.0453125
0 0.1834862385321101 0.9875 0.22018348623853212 0.025
0 0.7247706422018348 0.9109375 0.3853211009174312 0.159375