0 0.7268041237113402 0.7765625 0.5463917525773195 0.446875
0 0.4020618556701031 0.5125 0.5154639175257731 0.0484375
0 0.28865979381443296 0.5734375 0.32989690721649484 0.040625
0 0.8969072164948454 0.515625 0.20618556701030927 0.046875
0 0.4536082474226804 0.671875 0.30927835051546393 0.0328125
0 0.8247422680412371 0.584375 0.26804123711340205 0.0296875
0 0.9742268041237113 0.5703125 0.05154639175257732 0.05625
0 0.4639175257731959 0.60625 0.26804123711340205 0.0359375
0 0.8556701030927835 0.3578125 0.28865979381443296 0.0515625
0 0.9020618556701031 0.4453125 0.1958762886597938 0.03125
0 0.7216494845360825 0.040625 0.25773195876288657 0.021875
0 0.9948453608247423 0.03984375 0.010309278350515464 0.0171875
0 0.3917525773195876 0.159375 0.25773195876288657 0.0171875
0 0.6185567010309279 0.1140625 0.18556701030927836 0.0171875