0 0.8266666666666667 0.875 0.3466666666666667 0.059375
0 0.5333333333333333 0.9734375 0.4266666666666667 0.0421875
0 0.7066666666666667 0.7796875 0.4 0.021875
0 0.5333333333333333 0.603125 0.3333333333333333 0.0359375
0 0.7066666666666667 0.75625 0.16 0.0203125
0 0.36 0.5390625 0.26666666666666666 0.0234375
0 0.38666666666666666 0.809375 0.17333333333333334 0.01875
0 0.9866666666666667 0.6703125 0.013333333333333334 0.0125
0 0.7466666666666667 0.3546875 0.2 0.034375
0 0.6666666666666666 0.415625 0.22666666666666666 0.03125
0 0.9066666666666666 0.503125 0.18666666666666668 0.01875
0 0.92 0.8109375 0.16 0.0578125
0 0.6533333333333333 0.921875 0.5866666666666667 0.053125
0 0.06666666666666667 0.959375 0.13333333333333333 0.0265625