0 0.4368932038834951 0.29375 0.39805825242718446 0.1453125
0 0.8106796116504854 0.40859375 0.3786407766990291 0.0546875
0 0.36893203883495146 0.4140625 0.18446601941747573 0.028125
0 0.5970873786407767 0.90546875 0.8058252427184466 0.1765625
0 0.39805825242718446 0.696875 0.3106796116504854 0.0515625
0 0.7378640776699029 0.6984375 0.1941747572815534 0.03125
0 0.30097087378640774 0.75 0.1553398058252427 0.0203125
0 0.7572815533980582 0.328125 0.1262135922330097 0.0234375
0 0.9514563106796117 0.6234375 0.0970873786407767 0.021875
0 0.3786407766990291 0.615625 0.32038834951456313 0.0609375
0 0.5631067961165048 0.4578125 0.1262135922330097 0.01875
0 0.9368932038834952 0.43828125 0.1262135922330097 0.0234375