0 0.71875 0.0625 0.421875 0.03125
0 0.609375 0.125 0.421875 0.03125
0 0.6875 0.1640625 0.328125 0.028125
0 0.375 0.0078125 0.484375 0.015625
0 0.28125 0.2578125 0.234375 0.0359375
0 0.8828125 0.309375 0.234375 0.028125
0 0.25 0.20625 0.25 0.025
0 0.21875 0.146875 0.296875 0.015625
0 0.515625 0.278125 0.234375 0.028125
0 0.296875 0.5453125 0.296875 0.0515625
0 0.7890625 0.56953125 0.421875 0.0796875
0 0.671875 0.403125 0.265625 0.0421875
0 0.359375 0.4 0.296875 0.021875
0 0.8671875 0.665625 0.265625 0.021875
0 0.171875 0.9625 0.21875 0.021875