0 0.029411764705882353 0.4953125 0.058823529411764705 0.13125
0 0.11764705882352941 0.59375 0.23529411764705882 0.046875
0 0.3235294117647059 0.803125 0.29411764705882354 0.0390625
0 0.11764705882352941 0.059375 0.23529411764705882 0.040625
0 0.14705882352941177 0.1859375 0.27941176470588236 0.05
0 0.04411764705882353 0.140625 0.07352941176470588 0.028125
0 0.6323529411764706 0.0125 0.22058823529411764 0.0234375
0 0.4411764705882353 0.7359375 0.17647058823529413 0.0140625
0 0.19117647058823528 0.3015625 0.19117647058823528 0.0234375
0 0.3235294117647059 0.5296875 0.10294117647058823 0.021875
0 0.4852941176470588 0.6015625 0.19117647058823528 0.034375
0 0.22058823529411764 0.8890625 0.14705882352941177 0.021875