0 0.15447154471544716 0.0046875 0.17073170731707318 0.009375
0 0.24390243902439024 0.0734375 0.15447154471544716 0.040625
0 0.032520325203252036 0.2796875 0.056910569105691054 0.053125
0 0.0975609756097561 0.2046875 0.1951219512195122 0.0578125
0 0.25203252032520324 0.4375 0.21138211382113822 0.046875
0 0.056910569105691054 0.3921875 0.11382113821138211 0.025
0 0.44715447154471544 0.5640625 0.13821138211382114 0.0453125
0 0.13008130081300814 0.59375 0.25203252032520324 0.0734375
0 0.34146341463414637 0.6234375 0.2682926829268293 0.0625
0 0.21138211382113822 0.478125 0.4146341463414634 0.271875
0 0.2601626016260163 0.1453125 0.5121951219512195 0.2890625
0 0.2926829268292683 0.8 0.42276422764227645 0.24375
0 0.2601626016260163 0.90625 0.5121951219512195 0.1859375