0 0.7259615384615384 0.0078125 0.5480769230769231 0.015625
0 0.9855769230769231 0.31953125 0.028846153846153848 0.0265625
0 0.6346153846153846 0.3265625 0.4326923076923077 0.1359375
0 0.8317307692307693 0.28046875 0.33653846153846156 0.1140625
0 0.9278846153846154 0.0890625 0.14423076923076922 0.03125
0 0.5576923076923077 0.4796875 0.4807692307692308 0.128125
0 0.8269230769230769 0.484375 0.2403846153846154 0.0515625
0 0.9086538461538461 0.5765625 0.18269230769230768 0.040625
0 0.6538461538461539 0.78125 0.19230769230769232 0.0390625
0 0.6923076923076923 0.6 0.17307692307692307 0.0375
0 0.4326923076923077 0.778125 0.1346153846153846 0.0296875
0 0.8365384615384616 0.7734375 0.11538461538461539 0.021875
0 0.7644230769230769 0.4796875 0.47115384615384615 0.228125
0 0.5480769230769231 0.66875 0.27884615384615385 0.0828125
0 0.9519230769230769 0.6578125 0.09615384615384616 0.0671875
0 0.4807692307692308 0.9390625 0.3269230769230769 0.1
0 0.75 0.85 0.19230769230769232 0.0546875
0 0.8557692307692307 0.9546875 0.25 0.05
0 0.6971153846153846 0.9890625 0.6057692307692307 0.021875