0 0.09090909090909091 0.0515625 0.07272727272727272 0.0140625
0 0.12727272727272726 0.0671875 0.06363636363636363 0.01875
0 0.5363636363636364 0.009375 0.11818181818181818 0.01875
0 0.4727272727272727 0.0578125 0.22727272727272727 0.059375
0 0.10909090909090909 0.1796875 0.21818181818181817 0.0328125
0 0.08181818181818182 0.315625 0.15454545454545454 0.075
0 0.03636363636363636 0.38125 0.07272727272727272 0.0375
0 0.37272727272727274 0.3234375 0.15454545454545454 0.046875
0 0.3 0.4140625 0.13636363636363635 0.053125
0 0.06363636363636363 0.5328125 0.10909090909090909 0.0234375
0 0.2636363636363636 0.546875 0.06363636363636363 0.0140625
0 0.41818181818181815 0.5609375 0.1 0.015625
0 0.2 0.60625 0.10909090909090909 0.021875
0 0.16363636363636364 0.6421875 0.05454545454545454 0.0125
0 0.3 0.6609375 0.07272727272727272 0.015625
0 0.43636363636363634 0.6703125 0.14545454545454545 0.0203125
0 0.13636363636363635 0.6890625 0.2636363636363636 0.0453125
0 0.07272727272727272 0.7296875 0.12727272727272726 0.021875
0 0.07272727272727272 0.7828125 0.14545454545454545 0.04375
0 0.42727272727272725 0.75625 0.11818181818181818 0.0265625
0 0.2636363636363636 0.7765625 0.14545454545454545 0.025
0 0.10909090909090909 0.9109375 0.11818181818181818 0.015625
0 0.42727272727272725 0.9734375 0.2 0.0359375