0 0.7066666666666667 0.0109375 0.5866666666666667 0.021875
0 0.64 0.3203125 0.13333333333333333 0.015625
0 0.44 0.55 0.21333333333333335 0.0234375
0 0.7866666666666666 0.640625 0.13333333333333333 0.0171875
0 0.8266666666666667 0.7203125 0.22666666666666666 0.0125
0 0.7333333333333333 0.38125 0.08 0.009375
0 0.6133333333333333 0.759375 0.12 0.009375
0 0.6933333333333334 0.984375 0.10666666666666667 0.015625
0 0.9466666666666667 0.5203125 0.10666666666666667 0.0109375
0 0.5466666666666666 0.615625 0.12 0.0109375
0 0.56 0.7734375 0.09333333333333334 0.0109375