0 0.13333333333333333 0.8625 0.26666666666666666 0.0578125
0 0.6533333333333333 0.9734375 0.22666666666666666 0.028125
0 0.37333333333333335 0.5640625 0.28 0.028125
0 0.56 0.615625 0.13333333333333333 0.01875
0 0.3333333333333333 0.621875 0.08 0.0203125
0 0.49333333333333335 0.659375 0.10666666666666667 0.0140625
0 0.64 0.740625 0.09333333333333334 0.0140625
0 0.02666666666666667 0.6609375 0.04 0.0125
0 0.4 0.4421875 0.48 0.0578125
0 0.4 0.8 0.7866666666666666 0.05625
0 0.2 0.953125 0.32 0.028125