0 0.5857142857142857 0.0328125 0.32857142857142857 0.03125
0 0.9142857142857143 0.36875 0.17142857142857143 0.0140625
0 0.5142857142857142 0.83125 0.38571428571428573 0.0296875
0 0.6 0.4515625 0.7857142857142857 0.403125
0 0.9857142857142858 0.9765625 0.014285714285714285 0.009375
0 0.7428571428571429 0.8640625 0.12857142857142856 0.009375
0 0.2857142857142857 0.9421875 0.21428571428571427 0.0171875
0 0.42857142857142855 0.915625 0.22857142857142856 0.0171875
0 0.8714285714285714 0.7375 0.24285714285714285 0.0296875
0 0.9857142857142858 0.2734375 0.02857142857142857 0.0078125
0 0.7571428571428571 0.671875 0.2714285714285714 0.01875