0 0.25 0.0515625 0.375 0.1015625
0 0.7788461538461539 0.0296875 0.4326923076923077 0.059375
0 0.7307692307692307 0.23125 0.5384615384615384 0.321875
0 0.9134615384615384 0.709375 0.17307692307692307 0.06875
0 0.9663461538461539 0.51953125 0.0673076923076923 0.0953125
0 0.3076923076923077 0.50625 0.6057692307692307 0.2703125
0 0.9326923076923077 0.35 0.1346153846153846 0.0640625
0 0.8365384615384616 0.215625 0.3269230769230769 0.196875
0 0.8557692307692307 0.234375 0.10576923076923077 0.05
0 0.47115384615384615 0.9328125 0.8365384615384616 0.1328125
0 0.25961538461538464 0.7453125 0.4807692307692308 0.1390625
0 0.4807692307692308 0.678125 0.20192307692307693 0.0421875
0 0.8509615384615384 0.809375 0.2980769230769231 0.09375
0 0.27884615384615385 0.2765625 0.5 0.19375
0 0.4423076923076923 0.353125 0.19230769230769232 0.034375
0 0.15384615384615385 0.215625 0.16346153846153846 0.040625
0 0.21153846153846154 0.309375 0.36538461538461536 0.115625