0 0.2777777777777778 0.1046875 0.2361111111111111 0.021875
0 0.3888888888888889 0.3234375 0.1388888888888889 0.0171875
0 0.8958333333333334 0.15703125 0.20833333333333334 0.0328125
0 0.5 0.88125 0.2916666666666667 0.0140625
0 0.4444444444444444 0.9078125 0.3333333333333333 0.025
0 0.5833333333333334 0.6609375 0.2361111111111111 0.025
0 0.9375 0.66875 0.125 0.025
0 0.5972222222222222 0.75 0.2222222222222222 0.015625
0 0.5555555555555556 0.2453125 0.19444444444444445 0.0203125
0 0.9236111111111112 0.778125 0.1527777777777778 0.034375
0 0.7361111111111112 0.98125 0.3055555555555556 0.0234375
0 0.3611111111111111 0.978125 0.3055555555555556 0.0171875
0 0.8055555555555556 0.9046875 0.09722222222222222 0.009375
0 0.8472222222222222 0.5265625 0.16666666666666666 0.0125
0 0.9097222222222222 0.74296875 0.18055555555555555 0.0140625
0 0.375 0.771875 0.2361111111111111 0.01875
0 0.3194444444444444 0.7984375 0.1388888888888889 0.0171875