0 0.28846153846153844 0.084375 0.34615384615384615 0.16875
0 0.7884615384615384 0.065625 0.4230769230769231 0.1296875
0 0.8269230769230769 0.05 0.16346153846153846 0.028125
0 0.6538461538461539 0.0015625 0.11538461538461539 0.003125
0 0.8461538461538461 0.0140625 0.3076923076923077 0.028125
0 0.7403846153846154 0.2859375 0.5192307692307693 0.29375
0 0.9038461538461539 0.721875 0.18269230769230768 0.0625
0 0.9567307692307693 0.55 0.08653846153846154 0.0875
0 0.33653846153846156 0.5375 0.5576923076923077 0.2453125
0 0.9230769230769231 0.3953125 0.15384615384615385 0.0578125
0 0.8365384615384616 0.271875 0.3269230769230769 0.178125
0 0.8365384615384616 0.2890625 0.09615384615384616 0.0453125
0 0.49038461538461536 0.9328125 0.7596153846153846 0.134375
0 0.2980769230769231 0.7546875 0.4326923076923077 0.1265625
0 0.5 0.69375 0.18269230769230768 0.0375
0 0.8509615384615384 0.81171875 0.2980769230769231 0.0859375
0 0.3173076923076923 0.328125 0.4519230769230769 0.175
0 0.47115384615384615 0.396875 0.17307692307692307 0.03125
0 0.20192307692307693 0.271875 0.15384615384615385 0.0359375
0 0.25961538461538464 0.35625 0.33653846153846156 0.1046875