0 0.6057692307692307 0.175 0.2403846153846154 0.05
0 0.4423076923076923 0.1578125 0.625 0.1203125
0 0.8509615384615384 0.178125 0.2980769230769231 0.30625
0 0.4423076923076923 0.3390625 0.375 0.075
0 0.028846153846153848 0.046875 0.057692307692307696 0.0265625
0 0.47115384615384615 0.0078125 0.625 0.015625
0 0.019230769230769232 0.2 0.028846153846153848 0.1296875
0 0.47115384615384615 0.46875 0.9326923076923077 0.1515625
0 0.9711538461538461 0.80625 0.057692307692307696 0.0375
0 0.28846153846153844 0.7453125 0.4230769230769231 0.06875
0 0.41346153846153844 0.81875 0.19230769230769232 0.0359375
0 0.009615384615384616 0.725 0.009615384615384616 0.0296875
0 0.75 0.621875 0.23076923076923078 0.0375
0 0.23076923076923078 0.8703125 0.10576923076923077 0.0234375
0 0.3942307692307692 0.86875 0.125 0.0234375
0 0.5769230769230769 0.95625 0.17307692307692307 0.03125
0 0.8269230769230769 0.94375 0.16346153846153846 0.040625
0 0.04807692307692308 0.959375 0.09615384615384616 0.0390625
0 0.04807692307692308 0.9078125 0.08653846153846154 0.046875
0 0.7115384615384616 0.753125 0.20192307692307693 0.0375
0 0.5 0.7859375 1 0.428125
0 0.009615384615384616 0.6578125 0.009615384615384616 0.034375
0 0.46153846153846156 0.628125 0.15384615384615385 0.0375