0 0.8115942028985508 0.625 0.36231884057971014 0.040625
0 0.2028985507246377 0.5828125 0.2463768115942029 0.021875
0 0.17391304347826086 0.959375 0.17391304347826086 0.028125
0 0.8985507246376812 0.8359375 0.2028985507246377 0.03125
0 0.36231884057971014 0.93125 0.2463768115942029 0.025
0 0.391304347826087 0.884375 0.10144927536231885 0.0140625
0 0.30434782608695654 0.8171875 0.3188405797101449 0.021875
0 0.7101449275362319 0.9234375 0.18840579710144928 0.0171875
0 0.8985507246376812 0.9984375 0.15942028985507245 0.0015625
0 0.18840579710144928 0.0703125 0.2463768115942029 0.0234375
0 0.7101449275362319 0.0296875 0.2028985507246377 0.015625
0 0.9130434782608695 0.2390625 0.15942028985507245 0.1484375
0 0.30434782608695654 0.71875 0.057971014492753624 0.0046875
0 0.927536231884058 0.7234375 0.057971014492753624 0.00625
0 0.4492753623188406 0.790625 0.10144927536231885 0.0109375
0 0.927536231884058 0.9171875 0.08695652173913043 0.0109375
0 0.21739130434782608 0.884375 0.08695652173913043 0.009375
0 0.8985507246376812 0.8765625 0.11594202898550725 0.0125
0 0.6956521739130435 0.9484375 0.10144927536231885 0.009375