0 0.45588235294117646 0.190625 0.27941176470588236 0.034375
0 0.39705882352941174 0.0484375 0.14705882352941177 0.0234375
0 0.8676470588235294 0.11875 0.17647058823529413 0.0296875
0 0.9117647058823529 0.70625 0.16176470588235295 0.0265625
0 0.8970588235294118 0.6109375 0.20588235294117646 0.0265625
0 0.29411764705882354 0.084375 0.11764705882352941 0.040625
0 0.6470588235294118 0.4078125 0.17647058823529413 0.0265625
0 0.4411764705882353 0.8 0.14705882352941177 0.0296875
0 0.6176470588235294 0.059375 0.10294117647058823 0.025
0 0.8382352941176471 0.3015625 0.25 0.0265625
0 0.38235294117647056 0.9546875 0.20588235294117646 0.021875