0 0.7421875 0.01171875 0.515625 0.0109375
0 0.765625 0.0203125 0.1875 0.009375
0 0.03125 0.09375 0.0625 0.021875
0 0.09375 0.0734375 0.171875 0.0140625
0 0.03125 0.2203125 0.0625 0.021875
0 0.921875 0.06875 0.15625 0.0140625
0 0.25 0.1734375 0.15625 0.009375
0 0.03125 0.2421875 0.046875 0.015625
0 0.875 0.3546875 0.1875 0.0171875
0 0.421875 0.2765625 0.1875 0.0125
0 0.09375 0.8796875 0.1875 0.0140625
0 0.9453125 0.72265625 0.109375 0.0171875
0 0.5 0.3234375 0.296875 0.01875
0 0.578125 0.428125 0.25 0.015625
0 0.640625 0.4484375 0.1875 0.0140625
0 0.9296875 0.52734375 0.140625 0.0140625
0 0.609375 0.3765625 0.234375 0.0109375
0 0.0625 0.325 0.125 0.009375
0 0.890625 0.975 0.1875 0.015625
0 0.03125 0.815625 0.046875 0.0125
0 0.03125 0.8375 0.046875 0.009375
0 0.765625 0.996875 0.09375 0.0046875