0 0.3269230769230769 0.1578125 0.6057692307692307 0.103125
0 0.49038461538461536 0.078125 0.22115384615384615 0.0328125
0 0.8269230769230769 0.4484375 0.2692307692307692 0.0671875
0 0.36538461538461536 0.3734375 0.15384615384615385 0.0296875
0 0.4326923076923077 0.584375 0.18269230769230768 0.0328125
0 0.7692307692307693 0.8875 0.1346153846153846 0.034375
0 0.25961538461538464 0.8875 0.1346153846153846 0.025
0 0.6730769230769231 0.8640625 0.1346153846153846 0.025
0 0.5865384615384616 0.90625 0.7307692307692307 0.1875
0 0.875 0.546875 0.2403846153846154 0.1171875
0 0.36538461538461536 0.534375 0.14423076923076922 0.0359375
0 0.5096153846153846 0.4625 0.9807692307692307 0.2859375
0 0.8173076923076923 0.05625 0.36538461538461536 0.1109375
0 0.3076923076923077 0.0484375 0.6057692307692307 0.096875
0 0.7788461538461539 0.7171875 0.3942307692307692 0.1359375
0 0.2692307692307692 0.671875 0.14423076923076922 0.0265625
0 0.22115384615384615 0.459375 0.125 0.0265625
0 0.08653846153846154 0.3515625 0.125 0.0328125
0 0.8076923076923077 0.375 0.3076923076923077 0.071875
0 0.625 0.5078125 0.11538461538461539 0.0296875
0 0.15384615384615385 0.8890625 0.2980769230769231 0.221875