0 0.746268656716418 0.571875 0.3283582089552239 0.025
0 0.05970149253731343 0.6734375 0.11940298507462686 0.0296875
0 0.6716417910447762 0.7984375 0.22388059701492538 0.025
0 0.8208955223880597 0.925 0.29850746268656714 0.0375
0 0.07462686567164178 0.9875 0.14925373134328357 0.025
0 0.5074626865671642 0.471875 0.417910447761194 0.028125
0 0.8283582089552238 0.16953125 0.34328358208955223 0.0859375
0 0.43283582089552236 0.3640625 0.208955223880597 0.0109375
0 0.373134328358209 0.7984375 0.23880597014925373 0.0234375
0 0.34328358208955223 0.6109375 0.23880597014925373 0.021875
0 0.7313432835820896 0.696875 0.208955223880597 0.025