0 0.7615384615384615 0.396875 0.47692307692307695 0.103125
0 0.24615384615384617 0.3359375 0.47692307692307695 0.05625
0 0.5307692307692308 0.11796875 0.9384615384615385 0.2234375
0 0.8153846153846154 0.25 0.16923076923076924 0.0171875
0 0.9 0.7328125 0.2 0.0375
0 0.8846153846153846 0.5234375 0.23076923076923078 0.04375
0 0.4307692307692308 0.196875 0.2923076923076923 0.034375
0 0.5538461538461539 0.75 0.2 0.025
0 0.6 0.8625 0.27692307692307694 0.0203125
0 0.8846153846153846 0.125 0.23076923076923078 0.025
0 0.3076923076923077 0.55 0.27692307692307694 0.0109375
0 0.18461538461538463 0.815625 0.36923076923076925 0.034375