0 0.2682926829268293 0.0828125 0.24390243902439024 0.0625
0 0.04878048780487805 0.334375 0.0975609756097561 0.0296875
0 0.21951219512195122 0.246875 0.2601626016260163 0.053125
0 0.5365853658536586 0.540625 0.13008130081300814 0.046875
0 0.23577235772357724 0.45625 0.21138211382113822 0.0390625
0 0.2926829268292683 0.60625 0.5853658536585366 0.215625
0 0.43089430894308944 0.625 0.17886178861788618 0.04375
0 0.21951219512195122 0.91875 0.17886178861788618 0.05
0 0.4878048780487805 0.978125 0.14634146341463414 0.0421875
0 0.032520325203252036 0.984375 0.06504065040650407 0.0296875
0 0.25203252032520324 0.9609375 0.5040650406504065 0.0765625