0 0.44761904761904764 0.4234375 0.8952380952380953 0.2578125
0 0.7904761904761904 0.228125 0.34285714285714286 0.0703125
0 0.8380952380952381 0.159375 0.2857142857142857 0.05625
0 0.1523809523809524 0.7859375 0.2571428571428571 0.046875
0 0.819047619047619 0.7578125 0.3619047619047619 0.065625
0 0.3142857142857143 0.625 0.10476190476190476 0.021875
0 0.22857142857142856 0.628125 0.45714285714285713 0.0890625
0 0.05714285714285714 0.590625 0.11428571428571428 0.0765625
0 0.05714285714285714 0.265625 0.11428571428571428 0.1
0 0.7285714285714285 0.878125 0.5428571428571428 0.109375
0 0.19047619047619047 0.8359375 0.38095238095238093 0.0578125
0 0.6190476190476191 0.95625 0.3523809523809524 0.0625
0 0.5619047619047619 0.7 0.2857142857142857 0.053125
0 0.5 0.99140625 1 0.0140625