0 0.058823529411764705 0.5328125 0.10294117647058823 0.1203125
0 0.14705882352941177 0.621875 0.27941176470588236 0.0421875
0 0.35294117647058826 0.815625 0.27941176470588236 0.034375
0 0.14705882352941177 0.13125 0.27941176470588236 0.0359375
0 0.16176470588235295 0.2484375 0.3235294117647059 0.0453125
0 0.058823529411764705 0.2046875 0.11764705882352941 0.0265625
0 0.6470588235294118 0.0875 0.20588235294117646 0.025
0 0.45588235294117646 0.753125 0.16176470588235295 0.0125
0 0.23529411764705882 0.353125 0.17647058823529413 0.021875
0 0.39705882352941174 0.0015625 0.17647058823529413 0.003125
0 0.7647058823529411 0.05 0.36764705882352944 0.025
0 0.35294117647058826 0.5640625 0.08823529411764706 0.0203125
0 0.5 0.628125 0.17647058823529413 0.0328125
0 0.25 0.89375 0.1323529411764706 0.0203125