0 0.04878048780487805 0.0625 0.0975609756097561 0.0375
0 0.3252032520325203 0.103125 0.16260162601626016 0.034375
0 0.43089430894308944 0.1140625 0.8617886178861789 0.2265625
0 0.7723577235772358 0.221875 0.2601626016260163 0.059375
0 0.2682926829268293 0.3734375 0.3333333333333333 0.0640625
0 0.07317073170731707 0.321875 0.13821138211382114 0.0453125
0 0.13008130081300814 0.403125 0.16260162601626016 0.0359375
0 0.7073170731707317 0.3484375 0.21951219512195122 0.05
0 0.991869918699187 0.3203125 0.016260162601626018 0.028125
0 0.7804878048780488 0.334375 0.43902439024390244 0.11875
0 0.34146341463414637 0.415625 0.6747967479674797 0.321875
0 0.5447154471544715 0.4421875 0.13821138211382114 0.0515625
0 0.3983739837398374 0.534375 0.23577235772357724 0.0375
0 0.21951219512195122 0.4859375 0.12195121951219512 0.0390625
0 0.07317073170731707 0.5421875 0.14634146341463414 0.05
0 0.23577235772357724 0.63125 0.23577235772357724 0.0453125
0 0.36585365853658536 0.6625 0.7235772357723578 0.1796875
0 0.6504065040650406 0.7328125 0.3252032520325203 0.0640625
0 0.43089430894308944 0.7953125 0.2601626016260163 0.053125
0 0.13008130081300814 0.7484375 0.24390243902439024 0.0625
0 0.926829268292683 0.5796875 0.13821138211382114 0.20625
0 0.42276422764227645 0.8671875 0.13821138211382114 0.034375
0 0.3089430894308943 0.9828125 0.25203252032520324 0.0328125
0 0.7154471544715447 0.98125 0.16260162601626016 0.0328125
0 0.975609756097561 0.953125 0.04878048780487805 0.05625
0 0.9349593495934959 0.940625 0.13008130081300814 0.11875
0 0.4146341463414634 0.9578125 0.8292682926829268 0.0828125