0 0.5 0.046875 1 0.0921875
0 0.07692307692307693 0.0828125 0.15384615384615385 0.159375
0 0.33653846153846156 0.0296875 0.14423076923076922 0.0265625
0 0.7403846153846154 0.0296875 0.15384615384615385 0.034375
0 0.057692307692307696 0.578125 0.10576923076923077 0.04375
0 0.9903846153846154 0.6234375 0.019230769230769232 0.0421875
0 0.057692307692307696 0.71875 0.11538461538461539 0.0328125
0 0.4807692307692308 0.64375 0.9519230769230769 0.6953125
0 0.038461538461538464 0.91875 0.07692307692307693 0.078125
0 0.22115384615384615 0.371875 0.2980769230769231 0.0609375
0 0.25961538461538464 0.8046875 0.125 0.025
0 0.2403846153846154 0.6828125 0.15384615384615385 0.0359375
0 0.5 0.540625 0.15384615384615385 0.0328125
0 0.0673076923076923 0.646875 0.125 0.0375
0 0.47115384615384615 0.953125 0.625 0.09375
0 0.75 0.859375 0.3269230769230769 0.05625