0 0.7945205479452054 0.0609375 0.1232876712328767 0.0171875
0 0.9041095890410958 0.025 0.136986301369863 0.0171875
0 0.2191780821917808 0.0546875 0.4383561643835616 0.1078125
0 0.9041095890410958 0.1890625 0.1917808219178082 0.0390625
0 0.3013698630136986 0.165625 0.1780821917808219 0.021875
0 0.3972602739726027 0.2828125 0.136986301369863 0.015625
0 0.7123287671232876 0.4171875 0.2328767123287671 0.04375
0 0.9657534246575342 0.6546875 0.0684931506849315 0.025
0 0.726027397260274 0.7578125 0.2602739726027397 0.05
0 0.0273972602739726 0.6078125 0.0547945205479452 0.0421875
0 0.684931506849315 0.5359375 0.0958904109589041 0.01875
0 0.4931506849315068 0.565625 0.2054794520547945 0.0265625
0 0.9178082191780822 0.9515625 0.1643835616438356 0.0375
0 0.6712328767123288 0.85625 0.3972602739726027 0.03125