0 0.26153846153846155 0.896875 0.27692307692307694 0.0484375
0 0.06153846153846154 0.2 0.12307692307692308 0.025
0 0.4307692307692308 0.6484375 0.6307692307692307 0.075
0 0.8615384615384616 0.3859375 0.27692307692307694 0.0625
0 0.23076923076923078 0.425 0.15384615384615385 0.05
0 0.27692307692307694 0.5609375 0.5538461538461539 0.053125
0 0.38461538461538464 0.1296875 0.23076923076923078 0.0125
0 0.1076923076923077 0.01875 0.2 0.021875
0 0.06153846153846154 0.8125 0.12307692307692308 0.028125
0 0.5538461538461539 0.159375 0.2923076923076923 0.0296875
0 0.5538461538461539 0.1953125 0.2153846153846154 0.01875
0 0.7846153846153846 0.4390625 0.3230769230769231 0.0203125
0 0.5846153846153846 0.8859375 0.2923076923076923 0.0296875
0 0.09230769230769231 0.7296875 0.16923076923076924 0.028125
0 0.06153846153846154 0.7734375 0.1076923076923077 0.0265625
0 0.8153846153846154 0.2734375 0.2153846153846154 0.0125