0 0.7884615384615384 0.303125 0.3942307692307692 0.06875
0 0.5576923076923077 0.2359375 0.28846153846153844 0.0578125
0 0.4423076923076923 0.15 0.23076923076923078 0.053125
0 0.9230769230769231 0.4953125 0.15384615384615385 0.028125
0 0.7884615384615384 0.7703125 0.2980769230769231 0.0578125
0 0.40384615384615385 0.7125 0.14423076923076922 0.028125
0 0.7019230769230769 0.6625 0.1346153846153846 0.0234375
0 0.9615384615384616 0.5609375 0.07692307692307693 0.025
0 0.4326923076923077 0.309375 0.25961538461538464 0.1078125
0 0.7019230769230769 0.05625 0.5961538461538461 0.1125
0 0.8942307692307693 0.1015625 0.21153846153846154 0.125
0 0.6346153846153846 0.559375 0.7307692307692307 0.3390625
0 0.6634615384615384 0.4625 0.25961538461538464 0.0796875
0 0.6153846153846154 0.8921875 0.7692307692307693 0.215625