0 0.3904761904761905 0.0578125 0.29523809523809524 0.0546875
0 0.6571428571428571 0.2703125 0.29523809523809524 0.0515625
0 0.5523809523809524 0.1421875 0.08571428571428572 0.0171875
0 0.17142857142857143 0.2390625 0.1619047619047619 0.03125
0 0.7619047619047619 0.4234375 0.10476190476190476 0.0234375
0 0.13333333333333333 0.384375 0.08571428571428572 0.01875
0 0.02857142857142857 0.5953125 0.047619047619047616 0.021875
0 0.5238095238095238 0.3578125 0.11428571428571428 0.0234375
0 0.0761904761904762 0.7140625 0.1523809523809524 0.1453125
0 0.05714285714285714 0.9984375 0.11428571428571428 0.003125
0 0.24761904761904763 0.946875 0.17142857142857143 0.0359375