0 0.959349593495935 0.0828125 0.08130081300813008 0.0515625
0 0.8414634146341463 0.26328125 0.3170731707317073 0.5265625
0 0.4878048780487805 0.0875 0.45528455284552843 0.13125
0 0.6585365853658537 0.003125 0.6504065040650406 0.00625
0 0.9471544715447154 0.0140625 0.10569105691056911 0.028125
0 0.9878048780487805 0.2953125 0.024390243902439025 0.053125
0 0.44715447154471544 0.340625 0.3008130081300813 0.115625
0 0.37398373983739835 0.2046875 0.2926829268292683 0.0734375
0 0.8739837398373984 0.290625 0.25203252032520324 0.21875
0 0.967479674796748 0.940625 0.06504065040650407 0.0390625
0 0.3983739837398374 0.9765625 0.18699186991869918 0.034375
0 0.9146341463414634 0.98203125 0.17073170731707318 0.0328125
0 0.6260162601626016 0.871875 0.37398373983739835 0.0765625
0 0.4959349593495935 0.634375 0.22764227642276422 0.0421875
0 0.5284552845528455 0.778125 0.6504065040650406 0.090625
0 0.45528455284552843 0.9859375 0.5934959349593496 0.0265625
0 0.8211382113821138 0.9125 0.35772357723577236 0.090625