0 0.6057692307692307 0.0375 0.7884615384615384 0.075
0 0.9134615384615384 0.1671875 0.17307692307692307 0.0421875
0 0.6730769230769231 0.228125 0.33653846153846156 0.059375
0 0.9951923076923077 0.58515625 0.009615384615384616 0.0359375
0 0.25 0.725 0.2692307692307692 0.0484375
0 0.5288461538461539 0.6421875 0.20192307692307693 0.05
0 0.4519230769230769 0.665625 0.8942307692307693 0.4734375
0 0.4230769230769231 0.79375 0.18269230769230768 0.0421875
0 0.028846153846153848 0.7578125 0.057692307692307696 0.0296875
0 0.9807692307692307 0.9390625 0.038461538461538464 0.071875
0 0.0673076923076923 0.9265625 0.10576923076923077 0.03125
0 0.9230769230769231 0.6828125 0.15384615384615385 0.1203125