0 0.16666666666666666 0.0765625 0.32407407407407407 0.153125
0 0.5555555555555556 0.096875 0.2037037037037037 0.040625
0 0.8842592592592593 0.0359375 0.23148148148148148 0.071875
0 0.06481481481481481 0.2484375 0.12037037037037036 0.0515625
0 0.8055555555555556 0.2703125 0.24074074074074073 0.046875
0 0.19444444444444445 0.3984375 0.12962962962962962 0.03125
0 0.1111111111111111 0.43125 0.2222222222222222 0.0609375
0 0.7685185185185185 0.359375 0.1111111111111111 0.0265625
0 0.48148148148148145 0.4375 0.25 0.04375
0 0.8055555555555556 0.4609375 0.17592592592592593 0.034375
0 0.8981481481481481 0.4109375 0.12037037037037036 0.0546875
0 0.4166666666666667 0.5609375 0.17592592592592593 0.034375
0 0.5648148148148148 0.5109375 0.1574074074074074 0.0265625
0 0.8703703703703703 0.5515625 0.16666666666666666 0.0515625
0 0.19444444444444445 0.503125 0.2962962962962963 0.0796875
0 0.009259259259259259 0.3125 0.018518518518518517 0.0390625
0 0.24074074074074073 0.6515625 0.28703703703703703 0.0453125
0 0.027777777777777776 0.6765625 0.05555555555555555 0.03125
0 0.5648148148148148 0.7296875 0.7870370370370371 0.1984375
0 0.009259259259259259 0.7953125 0.009259259259259259 0.0578125
0 0.037037037037037035 0.7109375 0.07407407407407407 0.025
0 0.09259259259259259 0.8859375 0.17592592592592593 0.053125
0 0.3148148148148148 0.8390625 0.25 0.0453125
0 0.19444444444444445 0.9734375 0.2222222222222222 0.0515625
0 0.7314814814814815 0.8859375 0.37962962962962965 0.1546875
0 0.46296296296296297 0.996875 0.17592592592592593 0.0046875