0 0.09259259259259259 0.0015625 0.08333333333333333 0.003125
0 0.12962962962962962 0.0140625 0.07407407407407407 0.0203125
0 0.5092592592592593 0.01875 0.25 0.0359375
0 0.12037037037037036 0.1328125 0.23148148148148148 0.0359375
0 0.08333333333333333 0.278125 0.16666666666666666 0.0796875
0 0.037037037037037035 0.3484375 0.07407407407407407 0.040625
0 0.3888888888888889 0.2875 0.17592592592592593 0.05
0 0.3148148148148148 0.3828125 0.14814814814814814 0.0578125
0 0.06481481481481481 0.509375 0.12037037037037036 0.025
0 0.2777777777777778 0.525 0.07407407407407407 0.015625
0 0.4444444444444444 0.5390625 0.1111111111111111 0.0171875
0 0.21296296296296297 0.5890625 0.12037037037037036 0.0234375
0 0.16666666666666666 0.6265625 0.06481481481481481 0.0140625
0 0.3148148148148148 0.646875 0.08333333333333333 0.0171875
0 0.46296296296296297 0.65625 0.16666666666666666 0.021875
0 0.1388888888888889 0.6765625 0.2777777777777778 0.0484375
0 0.06481481481481481 0.71875 0.12962962962962962 0.0234375
0 0.07407407407407407 0.7765625 0.14814814814814814 0.046875
0 0.4537037037037037 0.746875 0.12962962962962962 0.0296875
0 0.2777777777777778 0.7703125 0.16666666666666666 0.0265625
0 0.1111111111111111 0.9140625 0.12962962962962962 0.0171875
0 0.4537037037037037 0.9796875 0.2222222222222222 0.0390625