0 0.045871559633027525 0.0359375 0.08256880733944955 0.028125
0 0.5963302752293578 0.2203125 0.14678899082568808 0.046875
0 0.9862385321100917 0.259375 0.027522935779816515 0.0375
0 0.5412844036697247 0.1671875 0.13761467889908258 0.0296875
0 0.5596330275229358 0.2171875 0.7339449541284404 0.16875
0 0.8256880733944955 0.609375 0.3486238532110092 0.140625
0 0.12844036697247707 0.428125 0.25688073394495414 0.04375
0 0.22935779816513763 0.3546875 0.11009174311926606 0.01875
0 0.29357798165137616 0.3765625 0.08256880733944955 0.015625
0 0.3944954128440367 0.3484375 0.12844036697247707 0.0203125
0 0.8348623853211009 0.3546875 0.12844036697247707 0.0171875
0 0.9220183486238532 0.38984375 0.1559633027522936 0.0796875
0 0.03669724770642202 0.3234375 0.07339449541284404 0.0453125
0 0.24770642201834864 0.0515625 0.1834862385321101 0.046875
0 0.5412844036697247 0.04375 0.25688073394495414 0.053125
0 0.1651376146788991 0.6140625 0.1926605504587156 0.0375
0 0.6788990825688074 0.49375 0.21100917431192662 0.0421875
0 0.9174311926605505 0.5140625 0.10091743119266056 0.0234375
0 0.6880733944954128 0.5265625 0.10091743119266056 0.01875
0 0.1651376146788991 0.5703125 0.1559633027522936 0.0296875
0 0.06422018348623854 0.515625 0.12844036697247707 0.059375
0 0.3761467889908257 0.4609375 0.1559633027522936 0.03125
0 0.22018348623853212 0.6734375 0.21100917431192662 0.03125
0 0.42201834862385323 0.6375 0.11926605504587157 0.028125
0 0.009174311926605505 0.76875 0.009174311926605505 0.0359375
0 0.14678899082568808 0.80625 0.13761467889908258 0.03125
0 0.3853211009174312 0.7234375 0.1926605504587156 0.040625
0 0.45871559633027525 0.85625 0.22018348623853212 0.04375
0 0.9495412844036697 0.7328125 0.10091743119266056 0.090625
0 0.6788990825688074 0.759375 0.3302752293577982 0.0609375
0 0.9357798165137615 0.903125 0.12844036697247707 0.075
0 0.01834862385321101 0.9390625 0.03669724770642202 0.1203125
0 0.7247706422018348 0.840625 0.1651376146788991 0.028125
0 0.7889908256880734 0.9609375 0.1651376146788991 0.040625
0 0.5963302752293578 0.90625 0.1743119266055046 0.034375
0 0.3486238532110092 0.978125 0.2018348623853211 0.0390625
0 0.3211009174311927 0.9046875 0.13761467889908258 0.0265625
0 0.26605504587155965 0.9375 0.11926605504587157 0.025