0 0.28 0.0140625 0.12 0.0203125
0 0.26666666666666666 0.159375 0.26666666666666666 0.0296875
0 0.7466666666666667 0.484375 0.10666666666666667 0.01875
0 0.8533333333333334 0.4875 0.10666666666666667 0.01875
0 0.52 0.803125 0.10666666666666667 0.0125
0 0.5866666666666667 0.984375 0.06666666666666667 0.0125
0 0.05333333333333334 0.259375 0.09333333333333334 0.0078125
0 0.6133333333333333 0.5109375 0.06666666666666667 0.0125
0 0.04 0.8625 0.06666666666666667 0.0171875
0 0.04 0.884375 0.08 0.0125
0 0.25333333333333335 0.9734375 0.12 0.0125
0 0.06666666666666667 0.840625 0.10666666666666667 0.0171875