0 0.43902439024390244 0.0046875 0.12195121951219512 0.009375
0 0.17073170731707318 0.0109375 0.16260162601626016 0.021875
0 0.2601626016260163 0.084375 0.15447154471544716 0.0390625
0 0.04065040650406504 0.2828125 0.08130081300813008 0.0515625
0 0.11382113821138211 0.2109375 0.21138211382113822 0.05625
0 0.2682926829268293 0.4375 0.2032520325203252 0.0453125
0 0.008130081300813009 0.3484375 0.016260162601626018 0.0359375
0 0.08130081300813008 0.3921875 0.11382113821138211 0.025
0 0.45528455284552843 0.5609375 0.13821138211382114 0.04375
0 0.13821138211382114 0.590625 0.2682926829268293 0.071875
0 0.34959349593495936 0.61875 0.2601626016260163 0.0609375
0 0.21951219512195122 0.478125 0.43089430894308944 0.2640625
0 0.2601626016260163 0.146875 0.5203252032520326 0.29375
0 0.3089430894308943 0.790625 0.4146341463414634 0.2375
0 0.2601626016260163 0.9015625 0.5203252032520326 0.1953125