0 0.4666666666666667 0.453125 0.9238095238095239 0.284375
0 0.8095238095238095 0.2390625 0.38095238095238093 0.0765625
0 0.8523809523809524 0.1625 0.29523809523809524 0.0625
0 0.12380952380952381 0.8515625 0.23809523809523808 0.0515625
0 0.819047619047619 0.821875 0.3619047619047619 0.071875
0 0.2857142857142857 0.6734375 0.11428571428571428 0.0234375
0 0.21904761904761905 0.678125 0.4380952380952381 0.0984375
0 0.0380952380952381 0.6375 0.06666666666666667 0.084375
0 0.0380952380952381 0.2796875 0.06666666666666667 0.1109375
0 0.719047619047619 0.946875 0.5619047619047619 0.10625
0 0.18095238095238095 0.90625 0.3619047619047619 0.0640625
0 0.5619047619047619 0.75625 0.3142857142857143 0.059375