0 0.08181818181818182 0.075 0.16363636363636364 0.0296875
0 0.3 0.046875 0.1 0.0296875
0 0.4818181818181818 0.025 0.11818181818181818 0.0375
0 0.6909090909090909 0.025 0.09090909090909091 0.025
0 0.6636363636363637 0.09375 0.14545454545454545 0.0375
0 0.9545454545454546 0.1 0.09090909090909091 0.0359375
0 0.8363636363636363 0.15 0.15454545454545454 0.028125
0 0.9863636363636363 0.14375 0.02727272727272727 0.025
0 0.5636363636363636 0.253125 0.20909090909090908 0.040625
0 0.6454545454545455 0.2203125 0.2 0.040625
0 0.8272727272727273 0.2453125 0.11818181818181818 0.025
0 0.2636363636363636 0.2203125 0.14545454545454545 0.03125
0 0.3090909090909091 0.096875 0.15454545454545454 0.025
0 0.09090909090909091 0.14375 0.10909090909090909 0.025
0 0.4727272727272727 0.171875 0.2545454545454545 0.0375
0 0.8454545454545455 0.3578125 0.3 0.04375
0 0.33636363636363636 0.4296875 0.3090909090909091 0.0515625
0 0.8363636363636363 0.4609375 0.17272727272727273 0.0375
0 0.045454545454545456 0.7234375 0.09090909090909091 0.0546875
0 0.4636363636363636 0.6796875 0.22727272727272727 0.034375
0 0.6 0.834375 0.11818181818181818 0.025
0 0.8818181818181818 0.8484375 0.2 0.034375