0 0.5288461538461539 0.078125 0.21153846153846154 0.03125
0 0.9423076923076923 0.1265625 0.11538461538461539 0.0515625
0 0.9615384615384616 0.2390625 0.07692307692307693 0.0359375
0 0.028846153846153848 0.2671875 0.057692307692307696 0.0296875
0 0.46153846153846156 0.409375 0.3942307692307692 0.0703125
0 0.07692307692307693 0.225 0.14423076923076922 0.1265625
0 0.09615384615384616 0.1515625 0.19230769230769232 0.065625
0 0.8365384615384616 0.0578125 0.17307692307692307 0.0328125
0 0.47115384615384615 0.0203125 0.2980769230769231 0.0390625
0 0.11538461538461539 0.428125 0.22115384615384615 0.0578125
0 0.9615384615384616 0.3 0.07692307692307693 0.0296875
0 0.6826923076923077 0.321875 0.27884615384615385 0.0546875
0 0.9038461538461539 0.625 0.19230769230769232 0.06875
0 0.5673076923076923 0.875 0.8653846153846154 0.2484375
0 0.33653846153846156 0.44375 0.6730769230769231 0.2515625
0 0.09615384615384616 0.6421875 0.18269230769230768 0.0734375