0 0.05504587155963303 0.1828125 0.11009174311926606 0.03125
0 0.12844036697247707 0.1125 0.24770642201834864 0.0421875
0 0.027522935779816515 0.3328125 0.05504587155963303 0.021875
0 0.1651376146788991 0.209375 0.1834862385321101 0.0421875
0 0.3669724770642202 0.228125 0.11009174311926606 0.03125
0 0.6513761467889908 0.2046875 0.12844036697247707 0.021875
0 0.1743119266055046 0.4203125 0.13761467889908258 0.025
0 0.6330275229357798 0.29375 0.30275229357798167 0.1328125
0 0.5045871559633027 0.565625 0.5137614678899083 0.2
0 0.027522935779816515 0.5625 0.05504587155963303 0.04375
0 0.22018348623853212 0.8515625 0.1651376146788991 0.0234375
0 0.6697247706422018 0.825 0.12844036697247707 0.025
0 0.3394495412844037 0.8953125 0.27522935779816515 0.0390625
0 0.03669724770642202 0.859375 0.06422018348623854 0.0265625
0 0.6788990825688074 0.70625 0.1651376146788991 0.071875
0 0.43119266055045874 0.7921875 0.1834862385321101 0.05625
0 0.6238532110091743 0.9359375 0.1926605504587156 0.075