0 0.3008130081300813 0.0921875 0.22764227642276422 0.0578125
0 0.07317073170731707 0.3234375 0.14634146341463414 0.028125
0 0.25203252032520324 0.24375 0.24390243902439024 0.05
0 0.008130081300813009 0.3375 0.008130081300813009 0.115625
0 0.5528455284552846 0.515625 0.12195121951219512 0.04375
0 0.2682926829268293 0.4375 0.1951219512195122 0.0359375
0 0.3008130081300813 0.5765625 0.5934959349593496 0.2
0 0.45528455284552843 0.59375 0.16260162601626016 0.040625
0 0.25203252032520324 0.865625 0.16260162601626016 0.046875
0 0.43902439024390244 0.9921875 0.12195121951219512 0.015625
0 0.5040650406504065 0.9265625 0.13821138211382114 0.0515625
0 0.17073170731707318 0.9890625 0.16260162601626016 0.021875
0 0.056910569105691054 0.9390625 0.11382113821138211 0.0546875
0 0.2601626016260163 0.934375 0.5203252032520326 0.1296875