0 0.32857142857142857 0.0546875 0.2 0.0296875
0 0.35714285714285715 0.371875 0.4142857142857143 0.05
0 0.07142857142857142 0.3671875 0.14285714285714285 0.03125
0 0.6285714285714286 0.21875 0.15714285714285714 0.034375
0 0.8 0.9890625 0.24285714285714285 0.021875
0 0.5142857142857142 0.8765625 0.32857142857142857 0.03125
0 0.2714285714285714 0.8796875 0.32857142857142857 0.0203125
0 0.11428571428571428 0.6734375 0.22857142857142856 0.021875
0 0.12857142857142856 0.503125 0.2 0.0265625
0 0.9 0.6828125 0.2 0.028125
0 0.7714285714285715 0.2453125 0.22857142857142856 0.028125