0 0.3944954128440367 0.215625 0.29357798165137616 0.0453125
0 0.8119266055045872 0.25078125 0.3761467889908257 0.0578125
0 0.12844036697247707 0.40625 0.12844036697247707 0.0359375
0 0.47706422018348627 0.4546875 0.1834862385321101 0.0328125
0 0.03669724770642202 0.5328125 0.06422018348623854 0.04375
0 0.6972477064220184 0.509375 0.14678899082568808 0.0203125
0 0.5229357798165137 0.5328125 0.1559633027522936 0.028125
0 0.4954128440366973 0.7328125 0.2018348623853211 0.0296875
0 0.09174311926605505 0.7203125 0.1743119266055046 0.03125
0 0.009174311926605505 0.6875 0.01834862385321101 0.0296875
0 0.10091743119266056 0.8546875 0.2018348623853211 0.0375
0 0.11009174311926606 0.971875 0.22018348623853212 0.0546875