0 0.5339805825242718 0.0015625 0.6796116504854369 0.0015625
0 0.5533980582524272 0.1984375 0.30097087378640774 0.059375
0 0.7184466019417476 0.66875 0.5631067961165048 0.0953125
0 0.8932038834951457 0.25625 0.17475728155339806 0.028125
0 0.32038834951456313 0.134375 0.18446601941747573 0.0390625
0 0.32038834951456313 0.5046875 0.30097087378640774 0.03125
0 0.1650485436893204 0.5921875 0.21359223300970873 0.0390625
0 0.18446601941747573 0.871875 0.3592233009708738 0.13125
0 0.07766990291262135 0.75625 0.14563106796116504 0.0796875
0 0.3106796116504854 0.3296875 0.3300970873786408 0.053125
0 0.6262135922330098 0.9609375 0.7475728155339806 0.078125
0 0.009708737864077669 0.265625 0.009708737864077669 0.040625
0 0.13592233009708737 0.1015625 0.2621359223300971 0.1109375
0 0.9029126213592233 0.44375 0.13592233009708737 0.0234375
0 0.6310679611650486 0.440625 0.07766990291262135 0.0171875
0 0.883495145631068 0.4140625 0.10679611650485436 0.0171875