0 0.12195121951219512 0.0625 0.1951219512195122 0.0453125
0 0.1951219512195122 0.1140625 0.15447154471544716 0.03125
0 0.22764227642276422 0.1875 0.11382113821138211 0.0296875
0 0.8699186991869918 0.1640625 0.2032520325203252 0.0375
0 0.4715447154471545 0.109375 0.25203252032520324 0.0734375
0 0.5 0.16484375 1 0.3296875
0 0.2682926829268293 0.365625 0.22764227642276422 0.04375
0 0.983739837398374 0.234375 0.032520325203252036 0.2578125
0 0.9024390243902439 0.35625 0.17886178861788618 0.040625
0 0.45528455284552843 0.4921875 0.2032520325203252 0.0421875
0 0.9390243902439024 0.49140625 0.12195121951219512 0.0390625
0 0.4146341463414634 0.4109375 0.15447154471544716 0.0296875
0 0.4146341463414634 0.6140625 0.24390243902439024 0.0484375
0 0.8292682926829268 0.6109375 0.34146341463414637 0.0921875
0 0.9959349593495935 0.76875 0.008130081300813009 0.04375
0 0.08943089430894309 0.875 0.17886178861788618 0.1578125
0 0.4634146341463415 0.7140625 0.23577235772357724 0.0671875
0 0.24390243902439024 0.653125 0.4878048780487805 0.1375
0 0.18699186991869918 0.9890625 0.17073170731707318 0.021875
0 0.43089430894308944 0.9765625 0.8617886178861789 0.0453125