0 0.019230769230769232 0.1734375 0.038461538461538464 0.06875
0 0.1346153846153846 0.3578125 0.14423076923076922 0.0296875
0 0.4807692307692308 0.1171875 0.15384615384615385 0.0421875
0 0.028846153846153848 0.409375 0.04807692307692308 0.075
0 0.4230769230769231 0.3859375 0.28846153846153844 0.246875
0 0.22115384615384615 0.5859375 0.4423076923076923 0.090625
0 0.0673076923076923 0.78125 0.125 0.03125
0 0.2403846153846154 0.9109375 0.4807692307692308 0.1765625
0 0.1346153846153846 0.4984375 0.20192307692307693 0.0421875
0 0.25 0.996875 0.15384615384615385 0.00625
0 0.36538461538461536 0.903125 0.17307692307692307 0.0671875