0 0.6747967479674797 0.1890625 0.6504065040650406 0.378125
0 0.6504065040650406 0.146875 0.2845528455284553 0.071875
0 0.37398373983739835 0.14375 0.24390243902439024 0.0546875
0 0.5609756097560976 0.003125 0.23577235772357724 0.00625
0 0.07317073170731707 0.0125 0.13821138211382114 0.025
0 0.04065040650406504 0.0453125 0.07317073170731707 0.046875
0 0.3089430894308943 0.2875 0.1951219512195122 0.0765625
0 0.07317073170731707 0.2234375 0.13821138211382114 0.05625
0 0.07317073170731707 0.1078125 0.13821138211382114 0.0515625
0 0.6585365853658537 0.2890625 0.37398373983739835 0.0921875
0 0.14634146341463414 0.4375 0.2926829268292683 0.10625
0 0.5609756097560976 0.484375 0.25203252032520324 0.0484375
0 0.7886178861788617 0.4296875 0.3089430894308943 0.0484375
0 0.8943089430894309 0.515625 0.21138211382113822 0.053125
0 0.2032520325203252 0.665625 0.3983739837398374 0.1375
0 0.9227642276422764 0.70390625 0.15447154471544716 0.0578125
0 0.9634146341463414 0.76796875 0.07317073170731707 0.0359375
0 0.22764227642276422 0.8171875 0.16260162601626016 0.0328125
0 0.24390243902439024 0.84375 0.4878048780487805 0.1703125
0 0.6585365853658537 0.984375 0.4065040650406504 0.0296875
0 0.991869918699187 0.8890625 0.016260162601626018 0.0609375
0 0.5 0.946875 1 0.10625
0 0.16260162601626016 0.965625 0.3252032520325203 0.06875