0 0.9236111111111112 0.06171875 0.1527777777777778 0.0296875
0 0.4722222222222222 0.2921875 0.3472222222222222 0.028125
0 0.5416666666666666 0.5203125 0.4027777777777778 0.0296875
0 0.9652777777777778 0.22734375 0.06944444444444445 0.0421875
0 0.6666666666666666 0.2140625 0.3194444444444444 0.028125
0 0.8472222222222222 0.3453125 0.2638888888888889 0.0265625
0 0.4444444444444444 0.80625 0.6666666666666666 0.09375
0 0.8958333333333334 0.85 0.20833333333333334 0.0375
0 0.8055555555555556 0.603125 0.2222222222222222 0.0296875
0 0.7361111111111112 0.4140625 0.2361111111111111 0.0125
0 0.2638888888888889 0.540625 0.18055555555555555 0.0171875
0 0.4444444444444444 0.8953125 0.2638888888888889 0.0203125
0 0.3472222222222222 0.93125 0.16666666666666666 0.0171875
0 0.9791666666666666 0.678125 0.041666666666666664 0.0125
0 0.5 0.675 0.09722222222222222 0.009375
0 0.8194444444444444 0.696875 0.16666666666666666 0.009375
0 0.375 0.0953125 0.1388888888888889 0.0125
0 0.3611111111111111 0.125 0.1111111111111111 0.0125
0 0.2638888888888889 0.1953125 0.1111111111111111 0.0171875
0 0.4444444444444444 0.2609375 0.19444444444444445 0.015625
0 0.7638888888888888 0.128125 0.1111111111111111 0.015625
0 0.7916666666666666 0.1703125 0.1388888888888889 0.0125
0 0.8472222222222222 0.034375 0.1111111111111111 0.0125
0 0.9791666666666666 0.30859375 0.041666666666666664 0.0140625
0 0.8888888888888888 0.36875 0.19444444444444445 0.015625
0 0.875 0.2421875 0.19444444444444445 0.009375