0 0.8865979381443299 0.696875 0.2268041237113402 0.540625
0 0.4536082474226804 0.459375 0.24742268041237114 0.0421875
0 0.6701030927835051 0.9484375 0.1134020618556701 0.0234375
0 0.9175257731958762 0.928125 0.16494845360824742 0.0296875
0 0.4639175257731959 0.7359375 0.2268041237113402 0.0328125
0 0.4329896907216495 0.953125 0.14432989690721648 0.021875
0 0.8556701030927835 0.284375 0.17525773195876287 0.01875
0 0.5257731958762887 0.2078125 0.20618556701030927 0.0234375
0 0.44329896907216493 0.275 0.2268041237113402 0.0234375
0 0.44329896907216493 0.15 0.1134020618556701 0.01875
0 0.5876288659793815 0.1390625 0.10309278350515463 0.0140625
0 0.8350515463917526 0.1421875 0.08247422680412371 0.015625
0 0.29896907216494845 0.184375 0.09278350515463918 0.0140625
0 0.3402061855670103 0.2234375 0.17525773195876287 0.021875