0 0.25 0.096875 0.3125 0.0921875
0 0.7890625 0.14609375 0.421875 0.0515625
0 0.421875 0.4671875 0.234375 0.01875
0 0.546875 0.5375 0.21875 0.015625
0 0.7421875 0.19453125 0.515625 0.0453125
0 0.265625 0.2171875 0.34375 0.0625
0 0.703125 0.60625 0.1875 0.0234375
0 0.8359375 0.6625 0.328125 0.06875
0 0.125 0.7015625 0.078125 0.0265625
0 0.359375 0.7296875 0.234375 0.0234375
0 0.125 0.4359375 0.078125 0.040625
0 0.578125 0.75625 0.390625 0.025
0 0.65625 0.840625 0.484375 0.0390625
0 0.75 0.9453125 0.359375 0.025