0 0.16666666666666666 0.965625 0.08333333333333333 0.015625
0 0.020833333333333332 0.9734375 0.03125 0.0140625
0 0.2708333333333333 0.91875 0.0625 0.009375
0 0.28125 0.990625 0.052083333333333336 0.0140625
0 0.11458333333333333 0.8015625 0.11458333333333333 0.0125
0 0.041666666666666664 0.7421875 0.08333333333333333 0.0109375
0 0.1875 0.8171875 0.09375 0.0140625
0 0.2604166666666667 0.546875 0.4583333333333333 0.0453125
0 0.4583333333333333 0.3515625 0.3333333333333333 0.034375
0 0.19791666666666666 0.403125 0.13541666666666666 0.046875
0 0.03125 0.271875 0.0625 0.028125
0 0.21875 0.1640625 0.3229166666666667 0.0328125
0 0.08333333333333333 0.3171875 0.15625 0.01875
0 0.20833333333333334 0.515625 0.19791666666666666 0.0171875
0 0.3020833333333333 0.459375 0.13541666666666666 0.025
0 0.10416666666666667 0.35625 0.13541666666666666 0.0171875