0 0.21333333333333335 0.25 0.22666666666666666 0.025
0 0.24 0.6890625 0.29333333333333333 0.028125
0 0.5066666666666667 0.515625 0.21333333333333335 0.0234375
0 0.16 0.371875 0.14666666666666667 0.0109375
0 0.32 0.4515625 0.12 0.015625
0 0.3466666666666667 0.3875 0.08 0.009375
0 0.2 0.4921875 0.06666666666666667 0.0078125
0 0.24 0.465625 0.08 0.009375
0 0.013333333333333334 0.9171875 0.013333333333333334 0.00625
0 0.5733333333333334 0.2546875 0.17333333333333334 0.0203125
0 0.7066666666666667 0.3375 0.13333333333333333 0.0125
0 0.013333333333333334 0.7078125 0.02666666666666667 0.0203125
0 0.6666666666666666 0.79375 0.2 0.01875
0 0.3333333333333333 0.8984375 0.13333333333333333 0.0125