0 0.5 0.709375 1 0.5515625
0 0.8802083333333334 0.9109375 0.23958333333333334 0.14375
0 0.6666666666666666 0.80625 0.3125 0.0390625
0 0.96875 0.353125 0.0625 0.0390625
0 0.09375 0.4859375 0.17708333333333334 0.0296875
0 0.40625 0.175 0.1875 0.0203125
0 0.3125 0.2484375 0.19791666666666666 0.028125
0 0.1875 0.1640625 0.11458333333333333 0.021875
0 0.20833333333333334 0.05 0.14583333333333334 0.03125
0 0.53125 0.125 0.15625 0.025
0 0.75 0.0046875 0.11458333333333333 0.009375
0 0.40625 0.0078125 0.08333333333333333 0.009375
0 0.2708333333333333 0.08125 0.08333333333333333 0.009375
0 0.9947916666666666 0.003125 0.010416666666666666 0.00625