0 0.36764705882352944 0.2796875 0.27941176470588236 0.0328125
0 0.4117647058823529 0.0359375 0.22058823529411764 0.0265625
0 0.29411764705882354 0.0984375 0.14705882352941177 0.01875
0 0.25 0.5640625 0.3382352941176471 0.0390625
0 0.08823529411764706 0.4125 0.16176470588235295 0.0265625
0 0.25 0.35625 0.36764705882352944 0.021875
0 0.20588235294117646 0.6296875 0.16176470588235295 0.021875
0 0.8382352941176471 0.5703125 0.11764705882352941 0.0140625
0 0.1323529411764706 0.7578125 0.11764705882352941 0.0140625
0 0.8676470588235294 0.915625 0.14705882352941177 0.0171875
0 0.6764705882352942 0.0828125 0.16176470588235295 0.015625
0 0.6029411764705882 0.05 0.08823529411764706 0.0078125
0 0.7352941176470589 0.3765625 0.11764705882352941 0.0109375
0 0.45588235294117646 0.7484375 0.08823529411764706 0.0109375
0 0.5147058823529411 0.7984375 0.10294117647058823 0.0078125
0 0.8088235294117647 0.8765625 0.10294117647058823 0.0109375