0 0.38095238095238093 0.0703125 0.2857142857142857 0.053125
0 0.6476190476190476 0.278125 0.2857142857142857 0.05
0 0.5428571428571428 0.153125 0.08571428571428572 0.0171875
0 0.17142857142857143 0.2484375 0.1523809523809524 0.0296875
0 0.7428571428571429 0.4296875 0.10476190476190476 0.0234375
0 0.13333333333333333 0.390625 0.08571428571428572 0.01875
0 0.02857142857142857 0.596875 0.047619047619047616 0.021875
0 0.5142857142857142 0.3640625 0.11428571428571428 0.0234375
0 0.0761904761904762 0.7140625 0.14285714285714285 0.1421875
0 0.05714285714285714 0.9953125 0.11428571428571428 0.0078125
0 0.24761904761904763 0.94375 0.1619047619047619 0.0359375