0 0.5428571428571428 0.028125 0.06666666666666667 0.0203125
0 0.19047619047619047 0.0203125 0.1619047619047619 0.03125
0 0.7238095238095238 0.0734375 0.5428571428571428 0.146875
0 0.009523809523809525 0.15625 0.01904761904761905 0.0203125
0 0.2 0.196875 0.09523809523809523 0.021875
0 0.4 0.20625 0.11428571428571428 0.0203125
0 0.780952380952381 0.28125 0.14285714285714285 0.0234375
0 0.22857142857142856 0.2796875 0.2571428571428571 0.0421875
0 0.9428571428571428 0.253125 0.10476190476190476 0.0234375
0 0.2 0.3484375 0.0761904761904762 0.0171875
0 0.3333333333333333 0.2328125 0.0761904761904762 0.015625
0 0.3142857142857143 0.16875 0.08571428571428572 0.01875
0 0.5 0.7546875 1 0.490625
0 0.09523809523809523 0.8984375 0.1523809523809524 0.034375
0 0.5 0.9046875 1 0.190625
0 0.5428571428571428 0.95625 0.08571428571428572 0.01875
0 0.9333333333333333 0.99375 0.09523809523809523 0.0109375