0 0.0625 0.0125 0.109375 0.0109375
0 0.359375 0.046875 0.234375 0.0171875
0 0.75 0.3015625 0.21875 0.021875
0 0.25 0.15625 0.15625 0.009375
0 0.25 0.35 0.234375 0.0171875
0 0.6875 0.0515625 0.15625 0.0171875
0 0.328125 0.0078125 0.171875 0.009375
0 0.75 0.171875 0.203125 0.015625
0 0.25 0.1 0.21875 0.0125
0 0.578125 0.2265625 0.4375 0.0765625
0 0.078125 0.7234375 0.15625 0.0171875
0 0.171875 0.5859375 0.21875 0.01875
0 0.40625 0.6265625 0.171875 0.0140625
0 0.140625 0.49375 0.1875 0.015625
0 0.015625 0.528125 0.03125 0.0140625
0 0.578125 0.3875 0.234375 0.021875
0 0.296875 0.3 0.21875 0.0203125
0 0.109375 0.0578125 0.15625 0.0171875
0 0.609375 0.3578125 0.203125 0.0125
0 0.671875 0.571875 0.140625 0.009375
0 0.4375 0.9453125 0.1875 0.0140625