0 0.5523809523809524 0.1640625 0.1619047619047619 0.04375
0 0.7523809523809524 0.1734375 0.12380952380952381 0.0234375
0 0.5238095238095238 0.43125 0.18095238095238095 0.03125
0 0.9 0.4125 0.2 0.09375
0 0.9619047619047619 0.4953125 0.0761904761904762 0.1
0 0.37142857142857144 0.3328125 0.2571428571428571 0.0453125
0 0.3238095238095238 0.384375 0.20952380952380953 0.053125
0 0.45714285714285713 0.265625 0.2571428571428571 0.059375
0 0.9 0.25546875 0.2 0.0453125
0 0.7904761904761904 0.2984375 0.18095238095238095 0.0390625
0 0.37142857142857144 0.509375 0.1523809523809524 0.021875
0 0.3142857142857143 0.5421875 0.17142857142857143 0.0390625
0 0.7714285714285715 0.4953125 0.26666666666666666 0.05
0 0.45714285714285713 0.6859375 0.4380952380952381 0.0984375
0 0.13333333333333333 0.56875 0.2571428571428571 0.078125
0 0.14285714285714285 0.6546875 0.2761904761904762 0.109375
0 0.7904761904761904 0.6328125 0.22857142857142856 0.059375