0 0.16494845360824742 0.996875 0.12371134020618557 0.0046875
0 0.9072164948453608 0.453125 0.18556701030927836 0.0453125
0 0.030927835051546393 0.609375 0.05154639175257732 0.0296875
0 0.07216494845360824 0.6703125 0.14432989690721648 0.025
0 0.29896907216494845 0.6015625 0.1958762886597938 0.034375
0 0.6391752577319587 0.653125 0.17525773195876287 0.028125
0 0.8041237113402062 0.61875 0.20618556701030927 0.03125
0 0.9536082474226805 0.6921875 0.09278350515463918 0.0375
0 0.1958762886597938 0.471875 0.26804123711340205 0.034375
0 0.3402061855670103 0.5078125 0.16494845360824742 0.025
0 0.8762886597938144 0.39375 0.24742268041237114 0.0328125
0 0.9226804123711341 0.3578125 0.15463917525773196 0.03125
0 0.030927835051546393 0.5578125 0.061855670103092786 0.0203125
0 0.030927835051546393 0.6984375 0.061855670103092786 0.025
0 0.44329896907216493 0.8203125 0.18556701030927836 0.0453125
0 0.9742268041237113 0.00234375 0.05154639175257732 0.0046875
0 0.9587628865979382 0.2265625 0.08247422680412371 0.021875
0 0.7216494845360825 0.5578125 0.17525773195876287 0.03125