0 0.6146788990825688 0.0796875 0.7706422018348624 0.159375
0 0.7064220183486238 0.2203125 0.21100917431192662 0.040625
0 0.5688073394495413 0.3046875 0.1834862385321101 0.0359375
0 0.7798165137614679 0.265625 0.14678899082568808 0.0328125
0 0.9495412844036697 0.2578125 0.10091743119266056 0.053125
0 0.28440366972477066 0.2171875 0.22935779816513763 0.1109375
0 0.9403669724770642 0.4 0.11926605504587157 0.03125
0 0.7981651376146789 0.4203125 0.1834862385321101 0.034375
0 0.5779816513761468 0.5796875 0.1559633027522936 0.034375
0 0.45871559633027525 0.634375 0.22018348623853212 0.0625
0 0.9174311926605505 0.621875 0.1651376146788991 0.034375
0 0.8899082568807339 0.58125 0.1559633027522936 0.025
0 0.9495412844036697 0.54453125 0.10091743119266056 0.0296875
0 0.7706422018348624 0.503125 0.21100917431192662 0.0375
0 0.4036697247706422 0.5578125 0.22018348623853212 0.0453125
0 0.22935779816513763 0.4328125 0.1743119266055046 0.065625
0 0.2018348623853211 0.515625 0.13761467889908258 0.0546875
0 0.9174311926605505 0.321875 0.1651376146788991 0.0390625
0 0.5137614678899083 0.7671875 0.44954128440366975 0.1
0 0.9862385321100917 0.6953125 0.027522935779816515 0.03125
0 0.1559633027522936 0.8515625 0.12844036697247707 0.053125
0 0.1651376146788991 0.709375 0.11009174311926606 0.046875
0 0.908256880733945 0.8171875 0.1834862385321101 0.059375
0 0.3577981651376147 0.9890625 0.1834862385321101 0.0203125
0 0.1559633027522936 0.9625 0.1743119266055046 0.0328125
0 0.45871559633027525 0.9234375 0.1834862385321101 0.0296875