0 0.5 0.00625 1 0.0125
0 0.5480769230769231 0.146875 0.19230769230769232 0.028125
0 0.9326923076923077 0.190625 0.1346153846153846 0.046875
0 0.9519230769230769 0.29375 0.09615384615384616 0.0328125
0 0.057692307692307696 0.3203125 0.11538461538461539 0.028125
0 0.49038461538461536 0.4484375 0.3557692307692308 0.0640625
0 0.09615384615384616 0.2796875 0.19230769230769232 0.115625
0 0.14423076923076922 0.215625 0.21153846153846154 0.059375
0 0.8173076923076923 0.128125 0.16346153846153846 0.0296875
0 0.5 0.0890625 0.2692307692307692 0.04375
0 0.019230769230769232 0.0875 0.038461538461538464 0.03125
0 0.15384615384615385 0.465625 0.23076923076923078 0.053125
0 0.9519230769230769 0.35 0.09615384615384616 0.028125
0 0.6826923076923077 0.36875 0.25 0.05
0 0.8990384615384616 0.6453125 0.20192307692307693 0.0625
0 0.5913461538461539 0.87890625 0.8173076923076923 0.2390625
0 0.34615384615384615 0.4796875 0.6826923076923077 0.2296875
0 0.11538461538461539 0.6609375 0.23076923076923078 0.0671875