0 0.8009259259259259 0.30390625 0.39814814814814814 0.0640625
0 0.39814814814814814 0.4234375 0.25 0.05
0 0.37962962962962965 0.2609375 0.1574074074074074 0.0421875
0 0.4166666666666667 0.30625 0.21296296296296297 0.0296875
0 0.9490740740740741 0.5171875 0.10185185185185185 0.04375
0 0.37962962962962965 0.5625 0.2962962962962963 0.0875
0 0.4722222222222222 0.8375 0.42592592592592593 0.071875
0 0.7314814814814815 0.7875 0.32407407407407407 0.0515625
0 0.9583333333333334 0.66796875 0.08333333333333333 0.0296875
0 0.39814814814814814 0.7171875 0.37037037037037035 0.1578125
0 0.7453703703703703 0.95859375 0.5092592592592593 0.0796875
0 0.32407407407407407 0.9703125 0.2222222222222222 0.05