0 0.7692307692307693 0.034375 0.10256410256410256 0.0109375
0 0.3333333333333333 0.0546875 0.0641025641025641 0.0078125
0 0.21794871794871795 0.103125 0.08974358974358974 0.0125
0 0.34615384615384615 0.075 0.0641025641025641 0.009375
0 0.6153846153846154 0.059375 0.08974358974358974 0.009375
0 0.46153846153846156 0.1546875 0.0641025641025641 0.009375
0 0.9871794871794872 0.18125 0.01282051282051282 0.0078125
0 0.9102564102564102 0.109375 0.0641025641025641 0.0109375
0 0.5512820512820513 0.1328125 0.0641025641025641 0.0078125
0 0.7051282051282052 0.59375 0.14102564102564102 0.01875
0 0.9743589743589743 0.5609375 0.05128205128205128 0.0109375
0 0.9743589743589743 0.34375 0.05128205128205128 0.0125
0 0.16666666666666666 0.640625 0.07692307692307693 0.0140625
0 0.5 0.4859375 1 0.5765625
0 0.02564102564102564 0.8421875 0.038461538461538464 0.015625
0 0.07692307692307693 0.7921875 0.14102564102564102 0.0171875
0 0.6923076923076923 0.815625 0.0641025641025641 0.0109375