0 0.6504065040650406 0.0046875 0.17073170731707318 0.0078125
0 0.34959349593495936 0.10625 0.3252032520325203 0.0546875
0 0.17073170731707318 0.0734375 0.13008130081300814 0.0296875
0 0.24390243902439024 0.1453125 0.17886178861788618 0.034375
0 0.36585365853658536 0.2140625 0.22764227642276422 0.040625
0 0.0975609756097561 0.209375 0.13821138211382114 0.0296875
0 0.7886178861788617 0.1640625 0.13821138211382114 0.0375
0 0.926829268292683 0.2796875 0.13821138211382114 0.053125
0 0.8943089430894309 0.215625 0.13008130081300814 0.028125
0 0.943089430894309 0.346875 0.10569105691056911 0.0375
0 0.5203252032520326 0.3828125 0.16260162601626016 0.0453125
0 0.008130081300813009 0.55 0.016260162601626018 0.0421875
0 0.4878048780487805 0.5953125 0.43089430894308944 0.0734375
0 0.34146341463414637 0.3203125 0.17886178861788618 0.0390625
0 0.959349593495935 0.59375 0.08130081300813008 0.0734375
0 0.5772357723577236 0.4515625 0.17886178861788618 0.05625
0 0.4634146341463415 0.509375 0.2032520325203252 0.034375
0 0.032520325203252036 0.3484375 0.06504065040650407 0.0234375
0 0.008130081300813009 0.4265625 0.008130081300813009 0.0359375
0 0.508130081300813 0.478125 0.983739837398374 0.271875
0 0.11382113821138211 0.690625 0.21951219512195122 0.0640625
0 0.8617886178861789 0.7953125 0.2682926829268293 0.0515625
0 0.9349593495934959 0.1453125 0.13008130081300814 0.2890625
0 0.4146341463414634 0.1328125 0.8292682926829268 0.265625
0 0.5 0.90546875 1 0.1859375