0 0.2602739726027397 0.06875 0.1506849315068493 0.0171875
0 0.273972602739726 0.240625 0.547945205479452 0.0265625
0 0.6438356164383562 0.26875 0.7123287671232876 0.0203125
0 0.1095890410958904 0.26875 0.2054794520547945 0.021875
0 0.0273972602739726 0.7390625 0.0547945205479452 0.04375
0 0.2602739726027397 0.5859375 0.3698630136986301 0.0203125
0 0.9041095890410958 0.634375 0.1506849315068493 0.0234375
0 0.2465753424657534 0.7296875 0.1232876712328767 0.0171875
0 0.2465753424657534 0.7015625 0.1095890410958904 0.0125
0 0.3698630136986301 0.7625 0.1506849315068493 0.015625
0 0.9931506849315068 0.7125 0.0136986301369863 0.015625
0 0.8493150684931506 0.584375 0.1506849315068493 0.015625
0 0.2328767123287671 0.6234375 0.1643835616438356 0.01875
0 0.3698630136986301 0.525 0.1780821917808219 0.01875
0 0.8493150684931506 0.5296875 0.273972602739726 0.0265625
0 0.8356164383561644 0.7375 0.1917808219178082 0.015625
0 0.589041095890411 0.80625 0.136986301369863 0.0203125
0 0.9726027397260274 0.8203125 0.0547945205479452 0.01875
0 0.6986301369863014 0.6296875 0.1232876712328767 0.021875
0 0.6164383561643836 0.7765625 0.1506849315068493 0.0140625