0 0.6712328767123288 0.0234375 0.3287671232876712 0.0390625
0 0.863013698630137 0.175 0.273972602739726 0.0375
0 0.7945205479452054 0.0625 0.3424657534246575 0.0328125
0 0.547945205479452 0.2078125 0.1643835616438356 0.040625
0 0.7397260273972602 0.603125 0.5205479452054794 0.2078125
0 0.589041095890411 0.2765625 0.2054794520547945 0.0296875
0 0.6027397260273972 0.3203125 0.1232876712328767 0.0328125
0 0.6438356164383562 0.759375 0.3287671232876712 0.0421875
0 0.7945205479452054 0.9 0.1780821917808219 0.0234375
0 0.684931506849315 0.85625 0.1780821917808219 0.015625
0 0.952054794520548 0.82578125 0.0958904109589041 0.0171875
0 0.9657534246575342 0.78984375 0.0684931506849315 0.0171875
0 0.6575342465753424 0.9609375 0.2465753424657534 0.0390625