0 0.9024390243902439 0.01875 0.1951219512195122 0.0359375
0 0.07317073170731707 0.0484375 0.14634146341463414 0.046875
0 0.8292682926829268 0.4265625 0.34146341463414637 0.1421875
0 0.7479674796747967 0.1375 0.3902439024390244 0.11875
0 0.37398373983739835 0.3546875 0.36585365853658536 0.1015625
0 0.08943089430894309 0.40625 0.17073170731707318 0.0890625
0 0.5691056910569106 0.5625 0.8536585365853658 0.2171875
0 0.2764227642276423 0.6359375 0.2845528455284553 0.053125
0 0.8170731707317073 0.8578125 0.36585365853658536 0.09375
0 0.5203252032520326 0.7765625 0.36585365853658536 0.0828125
0 0.3821138211382114 0.975 0.23577235772357724 0.05