0 0.10810810810810811 0.4444444444444444 0.21621621621621623 0.028169014084507043
0 0.6486486486486487 0.4444444444444444 0.25675675675675674 0.023474178403755867
0 0.02702702702702703 0.4835680751173709 0.04054054054054054 0.02190923317683881
0 0.4864864864864865 0.4945226917057903 0.2702702702702703 0.02190923317683881
0 0.5 0.5743348982785602 0.10810810810810811 0.018779342723004695
0 0.43243243243243246 0.6259780907668232 0.10810810810810811 0.02034428794992175
0 0.9594594594594594 0.5555555555555556 0.08108108108108109 0.025039123630672927
0 0.08108108108108109 0.5665101721439749 0.14864864864864866 0.023474178403755867
0 0.8378378378378378 0.6870109546165885 0.13513513513513514 0.02034428794992175
0 0.9459459459459459 0.6447574334898278 0.10810810810810811 0.0297339593114241
0 0.36486486486486486 0.784037558685446 0.16216216216216217 0.02034428794992175