0 0.90625 0.4609375 0.1875 0.0453125
0 0.020833333333333332 0.6203125 0.03125 0.03125
0 0.0625 0.6828125 0.125 0.025
0 0.2916666666666667 0.6140625 0.20833333333333334 0.0359375
0 0.6458333333333334 0.665625 0.17708333333333334 0.0296875
0 0.8125 0.6296875 0.21875 0.0328125
0 0.9583333333333334 0.7046875 0.08333333333333333 0.0390625
0 0.1875 0.4796875 0.28125 0.0359375
0 0.3333333333333333 0.5171875 0.16666666666666666 0.025
0 0.8802083333333334 0.4015625 0.23958333333333334 0.034375
0 0.9270833333333334 0.3640625 0.14583333333333334 0.0328125
0 0.020833333333333332 0.56875 0.041666666666666664 0.0203125
0 0.020833333333333332 0.7125 0.041666666666666664 0.025
0 0.4375 0.8375 0.19791666666666666 0.0453125
0 0.9791666666666666 0.0015625 0.041666666666666664 0.003125
0 0.9635416666666666 0.2296875 0.07291666666666667 0.021875
0 0.7291666666666666 0.56875 0.17708333333333334 0.0328125