0 0.6298076923076923 0.07265625 0.7403846153846154 0.1453125
0 0.9038461538461539 0.228125 0.17307692307692307 0.0375
0 0.6826923076923077 0.284375 0.3076923076923077 0.0546875
0 0.9855769230769231 0.60859375 0.028846153846153848 0.0328125
0 0.28846153846153844 0.7359375 0.2403846153846154 0.04375
0 0.5384615384615384 0.6609375 0.18269230769230768 0.0453125
0 0.4423076923076923 0.68125 0.8846153846153846 0.43125
0 0.4519230769230769 0.7984375 0.17307692307692307 0.0375
0 0.057692307692307696 0.765625 0.11538461538461539 0.028125
0 0.40384615384615385 0.9984375 0.7211538461538461 0.0015625
0 0.9711538461538461 0.93125 0.057692307692307696 0.065625
0 0.125 0.91875 0.09615384615384616 0.028125
0 0.9134615384615384 0.696875 0.17307692307692307 0.109375