0 0.5128205128205128 0.040625 0.14102564102564102 0.0203125
0 0.717948717948718 0.0578125 0.08974358974358974 0.0125
0 0.21794871794871795 0.103125 0.1282051282051282 0.0171875
0 0.782051282051282 0.540625 0.14102564102564102 0.0203125
0 0.02564102564102564 0.665625 0.038461538461538464 0.015625
0 0.6923076923076923 0.865625 0.2692307692307692 0.0375
0 0.08974358974358974 0.865625 0.14102564102564102 0.0203125
0 0.47435897435897434 0.9734375 0.10256410256410256 0.0109375
0 0.5384615384615384 0.9859375 0.10256410256410256 0.0140625
0 0.3076923076923077 0.95625 0.1282051282051282 0.015625
0 0.4230769230769231 0.8703125 0.11538461538461539 0.015625