0 0.463768115942029 0.375 0.2318840579710145 0.0265625
0 0.6956521739130435 0.5265625 0.2608695652173913 0.0171875
0 0.5362318840579711 0.4890625 0.2463768115942029 0.0203125
0 0.028985507246376812 0.3734375 0.057971014492753624 0.028125
0 0.2028985507246377 0.8390625 0.4057971014492754 0.0984375
0 0.13043478260869565 0.9265625 0.2463768115942029 0.015625
0 0.2463768115942029 0.3796875 0.057971014492753624 0.0140625
0 0.782608695652174 0.409375 0.2463768115942029 0.015625
0 0.43478260869565216 0.1140625 0.17391304347826086 0.01875
0 0.6521739130434783 0.746875 0.15942028985507245 0.0171875
0 0.14492753623188406 0.2390625 0.2898550724637681 0.1484375
0 0.391304347826087 0.3359375 0.07246376811594203 0.0078125
0 0.18840579710144928 0.7078125 0.07246376811594203 0.00625