0 0.8695652173913043 0.9140625 0.2463768115942029 0.04375
0 0.3188405797101449 0.30625 0.6376811594202898 0.075
0 0.3188405797101449 0.034375 0.5797101449275363 0.06875
0 0.8260869565217391 0.2296875 0.3333333333333333 0.0328125
0 0.5942028985507246 0.3578125 0.15942028985507245 0.0125
0 0.043478260869565216 0.66875 0.07246376811594203 0.0171875
0 0.21739130434782608 0.41875 0.17391304347826086 0.0203125
0 0.5942028985507246 0.6453125 0.2028985507246377 0.0234375
0 0.8405797101449275 0.065625 0.2753623188405797 0.0515625
0 0.8695652173913043 0.134375 0.18840579710144928 0.0296875
0 0.8115942028985508 0.3421875 0.2028985507246377 0.0265625