0 0.3211009174311927 0.034375 0.2018348623853211 0.0671875
0 0.06422018348623854 0.196875 0.11926605504587157 0.0421875
0 0.3394495412844037 0.1109375 0.11009174311926606 0.0640625
0 0.06422018348623854 0.3625 0.12844036697247707 0.090625
0 0.009174311926605505 0.4671875 0.009174311926605505 0.028125
0 0.28440366972477066 0.415625 0.1743119266055046 0.03125
0 0.11009174311926606 0.49375 0.13761467889908258 0.025
0 0.27522935779816515 0.5203125 0.11926605504587157 0.0359375
0 0.01834862385321101 0.5703125 0.027522935779816515 0.0234375
0 0.11009174311926606 0.621875 0.13761467889908258 0.028125
0 0.3119266055045872 0.5890625 0.11926605504587157 0.04375
0 0.28440366972477066 0.675 0.11009174311926606 0.0578125
0 0.13761467889908258 0.709375 0.11926605504587157 0.025
0 0.28440366972477066 0.7265625 0.11009174311926606 0.0234375
0 0.045871559633027525 0.7453125 0.09174311926605505 0.0453125
0 0.03669724770642202 0.9234375 0.06422018348623854 0.0265625
0 0.05504587155963303 0.81875 0.11009174311926606 0.0421875