0 0.5865384615384616 0.025 0.7307692307692307 0.05
0 0.038461538461538464 0.0265625 0.0673076923076923 0.025
0 0.6442307692307693 0.0875 0.3269230769230769 0.046875
0 0.21153846153846154 0.21875 0.17307692307692307 0.034375
0 0.4326923076923077 0.1296875 0.8653846153846154 0.259375
0 0.6346153846153846 0.4375 0.16346153846153846 0.03125
0 0.5288461538461539 0.5375 0.20192307692307693 0.0453125
0 0.07692307692307693 0.571875 0.14423076923076922 0.053125
0 0.0673076923076923 0.8125 0.125 0.0671875
0 0.3269230769230769 0.6125 0.14423076923076922 0.0296875
0 0.3076923076923077 0.6828125 0.18269230769230768 0.0296875
0 0.4230769230769231 0.6875 0.8365384615384616 0.2609375
0 0.6442307692307693 0.9921875 0.20192307692307693 0.0140625
0 0.3269230769230769 0.8875 0.6442307692307693 0.225
0 0.2403846153846154 0.971875 0.3173076923076923 0.0546875
0 0.04807692307692308 0.971875 0.09615384615384616 0.0546875
0 0.22115384615384615 0.88125 0.4230769230769231 0.090625