0 0.7948717948717948 0.0046875 0.1794871794871795 0.0078125
0 0.5128205128205128 0.0875 0.1282051282051282 0.01875
0 0.717948717948718 0.103125 0.07692307692307693 0.0109375
0 0.24358974358974358 0.146875 0.11538461538461539 0.015625
0 0.7692307692307693 0.559375 0.1282051282051282 0.01875
0 0.038461538461538464 0.675 0.0641025641025641 0.0140625
0 0.6923076923076923 0.8640625 0.2564102564102564 0.0359375
0 0.1282051282051282 0.8640625 0.1282051282051282 0.01875
0 0.48717948717948717 0.9671875 0.08974358974358974 0.009375
0 0.5512820512820513 0.978125 0.08974358974358974 0.0125
0 0.32051282051282054 0.9484375 0.11538461538461539 0.0140625
0 0.4358974358974359 0.86875 0.10256410256410256 0.0140625