0 0.6329113924050633 0.028125 0.06329113924050633 0.009375
0 0.6708860759493671 0.003125 0.0759493670886076 0.0046875
0 0.4177215189873418 0.0703125 0.05063291139240506 0.0078125
0 0.34177215189873417 0.1375 0.05063291139240506 0.0109375
0 0.43037974683544306 0.1078125 0.0379746835443038 0.00625
0 0.5316455696202531 0.115625 0.0379746835443038 0.00625
0 0.12658227848101267 0.134375 0.05063291139240506 0.0078125
0 0.0379746835443038 0.1890625 0.0379746835443038 0.00625
0 0.22784810126582278 0.24375 0.16455696202531644 0.021875
0 0.8354430379746836 0.1984375 0.10126582278481013 0.0140625
0 0.9177215189873418 0.27265625 0.16455696202531644 0.0203125
0 0.189873417721519 0.4453125 0.3670886075949367 0.109375
0 0.21518987341772153 0.390625 0.24050632911392406 0.0296875
0 0.25316455696202533 0.6328125 0.08860759493670886 0.0125
0 0.7974683544303798 0.625 0.0759493670886076 0.0109375
0 0.9240506329113924 0.621875 0.0759493670886076 0.0109375
0 0.25316455696202533 0.75 0.06329113924050633 0.0125
0 0.45569620253164556 0.8640625 0.10126582278481013 0.0140625
0 0.8607594936708861 0.9734375 0.06329113924050633 0.0078125
0 0.0759493670886076 0.9796875 0.0759493670886076 0.0109375