0 0.5670103092783505 0.95 0.26804123711340205 0.0359375
0 0.9226804123711341 0.996875 0.15463917525773196 0.00625
0 0.4536082474226804 0.875 0.17525773195876287 0.0546875
0 0.4742268041237113 0.79375 0.16494845360824742 0.034375
0 0.5463917525773195 0.584375 0.24742268041237114 0.0453125
0 0.9123711340206185 0.60859375 0.17525773195876287 0.0296875
0 0.9587628865979382 0.6703125 0.08247422680412371 0.025
0 0.7422680412371134 0.2390625 0.4845360824742268 0.0421875
0 0.6082474226804123 0.31875 0.15463917525773196 0.0296875
0 0.8350515463917526 0.3421875 0.24742268041237114 0.028125
0 0.4845360824742268 0.346875 0.16494845360824742 0.025
0 0.6701030927835051 0.3953125 0.20618556701030927 0.0296875
0 0.8247422680412371 0.43125 0.16494845360824742 0.01875
0 0.6082474226804123 0.5296875 0.17525773195876287 0.0171875
0 0.9123711340206185 0.55703125 0.17525773195876287 0.0203125
0 0.6597938144329897 0.6703125 0.1958762886597938 0.0265625
0 0.9278350515463918 0.6984375 0.14432989690721648 0.025
0 0.5463917525773195 0.7515625 0.21649484536082475 0.0234375
0 0.7319587628865979 0.303125 0.17525773195876287 0.0265625
0 0.8556701030927835 0.0609375 0.16494845360824742 0.0140625