0 0.2702702702702703 0.10015649452269171 0.14864864864864866 0.017214397496087636
0 0.28378378378378377 0.2644757433489828 0.5540540540540541 0.026604068857589983
0 0.6486486486486487 0.29107981220657275 0.7027027027027027 0.02034428794992175
0 0.12162162162162163 0.29107981220657275 0.22972972972972974 0.02190923317683881
0 0.04054054054054054 0.7433489827856025 0.08108108108108109 0.04225352112676056
0 0.2702702702702703 0.596244131455399 0.35135135135135137 0.02034428794992175
0 0.8783783783783784 0.6431924882629108 0.14864864864864866 0.023474178403755867
0 0.25675675675675674 0.7339593114241002 0.12162162162162163 0.017214397496087636
0 0.2702702702702703 0.7057902973395931 0.10810810810810811 0.012519561815336464
0 0.3783783783783784 0.7652582159624414 0.14864864864864866 0.01564945226917058
0 0.9797297297297297 0.7167449139280125 0.04054054054054054 0.01564945226917058
0 0.8243243243243243 0.594679186228482 0.14864864864864866 0.01564945226917058
0 0.9932432432432432 0.5852895148669797 0.013513513513513514 0.018779342723004695
0 0.24324324324324326 0.6322378716744914 0.16216216216216217 0.018779342723004695
0 0.3783783783783784 0.5383411580594679 0.17567567567567569 0.018779342723004695
0 0.8243243243243243 0.543035993740219 0.2702702702702703 0.026604068857589983
0 0.8243243243243243 0.7417840375586855 0.1891891891891892 0.01564945226917058
0 0.581081081081081 0.8075117370892019 0.13513513513513514 0.02034428794992175
0 0.9594594594594594 0.8215962441314554 0.08108108108108109 0.018779342723004695
0 0.6891891891891891 0.6369327073552425 0.12162162162162163 0.02190923317683881
0 0.6216216216216216 0.7793427230046949 0.14864864864864866 0.014084507042253521