0 0.09259259259259259 0.021875 0.17592592592592593 0.0328125
0 0.3055555555555556 0.0046875 0.1111111111111111 0.0078125
0 0.7037037037037037 0.0421875 0.16666666666666666 0.040625
0 0.9861111111111112 0.04765625 0.027777777777777776 0.0390625
0 0.8981481481481481 0.1015625 0.17592592592592593 0.03125
0 0.6018518518518519 0.2125 0.23148148148148148 0.04375
0 0.6851851851851852 0.1765625 0.2222222222222222 0.04375
0 0.8888888888888888 0.203125 0.12962962962962962 0.0265625
0 0.2777777777777778 0.1765625 0.16666666666666666 0.034375
0 0.32407407407407407 0.0453125 0.17592592592592593 0.0265625
0 0.09259259259259259 0.0953125 0.12037037037037036 0.028125
0 0.5092592592592593 0.1265625 0.2777777777777778 0.040625
0 0.875 0.3234375 0.25 0.046875
0 0.35185185185185186 0.4 0.3425925925925926 0.0546875
0 0.8981481481481481 0.4328125 0.19444444444444445 0.040625
0 0.046296296296296294 0.7125 0.09259259259259259 0.059375
0 0.49074074074074076 0.6671875 0.25 0.0375
0 0.6388888888888888 0.83125 0.12962962962962962 0.028125
0 0.9120370370370371 0.8453125 0.17592592592592593 0.0375