0 0.10185185185185185 0.003125 0.12962962962962962 0.0046875
0 0.2222222222222222 0.0140625 0.12037037037037036 0.025
0 0.6666666666666666 0.0125 0.14814814814814814 0.025
0 0.24074074074074073 0.1125 0.14814814814814814 0.03125
0 0.19444444444444445 0.146875 0.2037037037037037 0.0375
0 0.75 0.153125 0.1574074074074074 0.040625
0 0.9305555555555556 0.17109375 0.1388888888888889 0.0453125
0 0.5462962962962963 0.13125 0.1111111111111111 0.0234375
0 0.08333333333333333 0.3296875 0.1574074074074074 0.040625
0 0.09259259259259259 0.240625 0.1388888888888889 0.025
0 0.25 0.2421875 0.12037037037037036 0.0234375
0 0.875 0.27734375 0.25 0.0796875
0 0.9583333333333334 0.3484375 0.08333333333333333 0.040625
0 0.027777777777777776 0.4609375 0.046296296296296294 0.121875
0 0.4444444444444444 0.390625 0.19444444444444445 0.0296875
0 0.7314814814814815 0.4125 0.12962962962962962 0.0296875
0 0.28703703703703703 0.459375 0.46296296296296297 0.13125
0 0.9074074074074074 0.48125 0.12037037037037036 0.0265625
0 0.8240740740740741 0.4515625 0.1111111111111111 0.0203125
0 0.5833333333333334 0.54375 0.2037037037037037 0.0390625
0 0.5555555555555556 0.5859375 0.42592592592592593 0.0734375
0 0.10185185185185185 0.5625 0.19444444444444445 0.05
0 0.18518518518518517 0.621875 0.19444444444444445 0.0390625
0 0.8611111111111112 0.64375 0.17592592592592593 0.028125
0 0.7314814814814815 0.690625 0.28703703703703703 0.040625
0 0.9675925925925926 0.7765625 0.06481481481481481 0.046875
0 0.5740740740740741 0.7421875 0.16666666666666666 0.03125
0 0.8240740740740741 0.9390625 0.12037037037037036 0.0234375
0 0.9768518518518519 0.9453125 0.046296296296296294 0.01875
0 0.12037037037037036 0.95625 0.23148148148148148 0.0328125