0 0.19090909090909092 0.0015625 0.2 0.0015625
0 0.43636363636363634 0.009375 0.15454545454545454 0.01875
0 0.2818181818181818 0.034375 0.16363636363636364 0.0328125
0 0.1 0.0671875 0.19090909090909092 0.078125
0 0.45454545454545453 0.046875 0.13636363636363635 0.0265625
0 0.7545454545454545 0.2328125 0.14545454545454545 0.0421875
0 0.43636363636363634 0.1140625 0.19090909090909092 0.046875
0 0.6545454545454545 0.0671875 0.18181818181818182 0.04375
0 0.4636363636363636 0.1765625 0.13636363636363635 0.0296875
0 0.12727272727272726 0.153125 0.15454545454545454 0.0375
0 0.2909090909090909 0.209375 0.21818181818181817 0.03125
0 0.02727272727272727 0.2734375 0.05454545454545454 0.034375
0 0.10909090909090909 0.4109375 0.20909090909090908 0.0375
0 0.4818181818181818 0.3890625 0.17272727272727273 0.0328125
0 0.7272727272727273 0.3984375 0.24545454545454545 0.1484375
0 0.32727272727272727 0.2765625 0.09090909090909091 0.025
0 0.045454545454545456 0.4703125 0.09090909090909091 0.0578125
0 0.14545454545454545 0.521875 0.15454545454545454 0.0265625
0 0.19090909090909092 0.4953125 0.1 0.0234375
0 0.15454545454545454 0.8015625 0.13636363636363635 0.025
0 0.35454545454545455 0.7625 0.10909090909090909 0.028125
0 0.34545454545454546 0.6046875 0.12727272727272726 0.0265625
0 0.5363636363636364 0.996875 0.15454545454545454 0.00625
0 0.6454545454545455 0.940625 0.17272727272727273 0.05