0 0.6027397260273972 0.0140625 0.273972602739726 0.0265625
0 0.410958904109589 0.075 0.1780821917808219 0.0203125
0 0.0958904109589041 0.0828125 0.1917808219178082 0.040625
0 0.8767123287671232 0.2046875 0.1506849315068493 0.021875
0 0.0273972602739726 0.1890625 0.0410958904109589 0.0390625
0 0.6027397260273972 0.453125 0.3835616438356164 0.0453125
0 0.9931506849315068 0.39296875 0.0136986301369863 0.0328125
0 0.2054794520547945 0.240625 0.136986301369863 0.028125
0 0.8082191780821918 0.521875 0.2328767123287671 0.0453125
0 0.3835616438356164 0.809375 0.4931506849315068 0.06875
0 0.1095890410958904 0.6953125 0.2191780821917808 0.04375
0 0.410958904109589 0.6359375 0.2465753424657534 0.0359375
0 0.7671232876712328 0.6625 0.2054794520547945 0.03125
0 0.273972602739726 0.8859375 0.2191780821917808 0.0203125