0 0.9791666666666666 0.99375 0.041666666666666664 0.0125
0 0.40625 0.990625 0.21875 0.01875
0 0.07291666666666667 0.7015625 0.13541666666666666 0.1296875
0 0.5833333333333334 0.6875 0.3854166666666667 0.05625
0 0.3020833333333333 0.6640625 0.3229166666666667 0.04375
0 0.8541666666666666 0.8328125 0.22916666666666666 0.025
0 0.7604166666666666 0.496875 0.16666666666666666 0.0265625
0 0.07291666666666667 0.84375 0.14583333333333334 0.0328125
0 0.7395833333333334 0.771875 0.15625 0.0296875
0 0.7083333333333334 0.73125 0.17708333333333334 0.025
0 0.8489583333333334 0.61875 0.3020833333333333 0.04375
0 0.4583333333333333 0.5859375 0.20833333333333334 0.0234375
0 0.2916666666666667 0.346875 0.28125 0.05625
0 0.8541666666666666 0.4015625 0.23958333333333334 0.0265625
0 0.28125 0.903125 0.2604166666666667 0.0296875
0 0.9010416666666666 0.79296875 0.19791666666666666 0.0328125
0 0.5104166666666666 0.9625 0.11458333333333333 0.0109375
0 0.23958333333333334 0.996875 0.15625 0.0046875
0 0.3854166666666667 0.928125 0.11458333333333333 0.015625
0 0.8854166666666666 0.8921875 0.16666666666666666 0.0140625
0 0.15625 0.4359375 0.08333333333333333 0.0125
0 0.4166666666666667 0.403125 0.14583333333333334 0.015625
0 0.6770833333333334 0.45 0.11458333333333333 0.025
0 0.8958333333333334 0.4453125 0.16666666666666666 0.0203125
0 0.9583333333333334 0.6734375 0.08333333333333333 0.0125
0 0.9166666666666666 0.70625 0.10416666666666667 0.0265625
0 0.9114583333333334 0.31875 0.17708333333333334 0.034375
0 0.46875 0.2765625 0.19791666666666666 0.0203125
0 0.21875 0.2578125 0.11458333333333333 0.0109375
0 0.6041666666666666 0.1171875 0.5 0.04375
0 0.625 0.0078125 0.21875 0.015625
0 0.8125 0.0390625 0.22916666666666666 0.028125
0 0.6354166666666666 0.071875 0.19791666666666666 0.0265625