0 0.9636363636363636 0.009375 0.07272727272727272 0.01875
0 0.7818181818181819 0.11875 0.18181818181818182 0.0328125
0 0.5727272727272728 0.159375 0.22727272727272727 0.053125
0 0.8636363636363636 0.3578125 0.12727272727272726 0.0359375
0 0.9090909090909091 0.4453125 0.11818181818181818 0.025
0 0.7454545454545455 0.4671875 0.08181818181818182 0.0203125
0 0.7454545454545455 0.5703125 0.11818181818181818 0.0203125
0 0.7090909090909091 0.6390625 0.1 0.0234375
0 0.5363636363636364 0.6046875 0.10909090909090909 0.0265625
0 0.9272727272727272 0.6296875 0.12727272727272726 0.0234375
0 0.6 0.8296875 0.09090909090909091 0.0203125
0 0.6545454545454545 0.8640625 0.08181818181818182 0.0171875
0 0.8 0.859375 0.05454545454545454 0.0125
0 0.8818181818181818 0.7578125 0.08181818181818182 0.0234375
0 0.9636363636363636 0.7015625 0.07272727272727272 0.021875
0 0.7090909090909091 0.7015625 0.10909090909090909 0.0234375
0 0.7090909090909091 0.746875 0.16363636363636364 0.0328125
0 0.8 0.9484375 0.23636363636363636 0.034375
0 0.5 0.959375 0.14545454545454545 0.0796875
0 0.9545454545454546 0.925 0.09090909090909091 0.01875
0 0.7818181818181819 0.99375 0.12727272727272726 0.0125