0 0.05333333333333334 0.4515625 0.10666666666666667 0.028125
0 0.5866666666666667 0.1171875 0.08 0.0125
0 0.9533333333333334 0.19375 0.09333333333333334 0.01875
0 0.4 0.48125 0.14666666666666667 0.0171875
0 0.49333333333333335 0.85 0.24 0.0296875
0 0.8133333333333334 0.915625 0.16 0.0203125
0 0.72 0.84375 0.14666666666666667 0.01875
0 0.9266666666666666 0.91484375 0.14666666666666667 0.0234375
0 0.92 0.0421875 0.16 0.0234375
0 0.25333333333333335 0.7390625 0.10666666666666667 0.0140625
0 0.37333333333333335 0.946875 0.16 0.015625
0 0.4666666666666667 0.9109375 0.13333333333333333 0.01875
0 0.6 0.878125 0.04 0.0109375
0 0.18666666666666668 0.240625 0.21333333333333335 0.0140625
0 0.4 0.4515625 0.12 0.01875
0 0.68 0.4484375 0.14666666666666667 0.0078125
0 0.05333333333333334 0.0921875 0.10666666666666667 0.0125
0 0.56 0.065625 0.14666666666666667 0.0078125
0 0.29333333333333333 0.159375 0.09333333333333334 0.0078125
0 0.7866666666666666 0.1453125 0.09333333333333334 0.0078125
0 0.14666666666666667 0.528125 0.08 0.0125
0 0.013333333333333334 0.5578125 0.013333333333333334 0.0171875