0 0.6666666666666666 0.1171875 0.37398373983739835 0.075
0 0.3983739837398374 0.00625 0.22764227642276422 0.0109375
0 0.36585365853658536 0.1734375 0.3983739837398374 0.0796875
0 0.12195121951219512 0.125 0.24390243902439024 0.078125
0 0.10569105691056911 0.25 0.21138211382113822 0.075
0 0.7723577235772358 0.23125 0.3821138211382114 0.1078125
0 0.0975609756097561 0.59375 0.1951219512195122 0.09375
0 0.11382113821138211 0.4515625 0.21951219512195122 0.08125
0 0.7154471544715447 0.4234375 0.5365853658536586 0.1953125
0 0.6422764227642277 0.571875 0.5609756097560976 0.125
0 0.3089430894308943 0.8625 0.2845528455284553 0.071875
0 0.17073170731707318 0.7625 0.2764227642276423 0.065625
0 0.7804878048780488 0.684375 0.24390243902439024 0.071875
0 0.43902439024390244 0.7984375 0.8699186991869918 0.384375