0 0.7857142857142857 0.0015625 0.22857142857142856 0.0015625
0 0.21428571428571427 0.053125 0.22857142857142856 0.040625
0 0.9285714285714286 0.05625 0.14285714285714285 0.0265625
0 0.7571428571428571 0.3125 0.4857142857142857 0.2328125
0 0.7857142857142857 0.4609375 0.4142857142857143 0.040625
0 0.7428571428571429 0.5578125 0.34285714285714286 0.0390625
0 0.7 0.50625 0.3142857142857143 0.0421875
0 0.05714285714285714 0.2578125 0.1 0.0375
0 0.8071428571428572 0.87421875 0.38571428571428573 0.0484375
0 0.6857142857142857 0.996875 0.6285714285714286 0.00625
0 0.24285714285714285 0.55625 0.4857142857142857 0.0671875
0 0.12857142857142856 0.690625 0.2571428571428571 0.059375