0 0.2222222222222222 0.3859375 0.3888888888888889 0.04375
0 0.4166666666666667 0.6375 0.2916666666666667 0.03125
0 0.05555555555555555 0.6453125 0.1111111111111111 0.0171875
0 0.8333333333333334 0.859375 0.2361111111111111 0.028125
0 0.6944444444444444 0.7578125 0.20833333333333334 0.015625
0 0.041666666666666664 0.5421875 0.06944444444444445 0.0109375
0 0.027777777777777776 0.578125 0.041666666666666664 0.0125
0 0.5972222222222222 0.0046875 0.2361111111111111 0.009375
0 0.8611111111111112 0.028125 0.1527777777777778 0.015625
0 0.4444444444444444 0.1203125 0.2361111111111111 0.0125
0 0.013888888888888888 0.2171875 0.013888888888888888 0.01875
0 0.4583333333333333 0.521875 0.20833333333333334 0.0234375
0 0.3888888888888889 0.75625 0.06944444444444445 0.0125
0 0.9652777777777778 0.8046875 0.06944444444444445 0.015625