0 0.7884615384615384 0.303125 0.3942307692307692 0.06875
0 0.5576923076923077 0.2359375 0.28846153846153844 0.0578125
0 0.4326923076923077 0.153125 0.23076923076923078 0.0515625
0 0.9230769230769231 0.4953125 0.15384615384615385 0.028125
0 0.7884615384615384 0.7671875 0.2980769230769231 0.05625
0 0.40384615384615385 0.709375 0.14423076923076922 0.0265625
0 0.7019230769230769 0.6609375 0.1346153846153846 0.0234375
0 0.9567307692307693 0.5609375 0.08653846153846154 0.025
0 0.4326923076923077 0.309375 0.25961538461538464 0.10625
0 0.6971153846153846 0.05703125 0.6057692307692307 0.1140625
0 0.8894230769230769 0.103125 0.22115384615384615 0.125
0 0.6298076923076923 0.55859375 0.7403846153846154 0.3359375
0 0.6634615384615384 0.4609375 0.25961538461538464 0.078125
0 0.6105769230769231 0.890625 0.7788461538461539 0.21875