0 0.08695652173913043 0.196875 0.17391304347826086 0.0390625
0 0.6376811594202898 0.35 0.2463768115942029 0.01875
0 0.014492753623188406 0.8109375 0.014492753623188406 0.040625
0 0.07246376811594203 0.43125 0.13043478260869565 0.0140625
0 0.7681159420289855 0.253125 0.11594202898550725 0.025
0 0.5217391304347826 0.2015625 0.2318840579710145 0.0296875
0 0.18840579710144928 0.7296875 0.36231884057971014 0.0484375
0 0.028985507246376812 0.5015625 0.043478260869565216 0.0125
0 0.13043478260869565 0.609375 0.17391304347826086 0.0234375
0 0.043478260869565216 0.765625 0.07246376811594203 0.01875
0 0.6956521739130435 0.8953125 0.10144927536231885 0.0125
0 0.057971014492753624 0.3609375 0.043478260869565216 0.00625