0 0.7307692307692307 0.00625 0.5384615384615384 0.0125
0 0.9903846153846154 0.3203125 0.019230769230769232 0.028125
0 0.6346153846153846 0.325 0.4326923076923077 0.1375
0 0.8317307692307693 0.2796875 0.33653846153846156 0.115625
0 0.9326923076923077 0.0875 0.1346153846153846 0.03125
0 0.5576923076923077 0.4796875 0.49038461538461536 0.1296875
0 0.8269230769230769 0.484375 0.2403846153846154 0.053125
0 0.9134615384615384 0.5765625 0.17307692307692307 0.040625
0 0.6634615384615384 0.7828125 0.19230769230769232 0.0390625
0 0.6923076923076923 0.6015625 0.17307692307692307 0.0375
0 0.4423076923076923 0.7796875 0.1346153846153846 0.0296875
0 0.8461538461538461 0.7765625 0.11538461538461539 0.021875
0 0.7644230769230769 0.47890625 0.47115384615384615 0.2296875
0 0.5480769230769231 0.6703125 0.27884615384615385 0.084375
0 0.9567307692307693 0.66015625 0.08653846153846154 0.0671875
0 0.49038461538461536 0.9421875 0.33653846153846156 0.1
0 0.7596153846153846 0.853125 0.19230769230769232 0.05625
0 0.8653846153846154 0.959375 0.25 0.05
0 0.7019230769230769 0.990625 0.5961538461538461 0.0171875