0 0.6442307692307693 0.0046875 0.18269230769230768 0.0078125
0 0.3269230769230769 0.065625 0.6442307692307693 0.13125
0 0.46153846153846156 0.0875 0.28846153846153844 0.06875
0 0.27884615384615385 0.003125 0.28846153846153844 0.0046875
0 0.07692307692307693 0.015625 0.15384615384615385 0.03125
0 0.36538461538461536 0.2875 0.7307692307692307 0.290625
0 0.07692307692307693 0.71875 0.15384615384615385 0.0625
0 0.18269230769230768 0.5484375 0.36538461538461536 0.0859375
0 0.5576923076923077 0.4640625 0.27884615384615385 0.0859375
0 0.07692307692307693 0.3953125 0.14423076923076922 0.0578125
0 0.33653846153846156 0.2734375 0.6634615384615384 0.178125
0 0.1346153846153846 0.246875 0.17307692307692307 0.028125
0 0.36538461538461536 0.25625 0.14423076923076922 0.021875
0 0.38461538461538464 0.3078125 0.3557692307692308 0.0734375
0 0.4326923076923077 0.853125 0.47115384615384615 0.2546875
0 0.3269230769230769 0.8546875 0.125 0.028125
0 0.5288461538461539 0.7828125 0.3076923076923077 0.0765625
0 0.0673076923076923 0.809375 0.125 0.084375