0 0.7341772151898734 0.0625 0.10126582278481013 0.0109375
0 0.3291139240506329 0.08125 0.06329113924050633 0.0078125
0 0.21518987341772153 0.128125 0.08860759493670886 0.0125
0 0.34177215189873417 0.1015625 0.06329113924050633 0.009375
0 0.5949367088607594 0.0859375 0.08860759493670886 0.009375
0 0.4430379746835443 0.1765625 0.06329113924050633 0.009375
0 0.9620253164556962 0.203125 0.06329113924050633 0.0078125
0 0.8607594936708861 0.134375 0.06329113924050633 0.0109375
0 0.5316455696202531 0.15625 0.06329113924050633 0.0078125
0 0.6708860759493671 0.5953125 0.13924050632911392 0.01875
0 0.9367088607594937 0.5640625 0.0759493670886076 0.0109375
0 0.9367088607594937 0.3578125 0.0759493670886076 0.0125
0 0.16455696202531644 0.6390625 0.0759493670886076 0.0140625
0 0.5 0.4921875 1 0.55
0 0.02531645569620253 0.8328125 0.05063291139240506 0.015625
0 0.08860759493670886 0.784375 0.13924050632911392 0.0171875
0 0.6708860759493671 0.8078125 0.06329113924050633 0.0109375