0 0.7837837837837838 0.00625 0.21621621621621623 0.0109375
0 0.8378378378378378 0.0484375 0.13513513513513514 0.0359375
0 0.12162162162162163 0.2859375 0.24324324324324326 0.0578125
0 0.8513513513513513 0.1546875 0.12162162162162163 0.0203125
0 0.6216216216216216 0.1421875 0.17567567567567569 0.021875
0 0.5405405405405406 0.1875 0.20270270270270271 0.0234375
0 0.6891891891891891 0.271875 0.4594594594594595 0.1171875
0 0.2702702702702703 0.0828125 0.5405405405405406 0.0828125
0 0.4189189189189189 0.440625 0.22972972972972974 0.0296875
0 0.13513513513513514 0.4125 0.22972972972972974 0.0265625
0 0.4189189189189189 0.528125 0.16216216216216217 0.025
0 0.16216216216216217 0.678125 0.32432432432432434 0.034375
0 0.43243243243243246 0.665625 0.8648648648648649 0.1421875
0 0.7297297297297297 0.796875 0.35135135135135137 0.0671875
0 0.22972972972972974 0.80625 0.4594594594594595 0.046875
0 0.527027027027027 0.4109375 0.13513513513513514 0.0140625
0 0.7702702702702703 0.540625 0.21621621621621623 0.0390625
0 0.17567567567567569 0.996875 0.28378378378378377 0.00625
0 0.7702702702702703 0.9828125 0.21621621621621623 0.0328125
0 0.21621621621621623 0.946875 0.13513513513513514 0.0203125