0 0.5 0.16953125 1 0.3390625
0 0.11650485436893204 0.1796875 0.22330097087378642 0.0484375
0 0.6601941747572816 0.096875 0.22330097087378642 0.05625
0 0.3592233009708738 0.771875 0.7087378640776699 0.1265625
0 0.6796116504854369 0.6109375 0.6019417475728155 0.2859375
0 0.1553398058252427 0.553125 0.3106796116504854 0.2953125
0 0.1553398058252427 0.8546875 0.30097087378640774 0.290625
0 0.7184466019417476 0.39375 0.46601941747572817 0.08125
0 0.02912621359223301 0.3734375 0.05825242718446602 0.0265625
0 0.04854368932038835 0.31875 0.0970873786407767 0.028125
0 0.8349514563106796 0.25 0.24271844660194175 0.1140625
0 0.30097087378640774 0.1421875 0.10679611650485436 0.01875
0 0.6796116504854369 0.053125 0.10679611650485436 0.021875
0 0.009708737864077669 0.11875 0.019417475728155338 0.0171875
0 0.21359223300970873 0.1953125 0.18446601941747573 0.0328125