0 0.04477611940298507 0.359375 0.07462686567164178 0.0546875
0 0.014925373134328358 0.5515625 0.014925373134328358 0.05
0 0.05970149253731343 0.71875 0.11940298507462686 0.0375
0 0.2835820895522388 0.675 0.4626865671641791 0.0390625
0 0.7611940298507462 0.2625 0.3283582089552239 0.0453125
0 0.3880597014925373 0.3625 0.2537313432835821 0.0375
0 0.4925373134328358 0.428125 0.582089552238806 0.0609375
0 0.07462686567164178 0.4546875 0.14925373134328357 0.040625
0 0.13432835820895522 0.890625 0.2537313432835821 0.0421875
0 0.2537313432835821 0.9171875 0.04477611940298507 0.003125
0 0.1791044776119403 0.975 0.34328358208955223 0.04375
0 0.2537313432835821 0.071875 0.19402985074626866 0.0140625
0 0.6716417910447762 0.121875 0.2537313432835821 0.021875
0 0.08955223880597014 0.7984375 0.16417910447761194 0.0234375
0 0.4626865671641791 0.3359375 0.22388059701492538 0.0125