0 0.4074074074074074 0.2078125 0.28703703703703703 0.0453125
0 0.8194444444444444 0.24375 0.3611111111111111 0.05625
0 0.14814814814814814 0.3953125 0.12962962962962962 0.0359375
0 0.48148148148148145 0.440625 0.18518518518518517 0.0328125
0 0.046296296296296294 0.5171875 0.08333333333333333 0.04375
0 0.7037037037037037 0.49375 0.14814814814814814 0.0203125
0 0.5277777777777778 0.51875 0.1574074074074074 0.028125
0 0.5 0.7125 0.2037037037037037 0.0296875
0 0.10185185185185185 0.7015625 0.19444444444444445 0.03125
0 0.018518518518518517 0.66875 0.037037037037037035 0.0296875
0 0.1111111111111111 0.83125 0.2222222222222222 0.0375
0 0.12037037037037036 0.959375 0.24074074074074073 0.0796875
0 0.4351851851851852 0.996875 0.23148148148148148 0.0046875