0 0.05405405405405406 0.2 0.0945945945945946 0.01875
0 0.08108108108108109 0.040625 0.14864864864864866 0.028125
0 0.21621621621621623 0.353125 0.13513513513513514 0.0171875
0 0.6891891891891891 0.3734375 0.4189189189189189 0.0484375
0 0.8513513513513513 0.4125 0.20270270270270271 0.121875
0 0.3108108108108108 0.309375 0.17567567567567569 0.021875
0 0.6081081081081081 0.3 0.17567567567567569 0.025
0 0.8513513513513513 0.221875 0.10810810810810811 0.0125
0 0.4864864864864865 0.5515625 0.20270270270270271 0.0234375
0 0.8918918918918919 0.5390625 0.14864864864864866 0.01875
0 0.6486486486486487 0.615625 0.25675675675675674 0.025
0 0.3783783783783784 0.6359375 0.12162162162162163 0.01875
0 0.7837837837837838 0.6609375 0.20270270270270271 0.0203125
0 0.5945945945945946 0.6953125 0.17567567567567569 0.021875
0 0.3108108108108108 0.70625 0.1891891891891892 0.034375
0 0.21621621621621623 0.4015625 0.17567567567567569 0.01875
0 0.6486486486486487 0.8203125 0.1891891891891892 0.021875
0 0.06756756756756757 0.853125 0.12162162162162163 0.025
0 0.20270270270270271 0.915625 0.36486486486486486 0.040625
0 0.8918918918918919 0.7546875 0.16216216216216217 0.0421875
0 0.24324324324324326 0.771875 0.21621621621621623 0.025
0 0.7837837837837838 0.975 0.32432432432432434 0.0484375