0 0.34615384615384615 0.1859375 0.08974358974358974 0.0140625
0 0.14102564102564102 0.184375 0.05128205128205128 0.0078125
0 0.6153846153846154 0.1421875 0.0641025641025641 0.0109375
0 0.7948717948717948 0.13125 0.0641025641025641 0.0109375
0 0.2692307692307692 0.109375 0.0641025641025641 0.0125
0 0.3076923076923077 0.3578125 0.10256410256410256 0.0125
0 0.5256410256410257 0.3515625 0.08974358974358974 0.0125
0 0.8076923076923077 0.31875 0.07692307692307693 0.009375
0 0.8974358974358975 0.29375 0.05128205128205128 0.0109375
0 0.01282051282051282 0.359375 0.02564102564102564 0.0125
0 0.1282051282051282 0.3609375 0.0641025641025641 0.0078125
0 0.02564102564102564 0.3953125 0.038461538461538464 0.0078125
0 0.3333333333333333 0.4140625 0.08974358974358974 0.009375
0 0.01282051282051282 0.4390625 0.02564102564102564 0.015625
0 0.1794871794871795 0.49375 0.08974358974358974 0.0109375
0 0.3974358974358974 0.4515625 0.08974358974358974 0.0140625
0 0.5256410256410257 0.440625 0.0641025641025641 0.009375
0 0.10256410256410256 0.5265625 0.0641025641025641 0.009375
0 0.21794871794871795 0.5375 0.0641025641025641 0.009375
0 0.7564102564102564 0.5671875 0.07692307692307693 0.0109375
0 0.1794871794871795 0.790625 0.11538461538461539 0.0140625
0 0.32051282051282054 0.7515625 0.08974358974358974 0.0125
0 0.34615384615384615 0.8546875 0.10256410256410256 0.0109375
0 0.717948717948718 0.8015625 0.08974358974358974 0.0140625
0 0.358974358974359 0.8890625 0.0641025641025641 0.009375