0 0.0273972602739726 0.1640625 0.0410958904109589 0.0203125
0 0.1643835616438356 0.334375 0.1506849315068493 0.01875
0 0.7123287671232876 0.35625 0.4657534246575342 0.053125
0 0.8767123287671232 0.4 0.2328767123287671 0.1359375
0 0.273972602739726 0.2859375 0.1917808219178082 0.0234375
0 0.6164383561643836 0.275 0.1917808219178082 0.028125
0 0.8904109589041096 0.1890625 0.1232876712328767 0.0140625
0 0.4794520547945205 0.5546875 0.2191780821917808 0.025
0 0.9178082191780822 0.5421875 0.1506849315068493 0.0203125
0 0.6712328767123288 0.6265625 0.2876712328767123 0.028125
0 0.3561643835616438 0.6484375 0.136986301369863 0.0203125
0 0.8082191780821918 0.6765625 0.2328767123287671 0.021875
0 0.6027397260273972 0.715625 0.1917808219178082 0.0234375
0 0.273972602739726 0.7265625 0.2054794520547945 0.0390625
0 0.1643835616438356 0.3875 0.1917808219178082 0.0203125
0 0.6712328767123288 0.8546875 0.2054794520547945 0.0234375
0 0.0410958904109589 0.890625 0.0684931506849315 0.028125
0 0.1780821917808219 0.9609375 0.3561643835616438 0.0453125
0 0.9178082191780822 0.7796875 0.1506849315068493 0.046875
0 0.2054794520547945 0.8 0.2465753424657534 0.028125