0 0.8701923076923077 0.234375 0.25961538461538464 0.0625
0 0.2403846153846154 0.2640625 0.22115384615384615 0.0359375
0 0.3942307692307692 0.0640625 0.7211538461538461 0.128125
0 0.4230769230769231 0.509375 0.33653846153846156 0.0515625
0 0.9038461538461539 0.140625 0.14423076923076922 0.03125
0 0.19230769230769232 0.4359375 0.38461538461538464 0.0953125
0 0.8365384615384616 0.4484375 0.3269230769230769 0.06875
0 0.9663461538461539 0.6078125 0.0673076923076923 0.08125
0 0.41346153846153844 0.4078125 0.8269230769230769 0.446875
0 0.5384615384615384 0.9375 0.33653846153846156 0.059375
0 0.3173076923076923 0.9265625 0.625 0.146875
0 0.9086538461538461 0.9109375 0.18269230769230768 0.178125
0 0.5480769230769231 0.7125 0.75 0.128125
0 0.4326923076923077 0.575 0.19230769230769232 0.0359375
0 0.23076923076923078 0.9984375 0.15384615384615385 0.003125
0 0.2403846153846154 0.8984375 0.18269230769230768 0.034375
0 0.20192307692307693 0.3265625 0.18269230769230768 0.0359375
0 0.5961538461538461 0.090625 0.15384615384615385 0.025
0 0.3269230769230769 0.0765625 0.14423076923076922 0.0265625
0 0.9423076923076923 0.05 0.11538461538461539 0.03125