0 0.04054054054054054 0.19092331768388107 0.06756756756756757 0.02034428794992175
0 0.06756756756756757 0.02034428794992175 0.12162162162162163 0.03129890453834116
0 0.1891891891891892 0.35524256651017216 0.14864864864864866 0.018779342723004695
0 0.7027027027027027 0.3755868544600939 0.44594594594594594 0.051643192488262914
0 0.8648648648648649 0.41784037558685444 0.22972972972972974 0.13145539906103287
0 0.2972972972972973 0.3082942097026604 0.1891891891891892 0.023474178403755867
0 0.6081081081081081 0.297339593114241 0.1891891891891892 0.028169014084507043
0 0.8648648648648649 0.21439749608763695 0.12162162162162163 0.014084507042253521
0 0.4864864864864865 0.5665101721439749 0.21621621621621623 0.025039123630672927
0 0.918918918918919 0.5539906103286385 0.16216216216216217 0.02034428794992175
0 0.6621621621621622 0.6353677621283255 0.28378378378378377 0.028169014084507043
0 0.36486486486486486 0.6557120500782473 0.13513513513513514 0.02034428794992175
0 0.7972972972972973 0.6823161189358372 0.22972972972972974 0.02190923317683881
0 0.5945945945945946 0.7198748043818466 0.1891891891891892 0.023474178403755867
0 0.28378378378378377 0.730829420970266 0.20270270270270271 0.03755868544600939
0 0.1891891891891892 0.405320813771518 0.1891891891891892 0.02034428794992175
0 0.6621621621621622 0.8544600938967136 0.20270270270270271 0.023474178403755867
0 0.05405405405405406 0.8888888888888888 0.0945945945945946 0.028169014084507043
0 0.1891891891891892 0.9561815336463224 0.36486486486486486 0.04381846635367762
0 0.9121621621621622 0.7816901408450704 0.17567567567567569 0.04538341158059468
0 0.21621621621621623 0.8028169014084507 0.24324324324324326 0.028169014084507043