0 0.13432835820895522 0.375 0.26865671641791045 0.0375
0 0.6119402985074627 0.45625 0.29850746268656714 0.03125
0 0.3582089552238806 0.7609375 0.26865671641791045 0.0265625
0 0.1791044776119403 0.328125 0.208955223880597 0.021875
0 0.746268656716418 0.0015625 0.208955223880597 0.003125
0 0.5373134328358209 0.73125 0.19402985074626866 0.0203125
0 0.4925373134328358 0.865625 0.16417910447761194 0.0171875
0 0.40298507462686567 0.2859375 0.14925373134328357 0.01875
0 0.3880597014925373 0.1015625 0.208955223880597 0.0171875
0 0.5970149253731343 0.1109375 0.11940298507462686 0.0109375
0 0.44776119402985076 0.23125 0.22388059701492538 0.0203125