0 0.5913461538461539 0.015625 0.8173076923076923 0.03125
0 0.36538461538461536 0.2203125 0.5480769230769231 0.09375
0 0.5 0.1484375 0.20192307692307693 0.0296875
0 0.8076923076923077 0.484375 0.2403846153846154 0.0609375
0 0.3942307692307692 0.415625 0.14423076923076922 0.0265625
0 0.46153846153846156 0.60625 0.16346153846153846 0.0296875
0 0.009615384615384616 0.4953125 0.019230769230769232 0.028125
0 0.7596153846153846 0.8796875 0.125 0.03125
0 0.2980769230769231 0.88125 0.125 0.0234375
0 0.6730769230769231 0.859375 0.125 0.0234375
0 0.5961538461538461 0.90625 0.6538461538461539 0.1875
0 0.8557692307692307 0.571875 0.21153846153846154 0.1046875
0 0.019230769230769232 0.5609375 0.038461538461538464 0.025
0 0.3942307692307692 0.5609375 0.1346153846153846 0.0328125
0 0.5288461538461539 0.496875 0.8942307692307693 0.2578125
0 0.8076923076923077 0.11875 0.33653846153846156 0.1203125
0 0.3076923076923077 0.103125 0.6153846153846154 0.125
0 0.7692307692307693 0.7265625 0.3557692307692308 0.1234375
0 0.3076923076923077 0.6859375 0.1346153846153846 0.025
0 0.25961538461538464 0.49375 0.11538461538461539 0.025
0 0.14423076923076922 0.3953125 0.11538461538461539 0.0296875
0 0.7884615384615384 0.4171875 0.27884615384615385 0.065625
0 0.6346153846153846 0.5375 0.10576923076923077 0.0265625
0 0.16346153846153846 0.890625 0.3269230769230769 0.21875