0 0.6330275229357798 0.0140625 0.21100917431192662 0.028125
0 0.42201834862385323 0.08125 0.1651376146788991 0.028125
0 0.027522935779816515 0.065625 0.045871559633027525 0.04375
0 0.1559633027522936 0.21875 0.12844036697247707 0.025
0 0.3761467889908257 0.3578125 0.3761467889908257 0.05
0 0.1926605504587156 0.4375 0.21100917431192662 0.0375
0 0.027522935779816515 0.60625 0.05504587155963303 0.059375
0 0.45871559633027525 0.50625 0.22018348623853212 0.04375
0 0.5412844036697247 0.66875 0.21100917431192662 0.05625
0 0.5963302752293578 0.5609375 0.14678899082568808 0.053125
0 0.10091743119266056 0.728125 0.1926605504587156 0.0421875
0 0.4036697247706422 0.746875 0.26605504587155965 0.05
0 0.3394495412844037 0.7 0.1651376146788991 0.0375
0 0.48623853211009177 0.815625 0.12844036697247707 0.0328125
0 0.11926605504587157 0.9046875 0.23853211009174313 0.04375
0 0.41284403669724773 0.8828125 0.27522935779816515 0.040625
0 0.3394495412844037 0.959375 0.1743119266055046 0.03125
0 0.5504587155963303 0.953125 0.13761467889908258 0.0421875
0 0.5688073394495413 0.9890625 0.12844036697247707 0.0203125