0 0.3055555555555556 0.0703125 0.16666666666666666 0.0296875
0 0.5694444444444444 0.04375 0.2222222222222222 0.034375
0 0.375 0.2015625 0.4166666666666667 0.0421875
0 0.041666666666666664 0.2 0.08333333333333333 0.025
0 0.5277777777777778 0.43125 0.2916666666666667 0.0296875
0 0.6388888888888888 0.509375 0.3055555555555556 0.046875
0 0.3333333333333333 0.4828125 0.19444444444444445 0.021875
0 0.3194444444444444 0.3953125 0.3194444444444444 0.0296875
0 0.6527777777777778 0.6140625 0.3055555555555556 0.034375
0 0.08333333333333333 0.0390625 0.16666666666666666 0.03125
0 0.06944444444444445 0.796875 0.1388888888888889 0.0328125
0 0.4027777777777778 0.8609375 0.2916666666666667 0.028125
0 0.8958333333333334 0.66875 0.20833333333333334 0.015625
0 0.9097222222222222 0.30234375 0.18055555555555555 0.0203125
0 0.8819444444444444 0.17109375 0.2361111111111111 0.0265625
0 0.625 0.778125 0.1527777777777778 0.021875
0 0.041666666666666664 0.6640625 0.08333333333333333 0.0234375
0 0.8819444444444444 0.4171875 0.2361111111111111 0.015625
0 0.19444444444444445 0.9546875 0.2222222222222222 0.0171875
0 0.9166666666666666 0.990625 0.06944444444444445 0.0171875
0 0.375 0.990625 0.09722222222222222 0.0140625
0 0.5277777777777778 0.7484375 0.16666666666666666 0.0375
0 0.7638888888888888 0.8359375 0.2638888888888889 0.01875