0 0.4722222222222222 0.5484375 0.5555555555555556 0.0546875
0 0.05555555555555555 0.1578125 0.09722222222222222 0.0328125
0 0.8680555555555556 0.64453125 0.2638888888888889 0.0171875
0 0.08333333333333333 0.846875 0.16666666666666666 0.0203125
0 0.5277777777777778 0.796875 0.18055555555555555 0.0171875
0 0.2361111111111111 0.76875 0.20833333333333334 0.0203125
0 0.4722222222222222 0.9953125 0.2361111111111111 0.009375
0 0.4027777777777778 0.9609375 0.1111111111111111 0.0140625
0 0.6111111111111112 0.496875 0.125 0.0109375
0 0.9444444444444444 0.4859375 0.08333333333333333 0.0078125
0 0.9930555555555556 0.54140625 0.013888888888888888 0.0109375
0 0.9791666666666666 0.578125 0.041666666666666664 0.0125
0 0.5 0.6828125 0.18055555555555555 0.01875
0 0.20833333333333334 0.0125 0.2222222222222222 0.0234375
0 0.9097222222222222 0.2171875 0.18055555555555555 0.01875
0 0.6527777777777778 0.2046875 0.2222222222222222 0.0171875
0 0.013888888888888888 0.74375 0.027777777777777776 0.0140625