0 0.6359223300970874 0.0453125 0.7281553398058253 0.090625
0 0.5436893203883495 0.1546875 0.6019417475728155 0.1765625
0 0.9902912621359223 0.3 0.009708737864077669 0.0453125
0 0.6213592233009708 0.8171875 0.3300970873786408 0.0453125
0 0.912621359223301 0.54375 0.14563106796116504 0.0296875
0 0.9320388349514563 0.7765625 0.13592233009708737 0.0640625
0 0.6116504854368932 0.76875 0.7669902912621359 0.1578125
0 0.4174757281553398 0.94375 0.21359223300970873 0.0390625
0 0.6504854368932039 0.9828125 0.14563106796116504 0.028125
0 0.7378640776699029 0.890625 0.2524271844660194 0.0265625
0 0.8203883495145631 0.2703125 0.3592233009708738 0.228125