0 0.734375 0.2453125 0.234375 0.0234375
0 0.65625 0.08125 0.375 0.03125
0 0.625 0.1125 0.203125 0.021875
0 0.765625 0.1359375 0.203125 0.025
0 0.296875 0.5109375 0.21875 0.01875
0 0.046875 0.659375 0.078125 0.0203125
0 0.140625 0.15 0.109375 0.0109375
0 0.015625 0.234375 0.03125 0.009375
0 0.828125 0.2265625 0.265625 0.0125
0 0.875 0.475 0.15625 0.0171875
0 0.0625 0.7421875 0.125 0.0171875
0 0.75 0.8203125 0.4375 0.0484375
0 0.15625 0.840625 0.1875 0.0109375
0 0.328125 0.734375 0.140625 0.015625
0 0.765625 0.75625 0.140625 0.0140625
0 0.03125 0.9265625 0.046875 0.01875
0 0.7265625 0.97578125 0.546875 0.0453125