0 0.1134020618556701 0.984375 0.21649484536082475 0.03125
0 0.3402061855670103 0.75 0.16494845360824742 0.0421875
0 0.17525773195876287 0.925 0.17525773195876287 0.0296875
0 0.05154639175257732 0.6953125 0.09278350515463918 0.0203125
0 0.030927835051546393 0.778125 0.05154639175257732 0.03125
0 0.35051546391752575 0.8921875 0.18556701030927836 0.021875
0 0.29896907216494845 0.4015625 0.17525773195876287 0.0171875
0 0.5670103092783505 0.4625 0.16494845360824742 0.01875
0 0.4536082474226804 0.5171875 0.16494845360824742 0.0078125
0 0.5154639175257731 0.55 0.1134020618556701 0.0171875
0 0.3402061855670103 0.584375 0.16494845360824742 0.00625
0 0.21649484536082475 0.4953125 0.09278350515463918 0.021875
0 0.35051546391752575 0.6640625 0.08247422680412371 0.0203125
0 0.010309278350515464 0.6609375 0.010309278350515464 0.0125
0 0.5670103092783505 0.8109375 0.05154639175257732 0.0171875
0 0.010309278350515464 0.3140625 0.020618556701030927 0.0328125
0 0.3402061855670103 0.19375 0.6701030927835051 0.3875
0 0.20618556701030927 0.1484375 0.13402061855670103 0.0296875
0 0.28865979381443296 0.128125 0.17525773195876287 0.009375