0 0.5068493150684932 0.146875 0.2191780821917808 0.025
0 0.6986301369863014 0.2046875 0.2328767123287671 0.03125
0 0.821917808219178 0.284375 0.1780821917808219 0.0234375
0 0.9315068493150684 0.75625 0.136986301369863 0.01875
0 0.2876712328767123 0.7234375 0.1917808219178082 0.040625
0 0.547945205479452 0.784375 0.1780821917808219 0.03125
0 0.6301369863013698 0.8734375 0.2191780821917808 0.0234375
0 0.6712328767123288 0.840625 0.136986301369863 0.015625
0 0.589041095890411 0.903125 0.136986301369863 0.0203125
0 0.8493150684931506 0.9421875 0.1506849315068493 0.0328125
0 0.9657534246575342 0.95 0.0684931506849315 0.015625
0 0.9178082191780822 0.9859375 0.1506849315068493 0.025