0 0.6666666666666666 0.1109375 0.4065040650406504 0.08125
0 0.3333333333333333 0.171875 0.43089430894308944 0.0859375
0 0.10569105691056911 0.11875 0.2032520325203252 0.084375
0 0.08943089430894309 0.253125 0.17073170731707318 0.08125
0 0.7723577235772358 0.2328125 0.4146341463414634 0.1171875
0 0.08130081300813008 0.625 0.15447154471544716 0.1015625
0 0.08943089430894309 0.471875 0.17886178861788618 0.0875
0 0.7073170731707317 0.440625 0.5853658536585366 0.2109375
0 0.6341463414634146 0.6015625 0.6097560975609756 0.1359375
0 0.2764227642276423 0.915625 0.3089430894308943 0.078125
0 0.13821138211382114 0.80625 0.2682926829268293 0.071875
0 0.7804878048780488 0.7234375 0.2601626016260163 0.078125
0 0.44715447154471544 0.81875 0.8861788617886179 0.3609375