0 0.8205128205128205 0.053125 0.1282051282051282 0.0125
0 0.34615384615384615 0.125 0.15384615384615385 0.0203125
0 0.14102564102564102 0.1734375 0.11538461538461539 0.015625
0 0.6794871794871795 0.1953125 0.10256410256410256 0.015625
0 0.08974358974358974 0.0640625 0.11538461538461539 0.0171875
0 0.07692307692307693 0.2890625 0.11538461538461539 0.015625
0 0.10256410256410256 0.31875 0.1282051282051282 0.01875
0 0.46153846153846156 0.33125 0.08974358974358974 0.0125
0 0.8589743589743589 0.3171875 0.2692307692307692 0.040625
0 0.9230769230769231 0.28125 0.11538461538461539 0.01875
0 0.5128205128205128 0.2359375 0.1794871794871795 0.0140625
0 0.11538461538461539 0.1953125 0.1794871794871795 0.0171875
0 0.6538461538461539 0.5671875 0.07692307692307693 0.0109375
0 0.5128205128205128 0.590625 0.08974358974358974 0.0140625
0 0.38461538461538464 0.63125 0.1794871794871795 0.025
0 0.15384615384615385 0.8640625 0.08974358974358974 0.0109375
0 0.01282051282051282 0.95625 0.01282051282051282 0.015625
0 0.8205128205128205 0.834375 0.16666666666666666 0.0375