0 0.08181818181818182 0.00625 0.15454545454545454 0.0109375
0 0.1 0.0484375 0.11818181818181818 0.0203125
0 0.20909090909090908 0.0671875 0.10909090909090909 0.0234375
0 0.4818181818181818 0.040625 0.15454545454545454 0.025
0 0.6272727272727273 0.0640625 0.13636363636363635 0.0265625
0 0.22727272727272727 0.1609375 0.13636363636363635 0.028125
0 0.19090909090909092 0.1921875 0.18181818181818182 0.034375
0 0.6909090909090909 0.196875 0.14545454545454545 0.0375
0 0.9045454545454545 0.21484375 0.19090909090909092 0.0421875
0 0.9818181818181818 0.1796875 0.03636363636363636 0.0328125
0 0.5181818181818182 0.1765625 0.1 0.021875
0 0.07272727272727272 0.3640625 0.14545454545454545 0.0375
0 0.09090909090909091 0.2796875 0.12727272727272726 0.0234375
0 0.23636363636363636 0.28125 0.10909090909090909 0.021875
0 0.85 0.315625 0.3 0.075
0 0.9272727272727272 0.38125 0.14545454545454545 0.0375
0 0.02727272727272727 0.4875 0.045454545454545456 0.1140625
0 0.41818181818181815 0.4203125 0.17272727272727273 0.0265625
0 0.6909090909090909 0.4421875 0.11818181818181818 0.0265625
0 0.2727272727272727 0.4859375 0.42727272727272725 0.1234375
0 0.8454545454545455 0.50625 0.10909090909090909 0.025
0 0.7636363636363637 0.478125 0.1 0.01875
0 0.5454545454545454 0.565625 0.18181818181818182 0.0359375
0 0.5181818181818182 0.6046875 0.39090909090909093 0.06875
0 0.09090909090909091 0.5828125 0.18181818181818182 0.046875
0 0.17272727272727273 0.6375 0.17272727272727273 0.0359375
0 0.8 0.6578125 0.15454545454545454 0.025
0 0.6909090909090909 0.7015625 0.2636363636363636 0.0375
0 0.990909090909091 0.6890625 0.00909090909090909 0.0453125
0 0.9363636363636364 0.7828125 0.12727272727272726 0.04375
0 0.5363636363636364 0.7515625 0.14545454545454545 0.028125
0 0.7636363636363637 0.9359375 0.10909090909090909 0.021875
0 0.9454545454545454 0.940625 0.1 0.0171875
0 0.10909090909090909 0.9515625 0.21818181818181817 0.0296875