0 0.5 0.803125 1 0.3921875
0 0.9779411764705882 0.85703125 0.04411764705882353 0.0578125
0 0.9632352941176471 0.446875 0.07352941176470588 0.05625
0 0.07352941176470588 0.8703125 0.1323529411764706 0.03125
0 0.9044117647058824 0.94609375 0.19117647058823528 0.0296875
0 0.17647058823529413 0.953125 0.20588235294117646 0.0265625
0 0.7941176470588235 0.7703125 0.11764705882352941 0.0265625
0 0.4117647058823529 0.43125 0.8088235294117647 0.0875
0 0.5294117647058824 0.2796875 0.3235294117647059 0.0203125
0 0.04411764705882353 0.1421875 0.07352941176470588 0.025
0 0.875 0.54453125 0.25 0.0140625
0 0.6323529411764706 0.10625 0.6323529411764706 0.05625
0 0.4264705882352941 0.3359375 0.19117647058823528 0.021875