0 0.05555555555555555 0.175 0.1111111111111111 0.0265625
0 0.6388888888888888 0.140625 0.2222222222222222 0.034375
0 0.3611111111111111 0.1890625 0.3194444444444444 0.0421875
0 0.1527777777777778 0.325 0.3055555555555556 0.0359375
0 0.9166666666666666 0.00625 0.06944444444444445 0.0109375
0 0.8055555555555556 0.359375 0.25 0.0359375
0 0.06944444444444445 0.2234375 0.1388888888888889 0.0265625
0 0.05555555555555555 0.4140625 0.09722222222222222 0.015625
0 0.7291666666666666 0.8328125 0.5416666666666666 0.065625
0 0.1111111111111111 0.5671875 0.20833333333333334 0.028125
0 0.027777777777777776 0.690625 0.05555555555555555 0.0265625
0 0.5138888888888888 0.6875 0.3194444444444444 0.028125
0 0.7777777777777778 0.453125 0.19444444444444445 0.0265625
0 0.3194444444444444 0.98125 0.4861111111111111 0.0359375