0 0.26666666666666666 0.0109375 0.13333333333333333 0.021875
0 0.19047619047619047 0.2734375 0.2 0.0328125
0 0.3333333333333333 0.36875 0.18095238095238095 0.03125
0 0.6190476190476191 0.28125 0.11428571428571428 0.0265625
0 0.9666666666666667 0.4828125 0.06666666666666667 0.04375
0 0.02857142857142857 0.55625 0.05714285714285714 0.0375
0 0.06666666666666667 0.45 0.12380952380952381 0.028125
0 0.44761904761904764 0.728125 0.17142857142857143 0.0390625
0 0.7428571428571429 0.5875 0.1523809523809524 0.03125
0 0.8095238095238095 0.6203125 0.1523809523809524 0.034375
0 0.11428571428571428 0.6609375 0.1619047619047619 0.03125
0 0.4666666666666667 0.90625 0.24761904761904763 0.04375
0 0.01904761904761905 0.9625 0.0380952380952381 0.03125
0 0.8857142857142857 0.79375 0.22857142857142856 0.1078125
0 0.8714285714285714 0.90390625 0.2571428571428571 0.0953125
0 0.919047619047619 0.12109375 0.1619047619047619 0.1234375