0 0.6794871794871795 0.034375 0.05128205128205128 0.0078125
0 0.7435897435897436 0.01875 0.0641025641025641 0.0125
0 0.3717948717948718 0.2234375 0.07692307692307693 0.0125
0 0.1794871794871795 0.221875 0.038461538461538464 0.00625
0 0.6153846153846154 0.1828125 0.05128205128205128 0.009375
0 0.782051282051282 0.1734375 0.05128205128205128 0.009375
0 0.28205128205128205 0.1515625 0.05128205128205128 0.0109375
0 0.32051282051282054 0.3859375 0.08974358974358974 0.0109375
0 0.5384615384615384 0.3796875 0.07692307692307693 0.0109375
0 0.7948717948717948 0.3484375 0.0641025641025641 0.0078125
0 0.8846153846153846 0.325 0.038461538461538464 0.009375
0 0.02564102564102564 0.3875 0.05128205128205128 0.0109375
0 0.15384615384615385 0.3890625 0.05128205128205128 0.00625
0 0.05128205128205128 0.421875 0.038461538461538464 0.00625
0 0.34615384615384615 0.4375 0.07692307692307693 0.0078125
0 0.02564102564102564 0.4625 0.05128205128205128 0.0140625
0 0.21794871794871795 0.5140625 0.07692307692307693 0.009375
0 0.41025641025641024 0.475 0.07692307692307693 0.0125
0 0.5256410256410257 0.4640625 0.05128205128205128 0.0078125
0 0.14102564102564102 0.54375 0.05128205128205128 0.0078125
0 0.24358974358974358 0.5546875 0.05128205128205128 0.0078125
0 0.7435897435897436 0.5828125 0.0641025641025641 0.009375
0 0.20512820512820512 0.79375 0.10256410256410256 0.0125
0 0.3333333333333333 0.75625 0.07692307692307693 0.0109375
0 0.358974358974359 0.8546875 0.08974358974358974 0.009375
0 0.717948717948718 0.803125 0.07692307692307693 0.0125
0 0.38461538461538464 0.8859375 0.05128205128205128 0.0078125
0 0.9871794871794872 0.99375 0.01282051282051282 0.0078125