0 0.4852941176470588 0.3765625 0.23529411764705882 0.0265625
0 0.7205882352941176 0.5296875 0.27941176470588236 0.0171875
0 0.5441176470588235 0.4921875 0.25 0.0203125
0 0.029411764705882353 0.375 0.058823529411764705 0.0296875
0 0.20588235294117646 0.846875 0.4117647058823529 0.1
0 0.1323529411764706 0.934375 0.25 0.015625
0 0.25 0.38125 0.058823529411764705 0.0140625
0 0.8088235294117647 0.4109375 0.25 0.015625
0 0.45588235294117646 0.1125 0.17647058823529413 0.01875
0 0.6764705882352942 0.753125 0.16176470588235295 0.0171875
0 0.16176470588235295 0.2390625 0.3088235294117647 0.15
0 0.39705882352941174 0.3375 0.07352941176470588 0.0078125
0 0.19117647058823528 0.7140625 0.07352941176470588 0.00625