0 0.0975609756097561 0.0515625 0.1951219512195122 0.046875
0 0.17886178861788618 0.10625 0.15447154471544716 0.0328125
0 0.2032520325203252 0.1796875 0.11382113821138211 0.0296875
0 0.8699186991869918 0.15625 0.21138211382113822 0.0390625
0 0.45528455284552843 0.1 0.2601626016260163 0.075
0 0.5 0.16328125 1 0.3265625
0 0.25203252032520324 0.3640625 0.23577235772357724 0.0453125
0 0.983739837398374 0.228125 0.024390243902439025 0.265625
0 0.9065040650406504 0.35390625 0.18699186991869918 0.0421875
0 0.43902439024390244 0.49375 0.21138211382113822 0.04375
0 0.9349593495934959 0.49375 0.12195121951219512 0.040625
0 0.4065040650406504 0.409375 0.15447154471544716 0.0296875
0 0.4065040650406504 0.61875 0.25203252032520324 0.05
0 0.8252032520325203 0.615625 0.34959349593495936 0.09375
0 0.08130081300813008 0.8859375 0.16260162601626016 0.1625
0 0.44715447154471544 0.7203125 0.24390243902439024 0.0703125
0 0.23577235772357724 0.6578125 0.4715447154471545 0.1421875
0 0.17073170731707318 0.996875 0.17886178861788618 0.00625
0 0.43089430894308944 0.984375 0.8617886178861789 0.03125