0 0.125 0.0890625 0.234375 0.0296875
0 0.703125 0.109375 0.359375 0.034375
0 0.671875 0.3703125 0.1875 0.0140625
0 0.8125 0.39375 0.265625 0.0171875
0 0.875 0.246875 0.203125 0.0203125
0 0.171875 0.1640625 0.296875 0.0234375
0 0.484375 0.5421875 0.15625 0.01875
0 0.75 0.5640625 0.09375 0.0078125
0 0.9375 0.5671875 0.09375 0.015625
0 0.328125 0.475 0.0625 0.0078125
0 0.453125 0.4859375 0.0625 0.0078125
0 0.609375 0.5359375 0.046875 0.0140625
0 0.34375 0.6328125 0.171875 0.015625
0 0.015625 0.646875 0.03125 0.0234375
0 0.5 0.71875 0.984375 0.0515625
0 0.484375 0.68125 0.25 0.0234375
0 0.34375 0.9125 0.3125 0.03125
0 0.7109375 0.9859375 0.578125 0.028125