0 0.6461538461538462 0.0859375 0.49230769230769234 0.06875
0 0.5846153846153846 0.7484375 0.27692307692307694 0.0484375
0 0.9923076923076923 0.3359375 0.015384615384615385 0.05625
0 0.18461538461538463 0.6765625 0.18461538461538463 0.04375
0 0.46153846153846156 0.2375 0.12307692307692308 0.01875
0 0.676923076923077 0.2609375 0.13846153846153847 0.0171875
0 0.3230769230769231 0.4875 0.49230769230769234 0.071875
0 0.5692307692307692 0.4203125 0.24615384615384617 0.0203125
0 0.4153846153846154 0.984375 0.6615384615384615 0.03125
0 0.3076923076923077 0.940625 0.4153846153846154 0.0359375
0 0.9230769230769231 0.2125 0.09230769230769231 0.009375
0 0.9923076923076923 0.815625 0.015384615384615385 0.034375