0 0.4264705882352941 0.496875 0.16176470588235295 0.0296875
0 0.014705882352941176 0.628125 0.029411764705882353 0.040625
0 0.9338235294117647 0.37421875 0.1323529411764706 0.0296875
0 0.5220588235294118 0.846875 0.9558823529411765 0.1
0 0.4852941176470588 0.953125 0.2647058823529412 0.0140625
0 0.3382352941176471 0.99375 0.08823529411764706 0.0109375
0 0.058823529411764705 0.8421875 0.11764705882352941 0.0328125
0 0.9338235294117647 0.934375 0.1323529411764706 0.015625
0 0.47058823529411764 0.25 0.1323529411764706 0.0203125
0 0.47058823529411764 0.05625 0.25 0.021875
0 0.5 0.2390625 1 0.15
0 0.4411764705882353 0.278125 0.11764705882352941 0.0125
0 0.4117647058823529 0.3640625 0.08823529411764706 0.0109375
0 0.1323529411764706 0.3921875 0.07352941176470588 0.0078125
0 0.5147058823529411 0.3984375 0.08823529411764706 0.0078125
0 0.19117647058823528 0.8828125 0.16176470588235295 0.0140625
0 0.7794117647058824 0.9328125 0.11764705882352941 0.015625