0 0.21649484536082475 0.9609375 0.27835051546391754 0.0546875
0 0.09278350515463918 0.9828125 0.17525773195876287 0.0328125
0 0.5360824742268041 0.546875 0.3711340206185567 0.0421875
0 0.1958762886597938 0.5109375 0.3711340206185567 0.03125
0 0.18556701030927836 0.6171875 0.3711340206185567 0.03125
0 0.09278350515463918 0.7140625 0.18556701030927836 0.0546875
0 0.4536082474226804 0.7171875 0.4845360824742268 0.0515625
0 0.4845360824742268 0.7921875 0.30927835051546393 0.065625
0 0.422680412371134 0.065625 0.6185567010309279 0.1296875
0 0.05154639175257732 0.071875 0.10309278350515463 0.14375
0 0.30927835051546393 0.41875 0.6185567010309279 0.1921875
0 0.17525773195876287 0.2578125 0.35051546391752575 0.053125
0 0.5360824742268041 0.2765625 0.31958762886597936 0.046875