0 0.9357798165137615 0.0296875 0.12844036697247707 0.0578125
0 0.7522935779816514 0.0140625 0.1743119266055046 0.0265625
0 0.26605504587155965 0.05 0.41284403669724773 0.1
0 0.3669724770642202 0.0625 0.11926605504587157 0.034375
0 0.3302752293577982 0.1328125 0.21100917431192662 0.0421875
0 0.6055045871559633 0.14375 0.13761467889908258 0.0265625
0 0.22018348623853212 0.2546875 0.3944954128440367 0.090625
0 0.9357798165137615 0.146875 0.12844036697247707 0.0328125
0 0.9403669724770642 0.240625 0.11926605504587157 0.0375
0 0.3119266055045872 0.353125 0.29357798165137616 0.0609375
0 0.9311926605504587 0.45546875 0.13761467889908258 0.0640625
0 0.43119266055045874 0.5921875 0.22018348623853212 0.04375
0 0.7798165137614679 0.603125 0.22935779816513763 0.040625
0 0.1559633027522936 0.5421875 0.1743119266055046 0.0265625
0 0.9495412844036697 0.365625 0.10091743119266056 0.021875
0 0.7431192660550459 0.225 0.1559633027522936 0.0296875
0 0.27522935779816515 0.246875 0.11009174311926606 0.021875
0 0.3211009174311927 0.9921875 0.1743119266055046 0.0140625
0 0.22935779816513763 0.6953125 0.13761467889908258 0.028125
0 0.963302752293578 0.659375 0.07339449541284404 0.03125
0 0.09174311926605505 0.6171875 0.1834862385321101 0.0890625
0 0.07339449541284404 0.8328125 0.14678899082568808 0.065625
0 0.08256880733944955 0.9515625 0.1559633027522936 0.0953125
0 0.41284403669724773 0.9125 0.30275229357798167 0.040625
0 0.5596330275229358 0.79375 0.3302752293577982 0.0390625