0 0.5189873417721519 0.0453125 0.11392405063291139 0.015625
0 0.16455696202531644 0.08125 0.10126582278481013 0.015625
0 0.35443037974683544 0.34375 0.06329113924050633 0.0109375
0 0.22784810126582278 0.3234375 0.06329113924050633 0.009375
0 0.012658227848101266 0.60625 0.012658227848101266 0.0046875
0 0.7974683544303798 0.6640625 0.05063291139240506 0.0078125
0 0.6708860759493671 0.6453125 0.02531645569620253 0.0046875
0 0.7848101265822784 0.6859375 0.0379746835443038 0.0078125
0 0.620253164556962 0.5296875 0.05063291139240506 0.00625
0 0.25316455696202533 0.5421875 0.0379746835443038 0.00625
0 0.9240506329113924 0.7703125 0.05063291139240506 0.009375
0 0.11392405063291139 0.69375 0.05063291139240506 0.009375
0 0.6075949367088608 0.9171875 0.22784810126582278 0.028125
0 0.8227848101265823 0.9265625 0.05063291139240506 0.00625
0 0.8481012658227848 0.9359375 0.0379746835443038 0.0046875
0 0.3924050632911392 0.971875 0.0379746835443038 0.00625
0 0.569620253164557 0.96875 0.0379746835443038 0.0046875