0 0.08974358974358974 0.09375 0.1794871794871795 0.0890625
0 0.9935897435897436 0.01875 0.01282051282051282 0.0125
0 0.967948717948718 0.1078125 0.0641025641025641 0.0125
0 0.5769230769230769 0.0703125 0.038461538461538464 0.0046875
0 0.8846153846153846 0.071875 0.07692307692307693 0.009375
0 0.3076923076923077 0.278125 0.07692307692307693 0.009375
0 0.9935897435897436 0.30546875 0.01282051282051282 0.0140625
0 0.3333333333333333 0.3140625 0.10256410256410256 0.0125
0 0.23076923076923078 0.59375 0.05128205128205128 0.009375
0 0.7435897435897436 0.596875 0.07692307692307693 0.009375
0 0.8076923076923077 0.6046875 0.0641025641025641 0.009375
0 0.48717948717948717 0.6578125 0.07692307692307693 0.0109375
0 0.9807692307692307 0.6578125 0.038461538461538464 0.015625
0 0.9807692307692307 0.62109375 0.038461538461538464 0.0140625
0 0.8589743589743589 0.7359375 0.15384615384615385 0.0203125
0 0.358974358974359 0.753125 0.07692307692307693 0.0109375
0 0.6538461538461539 0.759375 0.0641025641025641 0.00625
0 0.4358974358974359 0.6015625 0.07692307692307693 0.009375
0 0.6153846153846154 0.9 0.11538461538461539 0.015625
0 0.358974358974359 0.846875 0.0641025641025641 0.009375
0 0.1794871794871795 0.878125 0.08974358974358974 0.0125
0 0.1794871794871795 0.9390625 0.0641025641025641 0.0109375
0 0.3076923076923077 0.9 0.07692307692307693 0.0109375