0 0.7333333333333333 0.0453125 0.5333333333333333 0.0890625
0 0.19047619047619047 0.1421875 0.10476190476190476 0.0234375
0 0.4 0.153125 0.12380952380952381 0.021875
0 0.8095238095238095 0.234375 0.1523809523809524 0.025
0 0.21904761904761905 0.2328125 0.2761904761904762 0.0453125
0 0.9666666666666667 0.2046875 0.06666666666666667 0.025
0 0.19047619047619047 0.3078125 0.08571428571428572 0.01875
0 0.3333333333333333 0.1828125 0.08571428571428572 0.0171875
0 0.3142857142857143 0.1140625 0.09523809523809523 0.0203125
0 0.5 0.740625 1 0.51875
0 0.0761904761904762 0.9015625 0.1523809523809524 0.0375
0 0.5 0.903125 1 0.19375
0 0.5523809523809524 0.9640625 0.09523809523809523 0.0203125