0 0.8446601941747572 0.221875 0.1650485436893204 0.0296875
0 0.5339805825242718 0.1765625 0.0970873786407767 0.0171875
0 0.06796116504854369 0.215625 0.1262135922330097 0.01875
0 0.038834951456310676 0.2078125 0.07766990291262135 0.0609375
0 0.3592233009708738 0.2328125 0.10679611650485436 0.0203125
0 0.1262135922330097 0.06875 0.0970873786407767 0.0171875
0 0.7378640776699029 0.484375 0.1650485436893204 0.0265625
0 0.9757281553398058 0.55234375 0.04854368932038835 0.0171875
0 0.4563106796116505 0.6 0.14563106796116504 0.0265625
0 0.8932038834951457 0.6265625 0.10679611650485436 0.0203125
0 0.9757281553398058 0.64140625 0.04854368932038835 0.0203125
0 0.9854368932038835 0.57109375 0.02912621359223301 0.0171875
0 0.34951456310679613 0.9890625 0.3300970873786408 0.021875
0 0.5145631067961165 0.984375 0.21359223300970873 0.03125
0 0.06796116504854369 0.8984375 0.1262135922330097 0.01875
0 0.11650485436893204 0.921875 0.05825242718446602 0.0109375
0 0.2621359223300971 0.928125 0.06796116504854369 0.0109375