0 0.23529411764705882 0.821875 0.45588235294117646 0.084375
0 0.625 0.04453125 0.75 0.0890625
0 0.8382352941176471 0.4109375 0.3088235294117647 0.0359375
0 0.7647058823529411 0.121875 0.45588235294117646 0.0359375
0 0.25 0.303125 0.35294117647058826 0.0390625
0 0.8676470588235294 0.765625 0.2647058823529412 0.0265625
0 0.6323529411764706 0.984375 0.25 0.0203125
0 0.5294117647058824 0.8375 0.29411764705882354 0.034375
0 0.36764705882352944 0.775 0.23529411764705882 0.0234375
0 0.6029411764705882 0.1890625 0.3235294117647059 0.03125
0 0.9117647058823529 0.3109375 0.16176470588235295 0.01875
0 0.04411764705882353 0.4515625 0.07352941176470588 0.0328125