0 0.6585365853658537 0.196875 0.6829268292682927 0.39375
0 0.6504065040650406 0.1421875 0.3089430894308943 0.078125
0 0.34959349593495936 0.140625 0.2601626016260163 0.059375
0 0.04878048780487805 0.00625 0.08943089430894309 0.0109375
0 0.016260162601626018 0.0328125 0.024390243902439025 0.05
0 0.2682926829268293 0.29375 0.21138211382113822 0.0828125
0 0.04878048780487805 0.225 0.08943089430894309 0.0609375
0 0.04878048780487805 0.1 0.08943089430894309 0.05625
0 0.6585365853658537 0.296875 0.4065040650406504 0.0984375
0 0.13008130081300814 0.45625 0.25203252032520324 0.115625
0 0.5447154471544715 0.5078125 0.2682926829268293 0.0515625
0 0.7967479674796748 0.4484375 0.3333333333333333 0.0515625
0 0.8983739837398373 0.54140625 0.2032520325203252 0.0578125
0 0.18699186991869918 0.703125 0.37398373983739835 0.1484375
0 0.926829268292683 0.7453125 0.14634146341463414 0.0625
0 0.9715447154471545 0.81328125 0.056910569105691054 0.0390625
0 0.18699186991869918 0.8671875 0.17073170731707318 0.0359375
0 0.23577235772357724 0.8953125 0.4634146341463415 0.184375
0 0.5 0.975 1 0.05