0 0.16883116883116883 0.121875 0.33766233766233766 0.05
0 0.8051948051948052 0.2625 0.37662337662337664 0.1359375
0 0.5454545454545454 0.471875 0.4025974025974026 0.034375
0 0.5714285714285714 0.603125 0.2597402597402597 0.03125
0 0.09090909090909091 0.7421875 0.16883116883116883 0.034375
0 0.11688311688311688 0.9 0.23376623376623376 0.075
0 0.4675324675324675 0.9890625 0.7012987012987013 0.0203125
0 0.5064935064935064 0.9390625 0.6753246753246753 0.0546875
0 0.09090909090909091 0.8125 0.16883116883116883 0.021875
0 0.948051948051948 0.5875 0.1038961038961039 0.0140625
0 0.06493506493506493 0.509375 0.12987012987012986 0.021875
0 0.5324675324675324 0.559375 0.2857142857142857 0.0171875