0 0.6582278481012658 0.0625 0.05063291139240506 0.0078125
0 0.7088607594936709 0.046875 0.06329113924050633 0.0125
0 0.35443037974683544 0.2421875 0.0759493670886076 0.0125
0 0.17721518987341772 0.240625 0.0379746835443038 0.00625
0 0.5949367088607594 0.203125 0.05063291139240506 0.009375
0 0.7468354430379747 0.19375 0.05063291139240506 0.009375
0 0.27848101265822783 0.1734375 0.05063291139240506 0.0109375
0 0.31645569620253167 0.396875 0.08860759493670886 0.0109375
0 0.5189873417721519 0.3921875 0.0759493670886076 0.0109375
0 0.759493670886076 0.3625 0.06329113924050633 0.0078125
0 0.8481012658227848 0.3390625 0.0379746835443038 0.009375
0 0.0379746835443038 0.3984375 0.06329113924050633 0.0109375
0 0.16455696202531644 0.4 0.05063291139240506 0.00625
0 0.06329113924050633 0.43125 0.0379746835443038 0.00625
0 0.34177215189873417 0.446875 0.0759493670886076 0.0078125
0 0.0379746835443038 0.46875 0.06329113924050633 0.0140625
0 0.21518987341772153 0.51875 0.0759493670886076 0.009375
0 0.3924050632911392 0.48125 0.0759493670886076 0.0125
0 0.5063291139240507 0.4703125 0.05063291139240506 0.0078125
0 0.13924050632911392 0.5484375 0.05063291139240506 0.0078125
0 0.24050632911392406 0.5578125 0.05063291139240506 0.0078125
0 0.7088607594936709 0.584375 0.06329113924050633 0.009375
0 0.20253164556962025 0.7859375 0.10126582278481013 0.0125
0 0.3291139240506329 0.75 0.0759493670886076 0.0109375
0 0.35443037974683544 0.84375 0.08860759493670886 0.009375
0 0.6835443037974683 0.7953125 0.0759493670886076 0.0125
0 0.3670886075949367 0.8734375 0.05063291139240506 0.0078125
0 0.6708860759493671 0.996875 0.0759493670886076 0.00625
0 0.9620253164556962 0.978125 0.05063291139240506 0.0078125
0 0.9873417721518988 0.925 0.012658227848101266 0.009375