0 0.3150684931506849 0.015625 0.4246575342465753 0.03125
0 0.3835616438356164 0.09375 0.3561643835616438 0.0359375
0 0.6027397260273972 0.3390625 0.1506849315068493 0.0171875
0 0.3561643835616438 0.178125 0.4246575342465753 0.04375
0 0.0547945205479452 0.603125 0.1095890410958904 0.2078125
0 0.821917808219178 0.425 0.3561643835616438 0.06875
0 0.4383561643835616 0.2921875 0.2191780821917808 0.028125
0 0.6575342465753424 0.6953125 0.2054794520547945 0.0234375
0 0.0410958904109589 0.8296875 0.0821917808219178 0.021875
0 0.410958904109589 0.7765625 0.1506849315068493 0.0265625
0 0.9041095890410958 0.865625 0.1643835616438356 0.059375
0 0.2054794520547945 0.8734375 0.2328767123287671 0.021875
0 0.0410958904109589 0.775 0.0684931506849315 0.025
0 0.821917808219178 0.9859375 0.2465753424657534 0.0265625