0 0.3173076923076923 0.0703125 0.625 0.140625
0 0.9134615384615384 0.078125 0.17307692307692307 0.15625
0 0.7403846153846154 0.2984375 0.14423076923076922 0.03125
0 0.9951923076923077 0.15859375 0.009615384615384616 0.0578125
0 0.5 0.659375 1 0.68125
0 0.9567307692307693 0.65390625 0.08653846153846154 0.0453125
0 0.6346153846153846 0.9296875 0.6826923076923077 0.121875
0 0.9663461538461539 0.534375 0.0673076923076923 0.0375
0 0.27884615384615385 0.4171875 0.17307692307692307 0.0328125
0 0.5384615384615384 0.46875 0.14423076923076922 0.028125
0 0.15384615384615385 0.4859375 0.2980769230769231 0.0578125
0 0.10576923076923077 0.8390625 0.21153846153846154 0.13125
0 0.625 0.165625 0.20192307692307693 0.0375
0 0.27884615384615385 0.08125 0.16346153846153846 0.034375
0 0.23076923076923078 0.0125 0.15384615384615385 0.0234375