0 0.6585365853658537 0.028125 0.4065040650406504 0.05625
0 0.3252032520325203 0.0359375 0.34146341463414637 0.0703125
0 0.07317073170731707 0.0921875 0.13821138211382114 0.0484375
0 0.5 0.25078125 1 0.5015625
0 0.16260162601626016 0.0203125 0.3252032520325203 0.040625
0 0.8089430894308943 0.34140625 0.3821138211382114 0.1140625
0 0.11382113821138211 0.2890625 0.21951219512195122 0.05
0 0.5121951219512195 0.25625 0.23577235772357724 0.053125
0 0.6097560975609756 0.178125 0.21951219512195122 0.0515625
0 0.9227642276422764 0.06875 0.15447154471544716 0.06875
0 0.21138211382113822 0.2828125 0.4146341463414634 0.203125
0 0.17073170731707318 0.5234375 0.2764227642276423 0.09375
0 0.45528455284552843 0.5125 0.3252032520325203 0.0640625
0 0.9634146341463414 0.62109375 0.07317073170731707 0.1140625
0 0.3008130081300813 0.678125 0.13008130081300814 0.03125
0 0.7967479674796748 0.7015625 0.13821138211382114 0.0328125
0 0.8943089430894309 0.7703125 0.15447154471544716 0.03125
0 0.04065040650406504 0.8859375 0.08130081300813008 0.0359375
0 0.9024390243902439 0.9921875 0.1951219512195122 0.0140625
0 0.5365853658536586 0.784375 0.3333333333333333 0.0796875
0 0.8943089430894309 0.9 0.16260162601626016 0.0390625
0 0.8902439024390244 0.8203125 0.21951219512195122 0.09375
0 0.07317073170731707 0.859375 0.14634146341463414 0.084375