0 0.29411764705882354 0.7921875 0.36764705882352944 0.0625
0 0.9558823529411765 0.0234375 0.07352941176470588 0.0453125
0 0.36764705882352944 0.14375 0.22058823529411764 0.0328125
0 0.6470588235294118 0.6328125 0.3088235294117647 0.0265625
0 0.9264705882352942 0.4734375 0.14705882352941177 0.0359375
0 0.4411764705882353 0.2609375 0.35294117647058826 0.0265625
0 0.9852941176470589 0.8234375 0.014705882352941176 0.0390625
0 0.04411764705882353 0.70625 0.08823529411764706 0.0265625
0 0.5294117647058824 0.990625 0.16176470588235295 0.0171875
0 0.19117647058823528 0.084375 0.20588235294117646 0.021875
0 0.5147058823529411 0.115625 0.25 0.0203125
0 0.7941176470588235 0.325 0.16176470588235295 0.0203125
0 0.9558823529411765 0.1625 0.08823529411764706 0.0171875
0 0.35294117647058826 0.9171875 0.23529411764705882 0.025
0 0.17647058823529413 0.996875 0.19117647058823528 0.00625