0 0.9090909090909091 0.0265625 0.12987012987012986 0.0203125
0 0.7532467532467533 0.0859375 0.18181818181818182 0.01875
0 0.9935064935064936 0.08984375 0.012987012987012988 0.0265625
0 0.4155844155844156 0.2140625 0.16883116883116883 0.01875
0 0.5454545454545454 0.1890625 0.12987012987012986 0.015625
0 0.8831168831168831 0.1875 0.23376623376623376 0.021875
0 0.6623376623376623 0.2515625 0.18181818181818182 0.0296875
0 0.5454545454545454 0.3875 0.16883116883116883 0.034375
0 0.8701298701298701 0.5140625 0.2597402597402597 0.0421875
0 0.987012987012987 0.4671875 0.025974025974025976 0.0265625
0 0.974025974025974 0.5953125 0.05194805194805195 0.01875
0 0.3116883116883117 0.45625 0.24675324675324675 0.0546875
0 0.6233766233766234 0.9890625 0.7532467532467533 0.0203125
0 0.5974025974025974 0.3125 0.8051948051948052 0.6234375
0 0.935064935064935 0.8390625 0.12987012987012986 0.025
0 0.8441558441558441 0.9421875 0.3116883116883117 0.034375