0 0.30666666666666664 0.3640625 0.25333333333333335 0.0515625
0 0.8266666666666667 0.9875 0.3466666666666667 0.025
0 0.30666666666666664 0.603125 0.10666666666666667 0.0328125
0 0.16 0.690625 0.10666666666666667 0.0234375
0 0.8666666666666667 0.5234375 0.26666666666666666 0.040625
0 0.26666666666666666 0.6484375 0.16 0.015625
0 0.41333333333333333 0.9234375 0.25333333333333335 0.03125
0 0.76 0.6671875 0.25333333333333335 0.0171875
0 0.7066666666666667 0.3453125 0.21333333333333335 0.0171875
0 0.8 0.0609375 0.25333333333333335 0.0296875
0 0.8 0.259375 0.25333333333333335 0.0171875
0 0.96 0.025 0.08 0.01875