0 0.6388888888888888 0.0140625 0.21296296296296297 0.0265625
0 0.4351851851851852 0.078125 0.16666666666666666 0.028125
0 0.037037037037037035 0.0625 0.06481481481481481 0.04375
0 0.16666666666666666 0.2109375 0.12962962962962962 0.025
0 0.3888888888888889 0.346875 0.37037037037037035 0.0484375
0 0.21296296296296297 0.425 0.21296296296296297 0.0375
0 0.037037037037037035 0.5890625 0.07407407407407407 0.0578125
0 0.4722222222222222 0.490625 0.2222222222222222 0.04375
0 0.5555555555555556 0.65 0.21296296296296297 0.0546875
0 0.6018518518518519 0.5453125 0.14814814814814814 0.0515625
0 0.1111111111111111 0.7078125 0.2037037037037037 0.0421875
0 0.4166666666666667 0.7265625 0.26851851851851855 0.0484375
0 0.35185185185185186 0.68125 0.16666666666666666 0.0375
0 0.5 0.79375 0.12962962962962962 0.0328125
0 0.1388888888888889 0.88125 0.25 0.04375
0 0.42592592592592593 0.8578125 0.2777777777777778 0.040625
0 0.009259259259259259 0.9703125 0.018518518518518517 0.0296875
0 0.35185185185185186 0.9328125 0.17592592592592593 0.03125
0 0.5648148148148148 0.9265625 0.1388888888888889 0.0421875
0 0.5740740740740741 0.9765625 0.12962962962962962 0.046875