0 0.44155844155844154 0.2328125 0.6493506493506493 0.096875
0 0.987012987012987 0.3796875 0.025974025974025976 0.040625
0 0.4805194805194805 0.0515625 0.948051948051948 0.0875
0 0.05194805194805195 0.0015625 0.1038961038961039 0.003125
0 0.06493506493506493 0.1015625 0.11688311688311688 0.015625
0 0.09090909090909091 0.3328125 0.18181818181818182 0.0421875
0 0.8311688311688312 0.4265625 0.2727272727272727 0.0390625
0 0.7272727272727273 0.446875 0.4025974025974026 0.0359375
0 0.22077922077922077 0.6984375 0.42857142857142855 0.0640625
0 0.7922077922077922 0.7390625 0.35064935064935066 0.0296875
0 0.7532467532467533 0.528125 0.16883116883116883 0.01875
0 0.8051948051948052 0.59375 0.3246753246753247 0.021875
0 0.961038961038961 0.6375 0.07792207792207792 0.0390625
0 0.8181818181818182 0.1515625 0.12987012987012986 0.0109375
0 0.45454545454545453 0.7875 0.4025974025974026 0.028125
0 0.37662337662337664 0.9 0.16883116883116883 0.0203125
0 0.935064935064935 0.93125 0.11688311688311688 0.125