0 0.9715447154471545 0.0125 0.056910569105691054 0.025
0 0.9390243902439024 0.0453125 0.12195121951219512 0.046875
0 0.7804878048780488 0.3421875 0.3821138211382114 0.084375
0 0.5284552845528455 0.24375 0.2032520325203252 0.053125
0 0.9552845528455285 0.2234375 0.08943089430894309 0.05625
0 0.8292682926829268 0.1875 0.13821138211382114 0.046875
0 0.9552845528455285 0.10703125 0.08943089430894309 0.0515625
0 0.5691056910569106 0.084375 0.13008130081300814 0.0671875
0 0.6097560975609756 0.425 0.4146341463414634 0.146875
0 0.5772357723577236 0.534375 0.4715447154471545 0.1015625
0 0.9634146341463414 0.4375 0.07317073170731707 0.10625
0 0.8333333333333334 0.665625 0.3333333333333333 0.1375
0 0.7804878048780488 0.70625 0.16260162601626016 0.0328125
0 0.6504065040650406 0.625 0.5203252032520326 0.1265625
0 0.7398373983739838 0.903125 0.4959349593495935 0.103125
0 0.7682926829268293 0.84296875 0.4634146341463415 0.1703125
0 0.8414634146341463 0.946875 0.3170731707317073 0.10625
0 0.6666666666666666 0.9328125 0.6016260162601627 0.1328125
0 0.9390243902439024 0.965625 0.12195121951219512 0.06875