0 0.6301369863013698 0.0234375 0.0821917808219178 0.0125
0 0.3561643835616438 0.05 0.0958904109589041 0.0125
0 0.726027397260274 0.0515625 0.1232876712328767 0.0203125
0 0.3972602739726027 0.265625 0.5205479452054794 0.0265625
0 0.678082191780822 0.23984375 0.6438356164383562 0.0265625
0 0.952054794520548 0.26875 0.0958904109589041 0.021875
0 0.9452054794520548 0.7390625 0.1095890410958904 0.04375
0 0.5205479452054794 0.5578125 0.136986301369863 0.0171875
0 0.7534246575342466 0.54375 0.2054794520547945 0.01875
0 0.9315068493150684 0.5859375 0.1232876712328767 0.0171875
0 0.9315068493150684 0.784375 0.136986301369863 0.0203125
0 0.684931506849315 0.9828125 0.136986301369863 0.01875