0 0.3944954128440367 0.1421875 0.1834862385321101 0.0453125
0 0.09174311926605505 0.34375 0.1743119266055046 0.0359375
0 0.01834862385321101 0.4921875 0.027522935779816515 0.0421875
0 0.6055045871559633 0.4125 0.1743119266055046 0.040625
0 0.8165137614678899 0.4546875 0.1743119266055046 0.0390625
0 0.9174311926605505 0.5203125 0.1651376146788991 0.0515625
0 0.908256880733945 0.2921875 0.1559633027522936 0.0328125
0 0.027522935779816515 0.5859375 0.045871559633027525 0.0203125
0 0.8073394495412844 0.5921875 0.10091743119266056 0.0203125
0 0.9724770642201835 0.709375 0.05504587155963303 0.0234375
0 0.47706422018348627 0.8234375 0.1559633027522936 0.03125
0 0.13761467889908258 0.9015625 0.26605504587155965 0.05
0 0.3669724770642202 0.9140625 0.12844036697247707 0.0453125
0 0.9541284403669725 0.853125 0.09174311926605505 0.01875
0 0.05504587155963303 0.8109375 0.11009174311926606 0.0234375
0 0.8348623853211009 0.990625 0.1834862385321101 0.0171875