0 0.8308823529411765 0.628125 0.3382352941176471 0.040625
0 0.20588235294117646 0.5875 0.25 0.021875
0 0.17647058823529413 0.96875 0.17647058823529413 0.0296875
0 0.9044117647058824 0.84140625 0.19117647058823528 0.0328125
0 0.36764705882352944 0.9390625 0.25 0.025
0 0.39705882352941174 0.8921875 0.10294117647058823 0.0140625
0 0.3088235294117647 0.8234375 0.3235294117647059 0.021875
0 0.7205882352941176 0.93125 0.19117647058823528 0.0171875
0 0.19117647058823528 0.06875 0.25 0.0234375
0 0.7352941176470589 0.0265625 0.20588235294117646 0.015625
0 0.9338235294117647 0.2390625 0.1323529411764706 0.15
0 0.3235294117647059 0.7234375 0.058823529411764705 0.0046875
0 0.9558823529411765 0.7296875 0.058823529411764705 0.00625
0 0.45588235294117646 0.796875 0.10294117647058823 0.0109375
0 0.9558823529411765 0.9265625 0.08823529411764706 0.0109375
0 0.22058823529411764 0.8921875 0.08823529411764706 0.009375
0 0.9117647058823529 0.884375 0.11764705882352941 0.0125
0 0.7058823529411765 0.95625 0.10294117647058823 0.009375