0 0.1791044776119403 0.6921875 0.22388059701492538 0.0328125
0 0.14925373134328357 0.88125 0.26865671641791045 0.021875
0 0.7761194029850746 0.86875 0.22388059701492538 0.028125
0 0.7313432835820896 0.3 0.14925373134328357 0.0171875
0 0.16417910447761194 0.3 0.31343283582089554 0.0109375
0 0.08955223880597014 0.4203125 0.1791044776119403 0.0421875
0 0.746268656716418 0.8953125 0.23880597014925373 0.015625
0 0.26865671641791045 0.9171875 0.16417910447761194 0.0109375
0 0.373134328358209 0.9765625 0.1791044776119403 0.01875
0 0.1044776119402985 0.78125 0.208955223880597 0.0171875
0 0.9701492537313433 0.2328125 0.05970149253731343 0.01875
0 0.16417910447761194 0.2609375 0.31343283582089554 0.0171875
0 0.029850746268656716 0.021875 0.04477611940298507 0.01875
0 0.5522388059701493 0.1421875 0.2537313432835821 0.0203125
0 0.5223880597014925 0.2546875 0.08955223880597014 0.0109375
0 0.5970149253731343 0.2671875 0.13432835820895522 0.00625
0 0.05970149253731343 0.38125 0.1044776119402985 0.0125