0 0.9587628865979382 0.165625 0.08247422680412371 0.0515625
0 0.6597938144329897 0.084375 0.12371134020618557 0.0265625
0 0.3402061855670103 0.075 0.07216494845360824 0.025
0 0.9020618556701031 0.4328125 0.1958762886597938 0.05
0 0.3711340206185567 0.2984375 0.17525773195876287 0.0296875
0 0.6701030927835051 0.3109375 0.15463917525773196 0.034375
0 0.845360824742268 0.553125 0.25773195876288657 0.053125
0 0.5567010309278351 0.778125 0.2268041237113402 0.028125
0 0.9123711340206185 0.9234375 0.17525773195876287 0.034375
0 0.9381443298969072 0.7703125 0.12371134020618557 0.034375
0 0.865979381443299 0.7984375 0.16494845360824742 0.0328125
0 0.10309278350515463 0.8421875 0.17525773195876287 0.0203125