0 0.9493670886075949 0.0109375 0.05063291139240506 0.00625
0 0.6708860759493671 0.29375 0.05063291139240506 0.0078125
0 0.7974683544303798 0.3171875 0.05063291139240506 0.009375
0 0.569620253164557 0.33125 0.05063291139240506 0.00625
0 0.7215189873417721 0.3671875 0.06329113924050633 0.0078125
0 0.5443037974683544 0.3859375 0.08860759493670886 0.0109375
0 0.8481012658227848 0.3890625 0.08860759493670886 0.009375
0 0.8227848101265823 0.434375 0.10126582278481013 0.009375
0 0.8607594936708861 0.403125 0.05063291139240506 0.009375
0 0.9873417721518988 0.46875 0.012658227848101266 0.0140625
0 0.25316455696202533 0.43125 0.06329113924050633 0.009375
0 0.3670886075949367 0.4046875 0.0379746835443038 0.0046875
0 0.4050632911392405 0.4125 0.05063291139240506 0.00625
0 0.3037974683544304 0.38125 0.0759493670886076 0.0125
0 0.16455696202531644 0.4703125 0.0759493670886076 0.01875
0 0.25316455696202533 0.4671875 0.0379746835443038 0.009375
0 0.2911392405063291 0.478125 0.0379746835443038 0.00625
0 0.34177215189873417 0.465625 0.05063291139240506 0.0078125
0 0.4050632911392405 0.446875 0.0379746835443038 0.009375
0 0.6708860759493671 0.43125 0.05063291139240506 0.0109375
0 0.4177215189873418 0.496875 0.0759493670886076 0.009375
0 0.2911392405063291 0.5140625 0.06329113924050633 0.009375
0 0.189873417721519 0.53125 0.0759493670886076 0.015625
0 0.7974683544303798 0.765625 0.0759493670886076 0.0109375
0 0.34177215189873417 0.821875 0.0759493670886076 0.009375
0 0.5316455696202531 0.8234375 0.08860759493670886 0.009375
0 0.7721518987341772 0.7953125 0.05063291139240506 0.00625