0 0.6181818181818182 0.1 0.7636363636363637 0.1984375
0 0.6727272727272727 0.2546875 0.19090909090909092 0.0375
0 0.5363636363636364 0.33125 0.16363636363636364 0.0328125
0 0.7363636363636363 0.296875 0.13636363636363635 0.0296875
0 0.9181818181818182 0.2890625 0.15454545454545454 0.0484375
0 0.2818181818181818 0.2515625 0.20909090909090908 0.1015625
0 0.990909090909091 0.459375 0.01818181818181818 0.05625
0 0.9090909090909091 0.41875 0.14545454545454545 0.028125
0 0.7454545454545455 0.4375 0.16363636363636364 0.03125
0 0.5454545454545454 0.5828125 0.14545454545454545 0.03125
0 0.43636363636363634 0.6328125 0.2 0.05625
0 0.8727272727272727 0.6234375 0.18181818181818182 0.03125
0 0.8272727272727273 0.584375 0.14545454545454545 0.0234375
0 0.9181818181818182 0.553125 0.15454545454545454 0.0265625
0 0.7272727272727273 0.5125 0.19090909090909092 0.034375
0 0.39090909090909093 0.5625 0.2 0.0421875
0 0.23636363636363636 0.4484375 0.15454545454545454 0.059375
0 0.20909090909090908 0.525 0.12727272727272726 0.05
0 0.8909090909090909 0.346875 0.21818181818181817 0.0359375
0 0.4909090909090909 0.7546875 0.4090909090909091 0.090625
0 0.9545454545454546 0.6890625 0.09090909090909091 0.028125
0 0.16363636363636364 0.83125 0.11818181818181818 0.0484375
0 0.17272727272727273 0.7015625 0.1 0.04375
0 0.8818181818181818 0.8 0.23636363636363636 0.053125
0 0.9681818181818181 0.72109375 0.06363636363636363 0.0234375
0 0.9636363636363636 0.884375 0.07272727272727272 0.05
0 0.6818181818181818 0.9765625 0.14545454545454545 0.0296875
0 0.5727272727272728 0.9875 0.4 0.025
0 0.35454545454545455 0.9609375 0.16363636363636364 0.025
0 0.16363636363636364 0.934375 0.15454545454545454 0.0296875
0 0.43636363636363634 0.896875 0.16363636363636364 0.0265625