0 0.875 0.1734375 0.25 0.06875
0 0.20192307692307693 0.2046875 0.25 0.040625
0 0.38461538461538464 0.028125 0.7692307692307693 0.05625
0 0.3942307692307692 0.4765625 0.375 0.0578125
0 0.9230769230769231 0.06875 0.15384615384615385 0.034375
0 0.18269230769230768 0.3953125 0.3557692307692308 0.1046875
0 0.8365384615384616 0.409375 0.3269230769230769 0.075
0 0.9807692307692307 0.5859375 0.038461538461538464 0.090625
0 0.4230769230769231 0.3640625 0.8461538461538461 0.49375
0 0.5192307692307693 0.9515625 0.375 0.065625
0 0.3076923076923077 0.928125 0.6153846153846154 0.1421875
0 0.9134615384615384 0.9109375 0.16346153846153846 0.1765625
0 0.5384615384615384 0.7015625 0.8269230769230769 0.1421875
0 0.40384615384615385 0.5484375 0.21153846153846154 0.040625
0 0.20192307692307693 0.9078125 0.20192307692307693 0.0390625
0 0.15384615384615385 0.275 0.20192307692307693 0.040625
0 0.5865384615384616 0.0140625 0.17307692307692307 0.028125
0 0.28846153846153844 0.00625 0.15384615384615385 0.0125