0 0.5284552845528455 0.0171875 0.3252032520325203 0.0328125
0 0.4796747967479675 0.1296875 0.3089430894308943 0.0625
0 0.13821138211382114 0.078125 0.16260162601626016 0.0328125
0 0.22764227642276422 0.15625 0.17886178861788618 0.0359375
0 0.016260162601626018 0.09375 0.024390243902439025 0.025
0 0.42276422764227645 0.2453125 0.17886178861788618 0.0296875
0 0.11382113821138211 0.240625 0.21951219512195122 0.053125
0 0.8617886178861789 0.31875 0.25203252032520324 0.0703125
0 0.10569105691056911 0.4734375 0.21138211382113822 0.0703125
0 0.8943089430894309 0.446875 0.17886178861788618 0.046875
0 0.5528455284552846 0.4671875 0.2601626016260163 0.046875
0 0.8130081300813008 0.571875 0.3008130081300813 0.0703125
0 0.967479674796748 0.5046875 0.056910569105691054 0.0703125
0 0.37398373983739835 0.6578125 0.13821138211382114 0.0328125
0 0.08130081300813008 0.6078125 0.15447154471544716 0.0453125
0 0.07317073170731707 0.6953125 0.13821138211382114 0.0484375
0 0.3333333333333333 0.7265625 0.22764227642276422 0.0765625
0 0.5 0.60625 1 0.4625
0 0.5691056910569106 0.7875 0.2601626016260163 0.0640625
0 0.6666666666666666 0.871875 0.6666666666666666 0.25625
0 0.5528455284552846 0.9765625 0.24390243902439024 0.0453125
0 0.056910569105691054 0.9953125 0.11382113821138211 0.0078125
0 0.4878048780487805 0.846875 0.13008130081300814 0.0453125
0 0.056910569105691054 0.9171875 0.11382113821138211 0.034375