0 0.5135135135135135 0.17370892018779344 0.21621621621621623 0.025039123630672927
0 0.6891891891891891 0.22848200312989045 0.22972972972972974 0.03129890453834116
0 0.8108108108108109 0.30672926447574334 0.17567567567567569 0.023474178403755867
0 0.918918918918919 0.7605633802816901 0.14864864864864866 0.018779342723004695
0 0.3108108108108108 0.7276995305164319 0.1891891891891892 0.03912363067292645
0 0.5540540540540541 0.7871674491392802 0.17567567567567569 0.03129890453834116
0 0.6216216216216216 0.8716744913928013 0.21621621621621623 0.023474178403755867
0 0.6621621621621622 0.8403755868544601 0.13513513513513514 0.01564945226917058
0 0.5945945945945946 0.9014084507042254 0.13513513513513514 0.02034428794992175
0 0.8378378378378378 0.9374021909233177 0.14864864864864866 0.03286384976525822
0 0.9527027027027027 0.945226917057903 0.0945945945945946 0.01564945226917058
0 0.9121621621621622 0.9796557120500783 0.17567567567567569 0.025039123630672927