0 0.82 0.86171875 0.36 0.0578125
0 0.5333333333333333 0.9578125 0.4266666666666667 0.0421875
0 0.7066666666666667 0.76875 0.4 0.021875
0 0.5333333333333333 0.59375 0.32 0.034375
0 0.6933333333333334 0.7453125 0.16 0.0203125
0 0.36 0.53125 0.25333333333333335 0.0234375
0 0.38666666666666666 0.796875 0.17333333333333334 0.01875
0 0.98 0.6609375 0.04 0.0125
0 0.7333333333333333 0.35 0.2 0.0328125
0 0.6533333333333333 0.4109375 0.22666666666666666 0.0296875
0 0.9 0.496875 0.2 0.01875
0 0.9133333333333333 0.8 0.17333333333333334 0.05625
0 0.64 0.909375 0.5733333333333334 0.053125
0 0.06666666666666667 0.9453125 0.13333333333333333 0.0265625