0 0.10256410256410256 0.1375 0.20512820512820512 0.084375
0 0.01282051282051282 0.0515625 0.02564102564102564 0.0109375
0 0.9871794871794872 0.0671875 0.02564102564102564 0.0109375
0 0.9615384615384616 0.1515625 0.0641025641025641 0.0109375
0 0.5769230769230769 0.1140625 0.02564102564102564 0.003125
0 0.8717948717948718 0.1171875 0.0641025641025641 0.0078125
0 0.3333333333333333 0.3109375 0.0641025641025641 0.0078125
0 0.01282051282051282 0.2609375 0.01282051282051282 0.0078125
0 0.9871794871794872 0.3375 0.02564102564102564 0.0125
0 0.34615384615384615 0.3453125 0.08974358974358974 0.0109375
0 0.9615384615384616 0.0109375 0.0641025641025641 0.01875
0 0.2564102564102564 0.6078125 0.038461538461538464 0.0078125
0 0.7435897435897436 0.6109375 0.0641025641025641 0.0078125
0 0.7948717948717948 0.61875 0.05128205128205128 0.0078125
0 0.5 0.66875 0.0641025641025641 0.009375
0 0.9743589743589743 0.66875 0.05128205128205128 0.0140625
0 0.9743589743589743 0.634375 0.038461538461538464 0.0125
0 0.8461538461538461 0.7421875 0.14102564102564102 0.01875
0 0.3717948717948718 0.7578125 0.0641025641025641 0.009375
0 0.6538461538461539 0.7640625 0.05128205128205128 0.0046875
0 0.44871794871794873 0.615625 0.0641025641025641 0.0078125
0 0.6153846153846154 0.896875 0.10256410256410256 0.0140625
0 0.38461538461538464 0.8453125 0.05128205128205128 0.0078125
0 0.21794871794871795 0.875 0.07692307692307693 0.0109375
0 0.21794871794871795 0.9328125 0.05128205128205128 0.009375
0 0.32051282051282054 0.896875 0.0641025641025641 0.009375