0 0.7524271844660194 0.0140625 0.49514563106796117 0.028125
0 0.30097087378640774 0.028125 0.3883495145631068 0.0546875
0 0.8543689320388349 0.2015625 0.20388349514563106 0.0375
0 0.9757281553398058 0.49296875 0.04854368932038835 0.0390625
0 0.6116504854368932 0.4828125 0.4368932038834951 0.0953125
0 0.32038834951456313 0.8921875 0.2815533980582524 0.0484375
0 0.5436893203883495 0.91875 0.9029126213592233 0.1609375
0 0.9902912621359223 0.7421875 0.019417475728155338 0.0328125
0 0.2524271844660194 0.7640625 0.4174757281553398 0.1203125
0 0.21359223300970873 0.3625 0.34951456310679613 0.1375
0 0.9902912621359223 0.2390625 0.019417475728155338 0.065625
0 0.5339805825242718 0.215625 0.14563106796116504 0.046875