0 0.18699186991869918 0.7015625 0.21951219512195122 0.040625
0 0.1951219512195122 0.4984375 0.24390243902439024 0.053125
0 0.9390243902439024 0.6125 0.12195121951219512 0.128125
0 0.4634146341463415 0.7 0.8536585365853658 0.2171875
0 0.5691056910569106 0.54375 0.42276422764227645 0.09375
0 0.983739837398374 0.65625 0.032520325203252036 0.0359375
0 0.5 0.965625 1 0.06875
0 0.13821138211382114 0.9265625 0.16260162601626016 0.0359375
0 0.2032520325203252 0.153125 0.21138211382113822 0.053125
0 0.5772357723577236 0.3234375 0.8455284552845529 0.3828125
0 0.4065040650406504 0.1140625 0.6991869918699187 0.171875