0 0.5882352941176471 0.9234375 0.27941176470588236 0.021875
0 0.14705882352941177 0.41875 0.29411764705882354 0.0453125
0 0.5 0.4640625 0.3235294117647059 0.0296875
0 0.6176470588235294 0.375 0.20588235294117646 0.025
0 0.36764705882352944 0.0390625 0.16176470588235295 0.015625
0 0.19117647058823528 0.85 0.23529411764705882 0.021875
0 0.27941176470588236 0.1765625 0.25 0.015625
0 0.6470588235294118 0.875 0.17647058823529413 0.0125
0 0.22058823529411764 0.6421875 0.36764705882352944 0.0390625
0 0.8602941176470589 0.67265625 0.27941176470588236 0.0171875
0 0.19117647058823528 0.884375 0.19117647058823528 0.0203125
0 0.45588235294117646 0.0546875 0.07352941176470588 0.0078125
0 0.35294117647058826 0.1078125 0.058823529411764705 0.0109375
0 0.75 0.0625 0.27941176470588236 0.0265625
0 0.5 0.365625 0.11764705882352941 0.0140625
0 0.5588235294117647 0.8484375 0.08823529411764706 0.009375