0 0.967479674796748 0.00625 0.056910569105691054 0.0125
0 0.9349593495934959 0.034375 0.12195121951219512 0.0484375
0 0.7804878048780488 0.3390625 0.3902439024390244 0.0859375
0 0.5203252032520326 0.2390625 0.21138211382113822 0.0546875
0 0.959349593495935 0.2171875 0.08130081300813008 0.0578125
0 0.8292682926829268 0.1796875 0.13821138211382114 0.0484375
0 0.959349593495935 0.0984375 0.08130081300813008 0.053125
0 0.5609756097560976 0.075 0.13008130081300814 0.0703125
0 0.6016260162601627 0.425 0.42276422764227645 0.15
0 0.5691056910569106 0.5375 0.4796747967479675 0.1046875
0 0.959349593495935 0.4375 0.07317073170731707 0.109375
0 0.8292682926829268 0.671875 0.34146341463414637 0.1421875
0 0.7804878048780488 0.7140625 0.16260162601626016 0.034375
0 0.6504065040650406 0.63125 0.5365853658536586 0.13125
0 0.7398373983739838 0.915625 0.5121951219512195 0.10625
0 0.7642276422764228 0.8546875 0.4715447154471545 0.175
0 0.8414634146341463 0.953125 0.3170731707317073 0.09375
0 0.6585365853658537 0.9390625 0.6178861788617886 0.121875
0 0.943089430894309 0.971875 0.11382113821138211 0.05625