0 0.5147058823529411 0.5171875 0.4852941176470588 0.065625
0 0.16176470588235295 0.0234375 0.3235294117647059 0.0453125
0 0.6029411764705882 0.9546875 0.45588235294117646 0.0359375
0 0.5147058823529411 0.1875 0.20588235294117646 0.025
0 0.08823529411764706 0.4734375 0.16176470588235295 0.0359375
0 0.3382352941176471 0.115625 0.3382352941176471 0.0265625
0 0.19117647058823528 0.8234375 0.38235294117647056 0.0390625
0 0.8088235294117647 0.2515625 0.1323529411764706 0.0203125
0 0.1323529411764706 0.1625 0.25 0.0171875
0 0.19117647058823528 0.5546875 0.20588235294117646 0.0234375
0 0.5147058823529411 0.7265625 0.1323529411764706 0.0234375
0 0.27941176470588236 0.7515625 0.23529411764705882 0.0125
0 0.4411764705882353 0.475 0.16176470588235295 0.0171875
0 0.7352941176470589 0.7328125 0.17647058823529413 0.0265625
0 0.5735294117647058 0.371875 0.16176470588235295 0.0125