0 0.782051282051282 0.19375 0.10256410256410256 0.015625
0 0.6794871794871795 0.228125 0.08974358974358974 0.0109375
0 0.8846153846153846 0.2640625 0.0641025641025641 0.009375
0 0.9935897435897436 0.64296875 0.01282051282051282 0.0109375
0 0.6794871794871795 0.38125 0.05128205128205128 0.009375
0 0.6282051282051282 0.8265625 0.1282051282051282 0.015625
0 0.2692307692307692 0.8359375 0.08974358974358974 0.0140625
0 0.41025641025641024 0.821875 0.08974358974358974 0.0125
0 0.8461538461538461 0.79375 0.07692307692307693 0.0078125
0 0.7051282051282052 0.7828125 0.038461538461538464 0.00625
0 0.8589743589743589 0.965625 0.08974358974358974 0.0078125
0 0.9615384615384616 0.9171875 0.0641025641025641 0.0109375