0 0.1527777777777778 0.7734375 0.2638888888888889 0.0359375
0 0.8611111111111112 0.946875 0.19444444444444445 0.0171875
0 0.2916666666666667 0.940625 0.16666666666666666 0.021875
0 0.2777777777777778 0.9671875 0.08333333333333333 0.0140625
0 0.1111111111111111 0.7046875 0.125 0.0109375
0 0.6527777777777778 0.5546875 0.25 0.0125
0 0.5277777777777778 0.5859375 0.18055555555555555 0.0125
0 0.5694444444444444 0.7765625 0.16666666666666666 0.015625
0 0.09722222222222222 0.86875 0.125 0.0125
0 0.3055555555555556 0.884375 0.1111111111111111 0.015625
0 0.5277777777777778 0.8703125 0.18055555555555555 0.0125
0 0.375 0.9046875 0.1527777777777778 0.00625
0 0.2638888888888889 0.703125 0.125 0.01875
0 0.3333333333333333 0.0734375 0.2361111111111111 0.0171875
0 0.8958333333333334 0.096875 0.20833333333333334 0.025
0 0.9791666666666666 0.05625 0.041666666666666664 0.0125
0 0.1527777777777778 0.2625 0.2916666666666667 0.025
0 0.5416666666666666 0.1359375 0.2638888888888889 0.0375
0 0.3611111111111111 0.0171875 0.20833333333333334 0.021875
0 0.8680555555555556 0.18203125 0.2638888888888889 0.3640625