0 0.9666666666666667 0.990625 0.06666666666666667 0.01875
0 0.30666666666666664 0.359375 0.24 0.0515625
0 0.82 0.97890625 0.36 0.0390625
0 0.29333333333333333 0.5953125 0.10666666666666667 0.03125
0 0.16 0.68125 0.10666666666666667 0.0234375
0 0.86 0.5171875 0.28 0.040625
0 0.25333333333333335 0.640625 0.16 0.015625
0 0.41333333333333333 0.9109375 0.24 0.0296875
0 0.7466666666666667 0.6578125 0.24 0.0171875
0 0.6933333333333334 0.3421875 0.21333333333333335 0.0171875
0 0.7866666666666666 0.0609375 0.24 0.028125
0 0.7866666666666666 0.25625 0.24 0.0171875
0 0.9533333333333334 0.0265625 0.09333333333333334 0.01875