0 0.421875 0.2859375 0.640625 0.096875
0 0.9609375 0.3734375 0.078125 0.01875
0 0.984375 0.1359375 0.03125 0.025
0 0.71875 0.5375 0.25 0.021875
0 0.9296875 0.39921875 0.140625 0.0140625
0 0.59375 0.49375 0.109375 0.0125
0 0.9453125 0.72734375 0.109375 0.0171875
0 0.046875 0.740625 0.09375 0.0078125
0 0.71875 0.778125 0.1875 0.0140625
0 0.9609375 0.790625 0.078125 0.009375
0 0.796875 0.6765625 0.140625 0.015625
0 0.8125 0.815625 0.21875 0.0109375
0 0.578125 0.7296875 0.25 0.0140625
0 0.9453125 0.7546875 0.109375 0.0125
0 0.9453125 0.69140625 0.109375 0.0109375
0 0.4375 0.76875 0.109375 0.0109375
0 0.546875 0.8046875 0.203125 0.0078125
0 0.828125 0.9640625 0.3125 0.03125
0 0.375 0.9953125 0.484375 0.009375