0 0.9487179487179487 0.0625 0.05128205128205128 0.009375
0 0.5128205128205128 0.296875 0.0641025641025641 0.009375
0 0.10256410256410256 0.4203125 0.1282051282051282 0.0125
0 0.1794871794871795 0.39375 0.08974358974358974 0.0109375
0 0.2948717948717949 0.4265625 0.05128205128205128 0.00625
0 0.358974358974359 0.4390625 0.08974358974358974 0.015625
0 0.7948717948717948 0.4140625 0.0641025641025641 0.00625
0 0.7692307692307693 0.4234375 0.05128205128205128 0.00625
0 0.6282051282051282 0.4265625 0.0641025641025641 0.009375
0 0.8461538461538461 0.4890625 0.08974358974358974 0.009375
0 0.02564102564102564 0.50625 0.05128205128205128 0.0125
0 0.01282051282051282 0.6890625 0.02564102564102564 0.0171875
0 0.9230769230769231 0.8890625 0.05128205128205128 0.0078125