0 0.2 0.0015625 0.0761904761904762 0.003125
0 0.7714285714285715 0.18125 0.3904761904761905 0.0671875
0 0.6 0.2484375 0.09523809523809523 0.01875
0 0.34285714285714286 0.2546875 0.0761904761904762 0.01875
0 0.6761904761904762 0.3203125 0.23809523809523808 0.0375
0 0.20952380952380953 0.3859375 0.4095238095238095 0.1796875
0 0.8380952380952381 0.521875 0.3238095238095238 0.1
0 0.7047619047619048 0.6375 0.23809523809523808 0.0390625
0 0.1523809523809524 0.7171875 0.21904761904761905 0.0328125
0 0.6 0.4640625 0.45714285714285713 0.0625
0 0.6666666666666666 0.609375 0.6666666666666666 0.421875
0 0.5619047619047619 0.95 0.8571428571428571 0.1