0 0.5 0.04609375 1 0.0921875
0 0.3238095238095238 0.16875 0.41904761904761906 0.065625
0 0.7428571428571429 0.1765625 0.14285714285714285 0.03125
0 0.9142857142857143 0.2171875 0.1619047619047619 0.034375
0 0.8380952380952381 0.35625 0.2761904761904762 0.0546875
0 0.9333333333333333 0.471875 0.13333333333333333 0.0328125
0 0.38095238095238093 0.5328125 0.18095238095238095 0.0296875
0 0.47619047619047616 0.659375 0.19047619047619047 0.0359375
0 0.7619047619047619 0.625 0.47619047619047616 0.196875
0 0.01904761904761905 0.7984375 0.02857142857142857 0.078125
0 0.0380952380952381 0.39375 0.06666666666666667 0.0265625
0 0.17142857142857143 0.2546875 0.0380952380952381 0.0125
0 0.12380952380952381 0.5359375 0.10476190476190476 0.0171875
0 0.6 0.9875 0.11428571428571428 0.01875
0 0.7238095238095238 0.8796875 0.5523809523809524 0.240625
0 0.21904761904761905 0.678125 0.2 0.0484375
0 0.2761904761904762 0.39375 0.13333333333333333 0.0359375