0 0.979381443298969 0.1046875 0.041237113402061855 0.05625
0 0.6804123711340206 0.015625 0.13402061855670103 0.0296875
0 0.31958762886597936 0.009375 0.08247422680412371 0.01875
0 0.9175257731958762 0.3984375 0.16494845360824742 0.0546875
0 0.36082474226804123 0.25 0.1958762886597938 0.0328125
0 0.6907216494845361 0.2640625 0.16494845360824742 0.0375
0 0.865979381443299 0.5296875 0.25773195876288657 0.0578125
0 0.5670103092783505 0.7765625 0.24742268041237114 0.03125
0 0.9278350515463918 0.934375 0.14432989690721648 0.0375
0 0.9587628865979382 0.7671875 0.08247422680412371 0.0375
0 0.9072164948453608 0.7984375 0.17525773195876287 0.0359375
0 0.08247422680412371 0.8453125 0.16494845360824742 0.021875