0 0.5757575757575758 0.025 0.3787878787878788 0.03125
0 0.13636363636363635 0.2875 0.2727272727272727 0.046875
0 0.9393939393939394 0.28125 0.12121212121212122 0.0328125
0 0.9318181818181818 0.13046875 0.13636363636363635 0.0171875
0 0.9166666666666666 0.23671875 0.16666666666666666 0.0359375
0 0.5 0.3546875 0.3181818181818182 0.0234375
0 0.15151515151515152 0.5421875 0.30303030303030304 0.0328125
0 0.3484848484848485 0.159375 0.21212121212121213 0.01875
0 0.06060606060606061 0.328125 0.12121212121212122 0.0171875
0 0.06060606060606061 0.4359375 0.12121212121212122 0.0296875
0 0.5606060606060606 0.9359375 0.3181818181818182 0.03125
0 0.6818181818181818 0.8171875 0.12121212121212122 0.0125
0 0.9242424242424242 0.74375 0.09090909090909091 0.01875
0 0.4393939393939394 0.45625 0.19696969696969696 0.0125
0 0.5909090909090909 0.121875 0.21212121212121213 0.0109375
0 0.045454545454545456 0.1328125 0.09090909090909091 0.0078125
0 0.9696969696969697 0.6078125 0.06060606060606061 0.0234375
0 0.6363636363636364 0.6296875 0.13636363636363635 0.0140625
0 0.19696969696969696 0.678125 0.16666666666666666 0.015625
0 0.9696969696969697 0.9078125 0.06060606060606061 0.01875