0 0.2835820895522388 0.5984375 0.34328358208955223 0.025
0 0.2835820895522388 0.1703125 0.5522388059701493 0.0859375
0 0.5970149253731343 0.696875 0.22388059701492538 0.03125
0 0.08955223880597014 0.4640625 0.16417910447761194 0.0171875
0 0.22388059701492538 0.484375 0.208955223880597 0.015625
0 0.5373134328358209 0.515625 0.14925373134328357 0.01875
0 0.8208955223880597 0.8109375 0.14925373134328357 0.015625
0 0.7611940298507462 0.8296875 0.208955223880597 0.009375
0 0.1791044776119403 0.99375 0.14925373134328357 0.0109375
0 0.208955223880597 0.953125 0.19402985074626866 0.015625
0 0.7761194029850746 0.7765625 0.2537313432835821 0.028125