0 0.9024390243902439 0.0234375 0.1951219512195122 0.046875
0 0.08130081300813008 0.059375 0.16260162601626016 0.0453125
0 0.8333333333333334 0.4265625 0.3333333333333333 0.1375
0 0.7479674796747967 0.1453125 0.3821138211382114 0.115625
0 0.3902439024390244 0.3578125 0.34959349593495936 0.0984375
0 0.0975609756097561 0.40625 0.18699186991869918 0.0875
0 0.5813008130081301 0.559375 0.8373983739837398 0.2125
0 0.2926829268292683 0.6296875 0.2764227642276423 0.0515625
0 0.8211382113821138 0.846875 0.35772357723577236 0.0921875
0 0.5284552845528455 0.7671875 0.34959349593495936 0.08125
0 0.3983739837398374 0.96875 0.22764227642276422 0.0625