0 0.53125 0.0078125 0.390625 0.0140625
0 0.453125 0.071875 0.453125 0.034375
0 0.875 0.0265625 0.25 0.021875
0 0.03125 0.309375 0.0625 0.028125
0 0.3125 0.3078125 0.34375 0.034375
0 0.859375 0.259375 0.28125 0.05
0 0.140625 0.26875 0.25 0.0234375
0 0.9296875 0.203125 0.140625 0.025
0 0.9140625 0.55234375 0.171875 0.0203125
0 0.046875 0.665625 0.078125 0.021875
0 0.28125 0.90625 0.546875 0.028125
0 0.8203125 0.746875 0.359375 0.021875
0 0.3125 0.9953125 0.59375 0.009375
0 0.390625 0.5984375 0.1875 0.0453125