0 0.6716417910447762 0.0140625 0.47761194029850745 0.028125
0 0.9104477611940298 0.2953125 0.1791044776119403 0.0453125
0 0.6865671641791045 0.20625 0.29850746268656714 0.0359375
0 0.1791044776119403 0.359375 0.22388059701492538 0.028125
0 0.746268656716418 0.3515625 0.19402985074626866 0.0125
0 0.3880597014925373 0.33125 0.417910447761194 0.0328125
0 0.44776119402985076 0.1671875 0.16417910447761194 0.025
0 0.9701492537313433 0.334375 0.05970149253731343 0.0171875
0 0.9253731343283582 0.440625 0.13432835820895522 0.0296875
0 0.40298507462686567 0.64375 0.43283582089552236 0.040625
0 0.40298507462686567 0.7046875 0.11940298507462686 0.03125
0 0.5671641791044776 0.9984375 0.6268656716417911 0.003125
0 0.7164179104477612 0.8 0.22388059701492538 0.015625
0 0.373134328358209 0.39375 0.208955223880597 0.0203125
0 0.835820895522388 0.378125 0.14925373134328357 0.0140625
0 0.29850746268656714 0.125 0.1791044776119403 0.0140625
0 0.6567164179104478 0.25 0.11940298507462686 0.0125
0 0.16417910447761194 0.025 0.19402985074626866 0.0203125
0 0.22388059701492538 0.0765625 0.208955223880597 0.015625
0 0.9253731343283582 0.7875 0.11940298507462686 0.0140625
0 0.5373134328358209 0.371875 0.14925373134328357 0.0109375
0 0.4626865671641791 0.459375 0.14925373134328357 0.015625
0 0.3880597014925373 0.5734375 0.14925373134328357 0.015625
0 0.13432835820895522 0.6734375 0.13432835820895522 0.0109375