0 0.8348623853211009 0.071875 0.2018348623853211 0.0359375
0 0.6055045871559633 0.115625 0.24770642201834864 0.059375
0 0.926605504587156 0.334375 0.13761467889908258 0.0390625
0 0.9541284403669725 0.428125 0.09174311926605505 0.0265625
0 0.7889908256880734 0.453125 0.09174311926605505 0.021875
0 0.7981651376146789 0.565625 0.12844036697247707 0.021875
0 0.7522935779816514 0.640625 0.11009174311926606 0.025
0 0.5688073394495413 0.603125 0.11926605504587157 0.0296875
0 0.963302752293578 0.6296875 0.07339449541284404 0.025
0 0.6330275229357798 0.85 0.10091743119266056 0.021875
0 0.6880733944954128 0.8859375 0.09174311926605505 0.01875
0 0.8532110091743119 0.8828125 0.06422018348623854 0.0140625
0 0.944954128440367 0.7703125 0.09174311926605505 0.025
0 0.9908256880733946 0.709375 0.01834862385321101 0.0234375
0 0.7522935779816514 0.709375 0.11926605504587157 0.025
0 0.7614678899082569 0.7578125 0.1834862385321101 0.0359375
0 0.8532110091743119 0.9796875 0.25688073394495414 0.0375
0 0.5229357798165137 0.9734375 0.1559633027522936 0.053125
0 0.9862385321100917 0.95234375 0.027522935779816515 0.0203125