0 0.6666666666666666 0.1078125 0.3821138211382114 0.0765625
0 0.34959349593495936 0.165625 0.4065040650406504 0.08125
0 0.11382113821138211 0.115625 0.22764227642276422 0.0796875
0 0.0975609756097561 0.24375 0.1951219512195122 0.0765625
0 0.7642276422764228 0.225 0.3902439024390244 0.1109375
0 0.08943089430894309 0.5984375 0.17886178861788618 0.096875
0 0.10569105691056911 0.4515625 0.2032520325203252 0.0828125
0 0.7154471544715447 0.4234375 0.5528455284552846 0.2015625
0 0.6341463414634146 0.575 0.5772357723577236 0.1296875
0 0.2926829268292683 0.875 0.2926829268292683 0.0734375
0 0.15447154471544716 0.7703125 0.2845528455284553 0.06875
0 0.7723577235772358 0.690625 0.25203252032520324 0.0734375
0 0.43902439024390244 0.8046875 0.8699186991869918 0.3890625