0 0.5428571428571428 0.1671875 0.18095238095238095 0.0484375
0 0.7714285714285715 0.178125 0.13333333333333333 0.025
0 0.5142857142857142 0.4609375 0.2 0.034375
0 0.9095238095238095 0.4421875 0.18095238095238095 0.103125
0 0.9761904761904762 0.5328125 0.047619047619047616 0.109375
0 0.34285714285714286 0.353125 0.2857142857142857 0.05
0 0.3047619047619048 0.409375 0.22857142857142856 0.059375
0 0.44761904761904764 0.2796875 0.2857142857142857 0.065625
0 0.9095238095238095 0.26875 0.18095238095238095 0.05
0 0.8095238095238095 0.315625 0.2 0.0421875
0 0.3523809523809524 0.546875 0.17142857142857143 0.0234375
0 0.2857142857142857 0.584375 0.19047619047619047 0.0421875
0 0.7904761904761904 0.5328125 0.29523809523809524 0.0546875
0 0.4380952380952381 0.7421875 0.47619047619047616 0.1078125
0 0.11428571428571428 0.6125 0.21904761904761905 0.0859375
0 0.12380952380952381 0.7078125 0.23809523809523808 0.1203125
0 0.8095238095238095 0.684375 0.24761904761904763 0.065625