0 0.7837837837837838 0.09076682316118936 0.12162162162162163 0.017214397496087636
0 0.8918918918918919 0.056338028169014086 0.13513513513513514 0.017214397496087636
0 0.22972972972972974 0.06885758998435054 0.44594594594594594 0.13615023474178403
0 0.8918918918918919 0.21439749608763695 0.21621621621621623 0.03755868544600939
0 0.3108108108108108 0.19248826291079812 0.17567567567567569 0.02190923317683881
0 0.40540540540540543 0.3051643192488263 0.13513513513513514 0.01564945226917058
0 0.7027027027027027 0.433489827856025 0.22972972972972974 0.04225352112676056
0 0.9527027027027027 0.6619718309859155 0.0945945945945946 0.025039123630672927
0 0.7162162162162162 0.7605633802816901 0.25675675675675674 0.048513302034428794
0 0.04054054054054054 0.6165884194053208 0.08108108108108109 0.0406885758998435
0 0.6756756756756757 0.5477308294209703 0.0945945945945946 0.018779342723004695
0 0.5 0.5758998435054773 0.20270270270270271 0.026604068857589983
0 0.9054054054054054 0.94679186228482 0.1891891891891892 0.03599374021909233
0 0.6621621621621622 0.8560250391236307 0.3783783783783784 0.03129890453834116