0 0.14432989690721648 0.8234375 0.28865979381443296 0.0828125
0 0.4742268041237113 0.84375 0.21649484536082475 0.028125
0 0.5257731958762887 0.878125 0.28865979381443296 0.0234375
0 0.20618556701030927 0.9015625 0.15463917525773196 0.0203125
0 0.35051546391752575 0.321875 0.6907216494845361 0.1046875
0 0.422680412371134 0.48125 0.8350515463917526 0.1703125
0 0.9381443298969072 0.4078125 0.12371134020618557 0.1015625
0 0.23711340206185566 0.6 0.4329896907216495 0.034375
0 0.8144329896907216 0.853125 0.16494845360824742 0.0265625
0 0.8041237113402062 0.08125 0.3917525773195876 0.0984375
0 0.08247422680412371 0.090625 0.15463917525773196 0.034375