0 0.1926605504587156 0.2765625 0.3761467889908257 0.2
0 0.3302752293577982 0.54375 0.27522935779816515 0.0609375
0 0.1559633027522936 0.4484375 0.30275229357798167 0.0953125
0 0.8623853211009175 0.34375 0.1651376146788991 0.028125
0 0.44954128440366975 0.3921875 0.24770642201834864 0.046875
0 0.9357798165137615 0.296875 0.12844036697247707 0.03125
0 0.30275229357798167 0.8546875 0.2018348623853211 0.04375
0 0.9587155963302753 0.690625 0.08256880733944955 0.034375
0 0.3577981651376147 0.6265625 0.1926605504587156 0.034375
0 0.1559633027522936 0.7234375 0.30275229357798167 0.0640625
0 0.9908256880733946 0.85625 0.01834862385321101 0.0578125
0 0.7981651376146789 0.9828125 0.4036697247706422 0.0328125
0 0.908256880733945 0.4078125 0.1834862385321101 0.0375
0 0.9128440366972477 0.5828125 0.1743119266055046 0.03125
0 0.41284403669724773 0.9640625 0.1651376146788991 0.04375
0 0.5963302752293578 0.7578125 0.13761467889908258 0.0265625
0 0.1743119266055046 0.7796875 0.08256880733944955 0.021875
0 0.06422018348623854 0.859375 0.12844036697247707 0.05625