0 0.3880597014925373 0.0859375 0.29850746268656714 0.0515625
0 0.9402985074626866 0.0515625 0.11940298507462686 0.0375
0 0.5522388059701493 0.24375 0.208955223880597 0.0265625
0 0.014925373134328358 0.1703125 0.029850746268656716 0.0171875
0 0.11940298507462686 0.70625 0.22388059701492538 0.03125
0 0.8805970149253731 0.1390625 0.13432835820895522 0.009375
0 0.29850746268656714 0.1765625 0.14925373134328357 0.015625
0 0.8805970149253731 0.1921875 0.16417910447761194 0.015625
0 0.8507462686567164 0.2859375 0.16417910447761194 0.0125
0 0.44776119402985076 0.515625 0.208955223880597 0.015625
0 0.9701492537313433 0.61875 0.04477611940298507 0.015625
0 0.014925373134328358 0.6453125 0.029850746268656716 0.0171875