0 0.8987341772151899 0.134375 0.06329113924050633 0.009375
0 0.4177215189873418 0.0890625 0.06329113924050633 0.009375
0 0.34177215189873417 0.103125 0.0379746835443038 0.0078125
0 0.34177215189873417 0.1265625 0.05063291139240506 0.0078125
0 0.6835443037974683 0.4453125 0.620253164556962 0.109375
0 0.4177215189873418 0.5359375 0.0759493670886076 0.009375
0 0.12658227848101267 0.5703125 0.05063291139240506 0.009375
0 0.6708860759493671 0.7234375 0.0759493670886076 0.01875
0 0.27848101265822783 0.753125 0.06329113924050633 0.0109375
0 0.4430379746835443 0.790625 0.06329113924050633 0.015625
0 0.7215189873417721 0.996875 0.0759493670886076 0.00625