0 0.17307692307692307 0.10625 0.34615384615384615 0.0890625
0 0.5769230769230769 0.078125 0.14423076923076922 0.0296875
0 0.5865384615384616 0.11875 0.11538461538461539 0.028125
0 0.36538461538461536 0.034375 0.22115384615384615 0.0484375
0 0.5769230769230769 0.278125 0.34615384615384615 0.0734375
0 0.8076923076923077 0.284375 0.10576923076923077 0.0265625
0 0.7884615384615384 0.3328125 0.15384615384615385 0.0296875
0 0.5673076923076923 0.3890625 0.18269230769230768 0.0390625
0 0.125 0.33125 0.17307692307692307 0.0296875
0 0.04807692307692308 0.434375 0.09615384615384616 0.04375
0 0.125 0.7859375 0.125 0.0234375
0 0.5576923076923077 0.7234375 0.09615384615384616 0.01875
0 0.5 0.678125 0.1346153846153846 0.0265625
0 0.7980769230769231 0.65 0.14423076923076922 0.0234375
0 0.7980769230769231 0.6109375 0.08653846153846154 0.0171875
0 0.4519230769230769 0.9796875 0.11538461538461539 0.021875