0 0.2926829268292683 0.0640625 0.4878048780487805 0.1265625
0 0.8902439024390244 0.125 0.21951219512195122 0.078125
0 0.3089430894308943 0.4125 0.4146341463414634 0.0828125
0 0.9024390243902439 0.25 0.1951219512195122 0.075
0 0.7601626016260162 0.59375 0.4796747967479675 0.09375
0 0.8577235772357723 0.4515625 0.2845528455284553 0.08125
0 0.4878048780487805 0.28125 0.8699186991869918 0.15
0 0.3333333333333333 0.7578125 0.3008130081300813 0.05625
0 0.13008130081300814 0.6671875 0.25203252032520324 0.0765625
0 0.5609756097560976 0.709375 0.3252032520325203 0.0671875
0 0.5 0.7984375 1 0.384375
0 0.5691056910569106 0.965625 0.2764227642276423 0.0390625
0 0.8699186991869918 0.8078125 0.23577235772357724 0.0421875
0 0.6016260162601627 0.8875 0.3170731707317073 0.0625