0 0.5619047619047619 0.1546875 0.17142857142857143 0.04375
0 0.7619047619047619 0.1640625 0.12380952380952381 0.0234375
0 0.5333333333333333 0.4265625 0.19047619047619047 0.0328125
0 0.9047619047619048 0.409375 0.19047619047619047 0.0953125
0 0.9714285714285714 0.4921875 0.05714285714285714 0.1015625
0 0.37142857142857144 0.3265625 0.2571428571428571 0.0453125
0 0.3333333333333333 0.378125 0.20952380952380953 0.0546875
0 0.4666666666666667 0.259375 0.2571428571428571 0.0609375
0 0.9047619047619048 0.25 0.19047619047619047 0.0453125
0 0.8095238095238095 0.2921875 0.19047619047619047 0.0390625
0 0.38095238095238093 0.50625 0.1619047619047619 0.021875
0 0.3238095238095238 0.540625 0.18095238095238095 0.0390625
0 0.7904761904761904 0.4921875 0.26666666666666666 0.05
0 0.45714285714285713 0.6859375 0.4380952380952381 0.1
0 0.13333333333333333 0.5671875 0.2571428571428571 0.0796875
0 0.14285714285714285 0.6546875 0.2761904761904762 0.1109375
0 0.8 0.6328125 0.22857142857142856 0.0609375