0 0.9380952380952381 0.18984375 0.12380952380952381 0.0390625
0 0.8857142857142857 0.2421875 0.17142857142857143 0.046875
0 0.4666666666666667 0.38125 0.3238095238095238 0.0640625
0 0.9523809523809523 0.0796875 0.09523809523809523 0.1578125
0 0.41904761904761906 0.5484375 0.2761904761904762 0.0640625
0 0.4666666666666667 0.646875 0.13333333333333333 0.0265625
0 0.9523809523809523 0.6328125 0.0761904761904762 0.015625
0 0.7142857142857143 0.803125 0.5619047619047619 0.3921875
0 0.8476190476190476 0.346875 0.20952380952380953 0.0140625
0 0.8857142857142857 0.3375 0.22857142857142856 0.0078125
0 0.9476190476190476 0.71171875 0.10476190476190476 0.0546875
0 0.5619047619047619 0.171875 0.4857142857142857 0.34375