0 0.890625 0.70859375 0.21875 0.5515625
0 0.4479166666666667 0.46875 0.2604166666666667 0.04375
0 0.6770833333333334 0.9671875 0.11458333333333333 0.0234375
0 0.921875 0.946875 0.15625 0.03125
0 0.4583333333333333 0.75 0.23958333333333334 0.034375
0 0.4270833333333333 0.971875 0.14583333333333334 0.021875
0 0.8645833333333334 0.2890625 0.17708333333333334 0.01875
0 0.5208333333333334 0.2109375 0.21875 0.0234375
0 0.4375 0.2796875 0.23958333333333334 0.0234375
0 0.4375 0.1515625 0.11458333333333333 0.01875
0 0.59375 0.140625 0.10416666666666667 0.0140625
0 0.84375 0.14375 0.08333333333333333 0.015625
0 0.2916666666666667 0.1859375 0.09375 0.0140625
0 0.3333333333333333 0.2265625 0.1875 0.021875