0 0.3076923076923077 0.0359375 0.6153846153846154 0.0703125
0 0.9134615384615384 0.0453125 0.16346153846153846 0.0890625
0 0.7403846153846154 0.24375 0.15384615384615385 0.034375
0 0.5 0.6328125 1 0.734375
0 0.9663461538461539 0.6359375 0.0673076923076923 0.05
0 0.625 0.934375 0.75 0.1296875
0 0.9759615384615384 0.50234375 0.04807692307692308 0.0421875
0 0.23076923076923078 0.375 0.18269230769230768 0.0359375
0 0.5288461538461539 0.43125 0.15384615384615385 0.03125
0 0.1346153846153846 0.45 0.25961538461538464 0.0640625
0 0.08653846153846154 0.8375 0.16346153846153846 0.14375
0 0.6153846153846154 0.1 0.22115384615384615 0.0421875
0 0.2403846153846154 0.0125 0.17307692307692307 0.025