0 0.125 0.0625 0.2361111111111111 0.0296875
0 0.8611111111111112 0.5796875 0.2777777777777778 0.025
0 0.4027777777777778 0.1375 0.3194444444444444 0.0328125
0 0.4722222222222222 0.00625 0.2361111111111111 0.0125
0 0.1388888888888889 0.228125 0.2638888888888889 0.0421875
0 0.8611111111111112 0.3984375 0.2777777777777778 0.021875
0 0.5 0.465625 0.3194444444444444 0.01875
0 0.7361111111111112 0.515625 0.20833333333333334 0.025
0 0.05555555555555555 0.85 0.09722222222222222 0.0375
0 0.7361111111111112 0.64375 0.125 0.021875
0 0.25 0.3890625 0.18055555555555555 0.01875
0 0.5 0.396875 0.1111111111111111 0.0125
0 0.2916666666666667 0.5609375 0.1388888888888889 0.0109375
0 0.06944444444444445 0.5625 0.125 0.009375
0 0.05555555555555555 0.6140625 0.06944444444444445 0.009375
0 0.75 0.80625 0.2361111111111111 0.015625
0 0.8333333333333334 0.8875 0.2361111111111111 0.021875
0 0.08333333333333333 0.678125 0.1527777777777778 0.0125
0 0.8194444444444444 0.18125 0.1388888888888889 0.01875
0 0.875 0.23125 0.20833333333333334 0.0109375
0 0.6111111111111112 0.025 0.09722222222222222 0.0078125
0 0.8888888888888888 0.009375 0.18055555555555555 0.0125
0 0.1527777777777778 0.040625 0.1111111111111111 0.0125
0 0.4166666666666667 0.1078125 0.16666666666666666 0.015625
0 0.5277777777777778 0.2953125 0.16666666666666666 0.0109375
0 0.027777777777777776 0.309375 0.041666666666666664 0.0140625
0 0.2916666666666667 0.5328125 0.1388888888888889 0.01875
0 0.9027777777777778 0.0390625 0.16666666666666666 0.015625