0 0.08823529411764706 0.196875 0.17647058823529413 0.0390625
0 0.6617647058823529 0.3515625 0.2647058823529412 0.01875
0 0.014705882352941176 0.8171875 0.014705882352941176 0.040625
0 0.07352941176470588 0.434375 0.1323529411764706 0.0140625
0 0.7941176470588235 0.253125 0.11764705882352941 0.025
0 0.5441176470588235 0.2 0.23529411764705882 0.03125
0 0.19117647058823528 0.7359375 0.36764705882352944 0.0484375
0 0.029411764705882353 0.5046875 0.04411764705882353 0.0125
0 0.1323529411764706 0.6140625 0.17647058823529413 0.0234375
0 0.04411764705882353 0.771875 0.07352941176470588 0.01875
0 0.7058823529411765 0.903125 0.10294117647058823 0.0125
0 0.058823529411764705 0.3625 0.04411764705882353 0.00625