0 0.9863013698630136 0.1640625 0.0273972602739726 0.0203125
0 0.3972602739726027 0.11875 0.2191780821917808 0.028125
0 0.589041095890411 0.3328125 0.0958904109589041 0.01875
0 0.1506849315068493 0.46875 0.2876712328767123 0.0359375
0 0.8082191780821918 0.26875 0.1506849315068493 0.0203125
0 0.1232876712328767 0.6515625 0.2465753424657534 0.065625
0 0.136986301369863 0.790625 0.2602739726027397 0.05625
0 0.726027397260274 0.81875 0.1780821917808219 0.0203125
0 0.4520547945205479 0.784375 0.136986301369863 0.0234375
0 0.5616438356164384 0.6203125 0.2465753424657534 0.0421875
0 0.8082191780821918 0.446875 0.136986301369863 0.0171875
0 0.6575342465753424 0.93125 0.2191780821917808 0.0421875
0 0.0410958904109589 0.9125 0.0821917808219178 0.021875
0 0.5753424657534246 0.89375 0.4657534246575342 0.03125
0 0.9931506849315068 0.890625 0.0136986301369863 0.028125
0 0.1506849315068493 0.984375 0.2876712328767123 0.0296875