0 0.6057692307692307 0.1078125 0.2692307692307692 0.0546875
0 0.4230769230769231 0.0875 0.6826923076923077 0.1328125
0 0.8557692307692307 0.140625 0.28846153846153844 0.2796875
0 0.41346153846153844 0.2875 0.41346153846153844 0.0828125
0 0.4807692307692308 0.4328125 0.9615384615384616 0.1671875
0 0.9855769230769231 0.80390625 0.028846153846153848 0.0421875
0 0.25 0.7390625 0.46153846153846156 0.075
0 0.3942307692307692 0.81875 0.21153846153846154 0.040625
0 0.7596153846153846 0.6015625 0.25961538461538464 0.0421875
0 0.18269230769230768 0.8765625 0.11538461538461539 0.025
0 0.375 0.8734375 0.1346153846153846 0.025
0 0.5673076923076923 0.9703125 0.19230769230769232 0.034375
0 0.8461538461538461 0.9578125 0.18269230769230768 0.0453125
0 0.019230769230769232 0.975 0.038461538461538464 0.04375
0 0.019230769230769232 0.9171875 0.028846153846153848 0.0515625
0 0.7211538461538461 0.746875 0.22115384615384615 0.0421875
0 0.5 0.7734375 1 0.453125
0 0.4423076923076923 0.609375 0.17307692307692307 0.0421875