0 0.35064935064935066 0.04375 0.23376623376623376 0.028125
0 0.974025974025974 0.0515625 0.05194805194805195 0.0875
0 0.948051948051948 0.0015625 0.1038961038961039 0.003125
0 0.4155844155844156 0.1109375 0.16883116883116883 0.0265625
0 0.961038961038961 0.1015625 0.06493506493506493 0.015625
0 0.935064935064935 0.3328125 0.12987012987012986 0.0421875
0 0.16883116883116883 0.1796875 0.16883116883116883 0.0171875
0 0.8831168831168831 0.221875 0.18181818181818182 0.01875
0 0.7142857142857143 0.2421875 0.23376623376623376 0.021875
0 0.935064935064935 0.6984375 0.11688311688311688 0.0640625
0 0.8051948051948052 0.0828125 0.14285714285714285 0.028125
0 0.5324675324675324 0.015625 0.09090909090909091 0.0140625
0 0.37662337662337664 0.3390625 0.2077922077922078 0.0296875
0 0.3116883116883117 0.9765625 0.4805194805194805 0.04375