0 0.4189189189189189 0.0421875 0.17567567567567569 0.015625
0 0.527027027027027 0.021875 0.14864864864864866 0.0203125
0 0.40540540540540543 0.446875 0.12162162162162163 0.0171875
0 0.02702702702702703 0.43125 0.04054054054054054 0.0078125
0 0.10810810810810811 0.4421875 0.06756756756756757 0.0125
0 0.0945945945945946 0.3859375 0.0945945945945946 0.0125
0 0.581081081081081 0.353125 0.10810810810810811 0.0140625
0 0.24324324324324326 0.3078125 0.17567567567567569 0.01875
0 0.5 0.140625 0.08108108108108109 0.0109375
0 0.6216216216216216 0.6953125 0.17567567567567569 0.0265625
0 0.40540540540540543 0.575 0.06756756756756757 0.0125
0 0.6216216216216216 0.509375 0.08108108108108109 0.0140625
0 0.5675675675675675 0.4828125 0.08108108108108109 0.009375
0 0.35135135135135137 0.51875 0.08108108108108109 0.0125
0 0.7432432432432432 0.5359375 0.05405405405405406 0.0109375
0 0.7162162162162162 0.5546875 0.05405405405405406 0.009375
0 0.1891891891891892 0.771875 0.17567567567567569 0.025
0 0.6621621621621622 0.7828125 0.20270270270270271 0.121875