0 0.375 0.93125 0.2361111111111111 0.01875
0 0.4444444444444444 0.8203125 0.25 0.0171875
0 0.5138888888888888 0.765625 0.25 0.01875
0 0.7777777777777778 0.803125 0.2638888888888889 0.0109375
0 0.6388888888888888 0.99375 0.3888888888888889 0.0125
0 0.9513888888888888 0.95546875 0.09722222222222222 0.0328125
0 0.19444444444444445 0.309375 0.3888888888888889 0.0453125
0 0.75 0.5140625 0.3888888888888889 0.0328125
0 0.2638888888888889 0.6015625 0.20833333333333334 0.0234375
0 0.7222222222222222 0.3296875 0.2777777777777778 0.034375
0 0.041666666666666664 0.859375 0.06944444444444445 0.03125
0 0.9375 0.9890625 0.125 0.021875
0 0.06944444444444445 0.059375 0.1388888888888889 0.04375
0 0.3055555555555556 0.23125 0.3194444444444444 0.028125
0 0.06944444444444445 0.475 0.1388888888888889 0.028125
0 0.6805555555555556 0.4125 0.2638888888888889 0.0265625
0 0.5 0.5 1 1