0 0.18666666666666668 0.0046875 0.36 0.0078125
0 0.7333333333333333 0.70625 0.2 0.01875
0 0.13333333333333333 0.0015625 0.26666666666666666 0.0015625
0 0.8933333333333333 0.9609375 0.2 0.0203125
0 0.72 0.2453125 0.16 0.01875
0 0.09333333333333334 0.159375 0.18666666666666668 0.0296875
0 0.24 0.3421875 0.21333333333333335 0.0171875
0 0.92 0.4609375 0.14666666666666667 0.0203125
0 0.13333333333333333 0.3953125 0.25333333333333335 0.0375
0 0.04 0.8859375 0.06666666666666667 0.028125
0 0.18666666666666668 0.7453125 0.36 0.0484375
0 0.6 0.378125 0.3466666666666667 0.04375
0 0.06666666666666667 0.0734375 0.13333333333333333 0.015625
0 0.76 0.146875 0.2 0.0296875
0 0.9466666666666667 0.3296875 0.10666666666666667 0.0234375
0 0.5866666666666667 0.265625 0.05333333333333334 0.0109375
0 0.13333333333333333 0.840625 0.06666666666666667 0.0125