0 0.36 0.7546875 0.21333333333333335 0.04375
0 0.52 0.959375 0.2 0.03125
0 0.56 0.5140625 0.2 0.025
0 0.7733333333333333 0.271875 0.21333333333333335 0.03125
0 0.6933333333333334 0.140625 0.2 0.015625
0 0.94 0.19375 0.12 0.01875
0 0.7066666666666667 0.0984375 0.14666666666666667 0.0140625
0 0.7733333333333333 0.4890625 0.10666666666666667 0.0171875
0 0.37333333333333335 0.928125 0.13333333333333333 0.01875
0 0.68 0.025 0.08 0.0078125
0 0.84 0.44375 0.12 0.0125
0 0.8133333333333334 0.9296875 0.2 0.0109375
0 0.32 0.971875 0.14666666666666667 0.009375
0 0.5866666666666667 0.7578125 0.05333333333333334 0.00625