0 0.5 0.7765625 1 0.446875
0 0.26804123711340205 0.4015625 0.24742268041237114 0.0359375
0 0.5670103092783505 0.4359375 0.27835051546391754 0.0359375
0 0.8762886597938144 0.29375 0.24742268041237114 0.03125
0 0.05154639175257732 0.515625 0.10309278350515463 0.046875
0 0.5051546391752577 0.50625 0.25773195876288657 0.0359375
0 0.979381443298969 0.525 0.041237113402061855 0.03125
0 0.4329896907216495 0.6015625 0.41237113402061853 0.04375
0 0.14432989690721648 0.5703125 0.27835051546391754 0.05625
0 0.36082474226804123 0.3453125 0.20618556701030927 0.0359375
0 0.030927835051546393 0.4453125 0.061855670103092786 0.03125
0 0.6391752577319587 0.3265625 0.21649484536082475 0.028125
0 0.8865979381443299 0.3296875 0.16494845360824742 0.01875
0 0.7319587628865979 0.125 0.41237113402061853 0.0421875
0 0.36082474226804123 0.06875 0.36082474226804123 0.0328125
0 0.5463917525773195 0.00625 0.18556701030927836 0.0125
0 0.3711340206185567 0.034375 0.13402061855670103 0.015625
0 0.05154639175257732 0.040625 0.10309278350515463 0.0171875
0 0.13402061855670103 0.175 0.13402061855670103 0.015625
0 0.3402061855670103 0.2640625 0.18556701030927836 0.0171875
0 0.32989690721649484 0.2984375 0.17525773195876287 0.021875