0 0.6716417910447762 0.015625 0.47761194029850745 0.0296875
0 0.9029850746268657 0.29140625 0.19402985074626866 0.0453125
0 0.6865671641791045 0.20625 0.2835820895522388 0.034375
0 0.19402985074626866 0.35625 0.22388059701492538 0.0265625
0 0.7611940298507462 0.3484375 0.19402985074626866 0.0125
0 0.3880597014925373 0.3296875 0.417910447761194 0.03125
0 0.4626865671641791 0.1671875 0.16417910447761194 0.025
0 0.9626865671641791 0.33046875 0.07462686567164178 0.0171875
0 0.9328358208955224 0.434375 0.13432835820895522 0.028125
0 0.40298507462686567 0.6359375 0.43283582089552236 0.040625
0 0.417910447761194 0.6953125 0.11940298507462686 0.0296875
0 0.582089552238806 0.990625 0.6119402985074627 0.01875
0 0.7164179104477612 0.7890625 0.22388059701492538 0.015625
0 0.373134328358209 0.390625 0.208955223880597 0.0203125
0 0.835820895522388 0.375 0.14925373134328357 0.0140625
0 0.31343283582089554 0.1265625 0.1791044776119403 0.0140625
0 0.6567164179104478 0.25 0.11940298507462686 0.0125
0 0.1791044776119403 0.028125 0.19402985074626866 0.0203125
0 0.23880597014925373 0.078125 0.208955223880597 0.015625
0 0.9253731343283582 0.7765625 0.11940298507462686 0.0140625
0 0.5373134328358209 0.36875 0.14925373134328357 0.0109375
0 0.47761194029850745 0.453125 0.14925373134328357 0.015625
0 0.40298507462686567 0.565625 0.14925373134328357 0.015625
0 0.13432835820895522 0.6640625 0.13432835820895522 0.0109375