0 0.2597402597402597 0.6328125 0.5194805194805194 0.13125
0 0.025974025974025976 0.771875 0.03896103896103896 0.034375
0 0.7792207792207793 0.5734375 0.18181818181818182 0.028125
0 0.7532467532467533 0.428125 0.4805194805194805 0.0625
0 0.2727272727272727 0.990625 0.5454545454545454 0.01875
0 0.3116883116883117 0.053125 0.22077922077922077 0.025
0 0.14285714285714285 0.121875 0.14285714285714285 0.0109375
0 0.3116883116883117 0.3734375 0.16883116883116883 0.0140625
0 0.5974025974025974 0.4796875 0.23376623376623376 0.01875
0 0.6363636363636364 0.5 0.14285714285714285 0.0125
0 0.974025974025974 0.8765625 0.03896103896103896 0.0203125
0 0.7532467532467533 0.8859375 0.12987012987012986 0.0203125
0 0.922077922077922 0.940625 0.14285714285714285 0.0171875