0 0.9552845528455285 0.09140625 0.08943089430894309 0.0484375
0 0.8414634146341463 0.25078125 0.3170731707317073 0.5015625
0 0.5040650406504065 0.0953125 0.42276422764227645 0.121875
0 0.6666666666666666 0.0109375 0.6016260162601627 0.0203125
0 0.9390243902439024 0.0203125 0.12195121951219512 0.040625
0 0.9796747967479674 0.2890625 0.04065040650406504 0.05
0 0.4634146341463415 0.3296875 0.2764227642276423 0.10625
0 0.4065040650406504 0.203125 0.2682926829268293 0.0671875
0 0.8739837398373984 0.2828125 0.25203252032520324 0.203125
0 0.9634146341463414 0.88515625 0.07317073170731707 0.0359375
0 0.42276422764227645 0.91875 0.17073170731707318 0.03125
0 0.9105691056910569 0.9296875 0.17073170731707318 0.0375
0 0.6341463414634146 0.821875 0.34146341463414637 0.0703125
0 0.5121951219512195 0.6015625 0.21138211382113822 0.0390625
0 0.5447154471544715 0.734375 0.6016260162601627 0.084375
0 0.4796747967479675 0.9578125 0.5447154471544715 0.084375
0 0.8252032520325203 0.859375 0.34959349593495936 0.084375