0 0.6216216216216216 0.0734375 0.06756756756756757 0.0109375
0 0.3783783783783784 0.096875 0.08108108108108109 0.0109375
0 0.7162162162162162 0.1 0.10810810810810811 0.01875
0 0.4189189189189189 0.2921875 0.4594594594594595 0.0234375
0 0.6891891891891891 0.26875 0.6216216216216216 0.0234375
0 0.9324324324324325 0.29375 0.13513513513513514 0.0203125
0 0.9256756756756757 0.71640625 0.14864864864864866 0.0390625
0 0.527027027027027 0.553125 0.12162162162162163 0.015625
0 0.7297297297297297 0.540625 0.1891891891891892 0.0171875
0 0.918918918918919 0.5796875 0.14864864864864866 0.015625
0 0.9054054054054054 0.759375 0.13513513513513514 0.01875
0 0.6756756756756757 0.9359375 0.12162162162162163 0.0171875
0 0.8648648648648649 0.959375 0.10810810810810811 0.0125