0 0.17142857142857143 0.059375 0.34285714285714286 0.1171875
0 0.819047619047619 0.0234375 0.3619047619047619 0.046875
0 0.5047619047619047 0.065625 0.26666666666666666 0.0515625
0 0.580952380952381 0.2328125 0.18095238095238095 0.0375
0 0.2761904761904762 0.6375 0.5428571428571428 0.30625
0 0.7904761904761904 0.54375 0.41904761904761906 0.13125
0 0.4666666666666667 0.4078125 0.47619047619047616 0.1234375
0 0.06666666666666667 0.3171875 0.13333333333333333 0.046875
0 0.10476190476190476 0.234375 0.20952380952380953 0.053125
0 0.8571428571428571 0.28125 0.2761904761904762 0.1171875
0 0.8761904761904762 0.4390625 0.23809523809523808 0.0671875
0 0.8380952380952381 0.734375 0.3238095238095238 0.1390625
0 0.6571428571428571 0.871875 0.08571428571428572 0.01875
0 0.6857142857142857 0.8140625 0.08571428571428572 0.0125
0 0.3333333333333333 0.84375 0.26666666666666666 0.0890625