0 0.36923076923076925 0.2421875 0.23076923076923078 0.053125
0 0.7230769230769231 0.7625 0.24615384615384617 0.0296875
0 0.9769230769230769 0.09296875 0.046153846153846156 0.0296875
0 0.8 0.640625 0.18461538461538463 0.0125
0 0.5538461538461539 0.515625 0.18461538461538463 0.0203125
0 0.6615384615384615 0.709375 0.3076923076923077 0.05
0 0.9307692307692308 0.02578125 0.13846153846153847 0.0203125
0 0.5230769230769231 0.85 0.13846153846153847 0.03125
0 0.8384615384615385 0.97578125 0.3230769230769231 0.0453125
0 0.8769230769230769 0.446875 0.15384615384615385 0.03125
0 0.4153846153846154 0.1453125 0.26153846153846155 0.025