0 0.9153846153846154 0.64296875 0.16923076923076924 0.0328125
0 0.5384615384615384 0.3890625 0.12307692307692308 0.021875
0 0.9923076923076923 0.41171875 0.015384615384615385 0.0171875
0 0.38461538461538464 0.2734375 0.24615384615384617 0.021875
0 0.823076923076923 0.1578125 0.35384615384615387 0.05
0 0.7923076923076923 0.01640625 0.4153846153846154 0.0171875
0 0.35384615384615387 0.115625 0.13846153846153847 0.01875
0 0.8769230769230769 0.265625 0.12307692307692308 0.009375
0 0.6153846153846154 0.1953125 0.2 0.009375
0 0.26153846153846155 0.665625 0.07692307692307693 0.025
0 0.8384615384615385 0.0015625 0.3230769230769231 0.003125
0 0.9153846153846154 0.19296875 0.16923076923076924 0.0203125
0 0.38461538461538464 0.1625 0.3384615384615385 0.034375
0 0.8769230769230769 0.48125 0.24615384615384617 0.0515625