0 0.4025974025974026 0.1015625 0.23376623376623376 0.021875
0 0.23376623376623376 0.4546875 0.2077922077922078 0.034375
0 0.8311688311688312 0.6328125 0.33766233766233766 0.13125
0 0.2857142857142857 0.6359375 0.23376623376623376 0.0421875
0 0.6233766233766234 0.6015625 0.14285714285714285 0.0265625
0 0.8441558441558441 0.771875 0.2987012987012987 0.034375
0 0.2857142857142857 0.8578125 0.35064935064935066 0.0453125
0 0.5584415584415584 0.990625 0.8831168831168831 0.01875
0 0.4805194805194805 0.1578125 0.11688311688311688 0.0015625
0 0.8831168831168831 0.034375 0.16883116883116883 0.0109375
0 0.2857142857142857 0.19375 0.16883116883116883 0.0171875
0 0.7402597402597403 0.23125 0.16883116883116883 0.0125
0 0.8311688311688312 0.9015625 0.16883116883116883 0.0203125