0 0.22666666666666666 0.2171875 0.41333333333333333 0.0484375
0 0.7066666666666667 0.05625 0.22666666666666666 0.0234375
0 0.3333333333333333 0.075 0.18666666666666668 0.0203125
0 0.9733333333333334 0.1765625 0.04 0.0125
0 0.56 0.453125 0.09333333333333334 0.009375
0 0.5733333333333334 0.9078125 0.26666666666666666 0.0265625
0 0.04 0.83125 0.08 0.0203125
0 0.7733333333333333 0.175 0.17333333333333334 0.0125
0 0.04 0.3171875 0.05333333333333334 0.0125
0 0.6 0.425 0.10666666666666667 0.0140625
0 0.6666666666666666 0.4421875 0.08 0.0140625