0 0.6865671641791045 0.1875 0.3582089552238806 0.03125
0 0.5522388059701493 0.346875 0.26865671641791045 0.0375
0 0.9253731343283582 0.478125 0.13432835820895522 0.040625
0 0.9552238805970149 0.865625 0.08955223880597014 0.0890625
0 0.23880597014925373 0.7484375 0.3283582089552239 0.0328125
0 0.14925373134328357 0.178125 0.1791044776119403 0.0125
0 0.40298507462686567 0.2515625 0.19402985074626866 0.0140625
0 0.7910447761194029 0.546875 0.16417910447761194 0.0203125
0 0.6865671641791045 0.9515625 0.19402985074626866 0.0296875
0 0.6716417910447762 0.0765625 0.1044776119402985 0.0171875
0 0.7313432835820896 0.115625 0.1044776119402985 0.0125
0 0.9402985074626866 0.809375 0.1044776119402985 0.0125