0 0.41237113402061853 0.9875 0.2268041237113402 0.021875
0 0.061855670103092786 0.6765625 0.12371134020618557 0.1390625
0 0.5979381443298969 0.6625 0.41237113402061853 0.0609375
0 0.28865979381443296 0.6375 0.35051546391752575 0.046875
0 0.8762886597938144 0.8171875 0.23711340206185566 0.0265625
0 0.7835051546391752 0.4578125 0.17525773195876287 0.028125
0 0.07216494845360824 0.8296875 0.13402061855670103 0.034375
0 0.7628865979381443 0.753125 0.16494845360824742 0.03125
0 0.7319587628865979 0.709375 0.18556701030927836 0.0265625
0 0.865979381443299 0.5875 0.26804123711340205 0.046875
0 0.4742268041237113 0.553125 0.21649484536082475 0.025
0 0.28865979381443296 0.2984375 0.28865979381443296 0.0609375
0 0.8762886597938144 0.35625 0.23711340206185566 0.028125
0 0.27835051546391754 0.8921875 0.26804123711340205 0.03125
0 0.9123711340206185 0.775 0.17525773195876287 0.034375
0 0.5154639175257731 0.95625 0.12371134020618557 0.0125
0 0.23711340206185566 0.9953125 0.16494845360824742 0.009375
0 0.38144329896907214 0.91875 0.12371134020618557 0.0171875
0 0.9123711340206185 0.88125 0.17525773195876287 0.015625
0 0.13402061855670103 0.3921875 0.09278350515463918 0.0140625
0 0.422680412371134 0.35625 0.15463917525773196 0.0171875
0 0.7010309278350515 0.4078125 0.12371134020618557 0.0265625
0 0.9175257731958762 0.403125 0.16494845360824742 0.021875
0 0.9742268041237113 0.64609375 0.05154639175257732 0.0140625
0 0.9484536082474226 0.68125 0.10309278350515463 0.028125
0 0.9278350515463918 0.2671875 0.14432989690721648 0.0359375
0 0.4742268041237113 0.221875 0.20618556701030927 0.021875
0 0.20618556701030927 0.2015625 0.12371134020618557 0.0125
0 0.6185567010309279 0.0515625 0.5257731958762887 0.046875
0 0.6494845360824743 0.0078125 0.20618556701030927 0.015625