0 0.696969696969697 0.1765625 0.36363636363636365 0.03125
0 0.5606060606060606 0.3390625 0.2727272727272727 0.0375
0 0.9393939393939394 0.4734375 0.12121212121212122 0.0421875
0 0.9621212121212122 0.871875 0.07575757575757576 0.090625
0 0.22727272727272727 0.75 0.3333333333333333 0.0328125
0 0.13636363636363635 0.1671875 0.18181818181818182 0.0125
0 0.4090909090909091 0.24375 0.19696969696969696 0.0140625
0 0.803030303030303 0.5453125 0.16666666666666666 0.0203125
0 0.696969696969697 0.9578125 0.19696969696969696 0.0296875
0 0.6818181818181818 0.065625 0.10606060606060606 0.0171875
0 0.7424242424242424 0.103125 0.10606060606060606 0.0125
0 0.9545454545454546 0.8140625 0.09090909090909091 0.0125