0 0.3076923076923077 0.396875 0.6153846153846154 0.103125
0 0.46153846153846156 0.0359375 0.47692307692307695 0.0703125
0 0.6923076923076923 0.103125 0.3076923076923077 0.0203125
0 0.46153846153846156 0.11875 0.9076923076923077 0.2234375
0 0.1076923076923077 0.7328125 0.2 0.0375
0 0.03076923076923077 0.5234375 0.06153846153846154 0.04375
0 0.26153846153846155 0.6640625 0.36923076923076925 0.034375
0 0.7153846153846154 0.44921875 0.5692307692307692 0.0609375
0 0.046153846153846156 0.825 0.07692307692307693 0.009375
0 0.49230769230769234 0.721875 0.1076923076923077 0.0109375
0 0.13846153846153847 0.80625 0.06153846153846154 0.0046875
0 0.046153846153846156 0.7890625 0.07692307692307693 0.0078125