0 0.9948453608247423 0.99765625 0.010309278350515464 0.0015625
0 0.6288659793814433 0.9921875 0.20618556701030927 0.015625
0 0.27835051546391754 0.903125 0.4845360824742268 0.0671875
0 0.7628865979381443 0.88125 0.25773195876288657 0.021875
0 0.10309278350515463 0.7875 0.20618556701030927 0.028125
0 0.9123711340206185 0.721875 0.17525773195876287 0.05
0 0.5567010309278351 0.7359375 0.14432989690721648 0.0296875
0 0.6288659793814433 0.6234375 0.35051546391752575 0.0390625
0 0.18556701030927836 0.525 0.26804123711340205 0.0390625
0 0.09278350515463918 0.596875 0.17525773195876287 0.0546875
0 0.030927835051546393 0.6828125 0.05154639175257732 0.04375
0 0.5154639175257731 0.6703125 0.32989690721649484 0.021875
0 0.6597938144329897 0.696875 0.15463917525773196 0.0203125
0 0.4639175257731959 0.0125 0.23711340206185566 0.0234375
0 0.12371134020618557 0.0421875 0.24742268041237114 0.0265625
0 0.8917525773195877 0.13046875 0.21649484536082475 0.1390625
0 0.9329896907216495 0.4515625 0.13402061855670103 0.175
0 0.9742268041237113 0.30546875 0.05154639175257732 0.0484375