0 0.07692307692307693 0.0765625 0.08974358974358974 0.015625
0 0.24358974358974358 0.075 0.16666666666666666 0.025
0 0.2692307692307692 0.446875 0.11538461538461539 0.0140625
0 0.5 0.4765625 0.10256410256410256 0.0125
0 0.7564102564102564 0.4640625 0.10256410256410256 0.0109375
0 0.9487179487179487 0.453125 0.07692307692307693 0.0109375
0 0.8461538461538461 0.6015625 0.1282051282051282 0.015625
0 0.05128205128205128 0.865625 0.08974358974358974 0.0109375
0 0.2948717948717949 0.7859375 0.07692307692307693 0.0125
0 0.32051282051282054 0.821875 0.1794871794871795 0.0140625
0 0.07692307692307693 0.8125 0.11538461538461539 0.0125
0 0.11538461538461539 0.7640625 0.10256410256410256 0.0125
0 0.41025641025641024 0.8859375 0.05128205128205128 0.0078125