0 0.34951456310679613 0.0609375 0.1941747572815534 0.04375
0 0.8640776699029126 0.06875 0.14563106796116504 0.0296875
0 0.9805825242718447 0.121875 0.02912621359223301 0.15625
0 0.47572815533980584 0.1296875 0.6407766990291263 0.0671875
0 0.8932038834951457 0.23125 0.14563106796116504 0.0296875
0 0.5145631067961165 0.475 0.970873786407767 0.5421875
0 0.42718446601941745 0.39375 0.14563106796116504 0.0546875
0 0.4368932038834951 0.3546875 0.6019417475728155 0.3203125
0 0.9320388349514563 0.5703125 0.13592233009708737 0.0953125
0 0.9805825242718447 0.8125 0.02912621359223301 0.2078125
0 0.3786407766990291 0.9125 0.36893203883495146 0.059375
0 0.47572815533980584 0.7984375 0.5728155339805825 0.1171875
0 0.7524271844660194 0.9625 0.49514563106796117 0.075
0 0.30097087378640774 0.9765625 0.3883495145631068 0.0453125