0 0.8108108108108109 0.10641627543035993 0.1891891891891892 0.028169014084507043
0 0.8513513513513513 0.3223787167449139 0.14864864864864866 0.018779342723004695
0 0.5405405405405406 0.5070422535211268 0.6756756756756757 0.07355242566510173
0 0.9864864864864865 0.3615023474178404 0.02702702702702703 0.025039123630672927
0 0.6756756756756757 0.4350547730829421 0.20270270270270271 0.028169014084507043
0 0.10810810810810811 0.38497652582159625 0.20270270270270271 0.03599374021909233
0 0.43243243243243246 0.38028169014084506 0.20270270270270271 0.0297339593114241
0 0.08108108108108109 0.7057902973395931 0.16216216216216217 0.048513302034428794
0 0.5540540540540541 0.6995305164319249 0.2972972972972973 0.04225352112676056
0 0.8378378378378378 0.812206572769953 0.2972972972972973 0.04225352112676056
0 0.8378378378378378 0.6463223787167449 0.32432432432432434 0.04225352112676056
0 0.6081081081081081 0.6009389671361502 0.2972972972972973 0.03755868544600939
0 0.20270270270270271 0.9765258215962441 0.1891891891891892 0.023474178403755867
0 0.0945945945945946 0.8028169014084507 0.17567567567567569 0.03599374021909233
0 0.04054054054054054 0.5320813771517997 0.08108108108108109 0.0594679186228482
0 0.2972972972972973 0.2378716744913928 0.22972972972972974 0.0406885758998435
0 0.13513513513513514 0.2676056338028169 0.13513513513513514 0.02190923317683881
0 0.9797297297297297 0.9960876369327074 0.04054054054054054 0.00782472613458529
0 0.8918918918918919 0.9389671361502347 0.21621621621621623 0.03442879499217527
0 0.5675675675675675 0.8810641627543035 0.2702702702702703 0.03442879499217527
0 0.08108108108108109 0.9139280125195618 0.14864864864864866 0.03442879499217527