0 0.15584415584415584 0.7390625 0.3116883116883117 0.0328125
0 0.7142857142857143 0.1234375 0.42857142857142855 0.040625
0 0.4155844155844156 0.2484375 0.33766233766233766 0.05
0 0.12987012987012986 0.009375 0.24675324675324675 0.01875
0 0.22077922077922077 0.0109375 0.33766233766233766 0.0203125
0 0.2857142857142857 0.0578125 0.18181818181818182 0.0125
0 0.07792207792207792 0.075 0.14285714285714285 0.0125
0 0.35064935064935066 0.109375 0.15584415584415584 0.021875
0 0.012987012987012988 0.29375 0.025974025974025976 0.0140625
0 0.3246753246753247 0.325 0.16883116883116883 0.0109375
0 0.6623376623376623 0.375 0.18181818181818182 0.025
0 0.4155844155844156 0.396875 0.12987012987012986 0.01875
0 0.4155844155844156 0.475 0.14285714285714285 0.01875
0 0.7532467532467533 0.5140625 0.2077922077922078 0.01875
0 0.4805194805194805 0.959375 0.18181818181818182 0.01875