0 0.5961538461538461 0.0625 0.6538461538461539 0.1234375
0 0.11538461538461539 0.05 0.19230769230769232 0.0375
0 0.0673076923076923 0.1015625 0.125 0.0234375
0 0.16346153846153846 0.0390625 0.3269230769230769 0.0765625
0 0.6442307692307693 0.1578125 0.2980769230769231 0.0421875
0 0.25 0.275 0.15384615384615385 0.03125
0 0.4230769230769231 0.19375 0.8461538461538461 0.2375
0 0.6346153846153846 0.475 0.15384615384615385 0.028125
0 0.5384615384615384 0.5640625 0.18269230769230768 0.040625
0 0.09615384615384616 0.5953125 0.19230769230769232 0.0484375
0 0.08653846153846154 0.8125 0.17307692307692307 0.0609375
0 0.36538461538461536 0.6328125 0.1346153846153846 0.0265625
0 0.34615384615384615 0.6953125 0.16346153846153846 0.0265625
0 0.4423076923076923 0.7 0.7692307692307693 0.2359375
0 0.6442307692307693 0.984375 0.18269230769230768 0.0296875
0 0.3269230769230769 0.8890625 0.6442307692307693 0.221875
0 0.27884615384615385 0.965625 0.28846153846153844 0.0671875
0 0.07692307692307693 0.965625 0.15384615384615385 0.0671875
0 0.2692307692307692 0.875 0.38461538461538464 0.08125