0 0.9142857142857143 0.240625 0.1619047619047619 0.0359375
0 0.8476190476190476 0.2875 0.1619047619047619 0.04375
0 0.6666666666666666 0.0046875 0.1523809523809524 0.009375
0 0.45714285714285713 0.4171875 0.29523809523809524 0.059375
0 0.9333333333333333 0.1046875 0.13333333333333333 0.209375
0 0.41904761904761906 0.571875 0.2571428571428571 0.059375
0 0.45714285714285713 0.6640625 0.12380952380952381 0.025
0 0.9047619047619048 0.65 0.06666666666666667 0.0140625
0 0.7142857142857143 0.8125 0.5714285714285714 0.3734375
0 0.8095238095238095 0.384375 0.2 0.0125
0 0.8666666666666667 0.3765625 0.2571428571428571 0.00625
0 0.9238095238095239 0.7234375 0.14285714285714285 0.05
0 0.5428571428571428 0.1921875 0.44761904761904764 0.3828125