0 0.1553398058252427 0.0453125 0.30097087378640774 0.090625
0 0.08737864077669903 0.3 0.1650485436893204 0.0453125
0 0.10679611650485436 0.5359375 0.08737864077669903 0.0234375
0 0.17475728155339806 0.7203125 0.1262135922330097 0.025
0 0.1262135922330097 0.7765625 0.24271844660194175 0.0640625
0 0.4563106796116505 0.7625 0.1553398058252427 0.0265625
0 0.6893203883495146 0.7859375 0.18446601941747573 0.0359375
0 0.4563106796116505 0.3515625 0.0970873786407767 0.0140625
0 0.36893203883495146 0.4171875 0.10679611650485436 0.028125
0 0.3883495145631068 0.4953125 0.20388349514563106 0.0625
0 0.06796116504854369 0.76875 0.13592233009708737 0.1578125
0 0.5631067961165048 0.9453125 0.44660194174757284 0.109375
0 0.4368932038834951 0.2703125 0.8737864077669902 0.228125