0 0.28 0.00625 0.12 0.0125
0 0.26666666666666666 0.1515625 0.28 0.03125
0 0.76 0.48125 0.10666666666666667 0.01875
0 0.88 0.4859375 0.10666666666666667 0.01875
0 0.5333333333333333 0.80625 0.10666666666666667 0.0125
0 0.5866666666666667 0.9890625 0.06666666666666667 0.0125
0 0.05333333333333334 0.253125 0.09333333333333334 0.0078125
0 0.6266666666666667 0.5078125 0.06666666666666667 0.0125
0 0.04 0.865625 0.06666666666666667 0.0171875
0 0.04 0.8875 0.08 0.0125
0 0.26666666666666666 0.9796875 0.12 0.0125
0 0.06666666666666667 0.84375 0.10666666666666667 0.0171875