0 0.625 0.33671875 0.75 0.1421875
0 0.7573529411764706 0.240625 0.4852941176470588 0.353125
0 0.5294117647058824 0.8359375 0.20588235294117646 0.0265625
0 0.22058823529411764 0.5796875 0.4411764705882353 0.0640625
0 0.6029411764705882 0.4484375 0.5735294117647058 0.05
0 0.029411764705882353 0.896875 0.058823529411764705 0.034375
0 0.9338235294117647 0.8578125 0.1323529411764706 0.0125
0 0.029411764705882353 0.71875 0.04411764705882353 0.0296875
0 0.35294117647058826 0.0125 0.36764705882352944 0.025
0 0.7647058823529411 0.51875 0.17647058823529413 0.0140625
0 0.8529411764705882 0.55625 0.07352941176470588 0.0078125
0 0.6764705882352942 0.540625 0.16176470588235295 0.0140625
0 0.6176470588235294 0.6171875 0.1323529411764706 0.0140625
0 0.6764705882352942 0.803125 0.10294117647058823 0.0109375