0 0.4117647058823529 0.4578125 0.17647058823529413 0.03125
0 0.9485294117647058 0.3234375 0.10294117647058823 0.03125
0 0.5 0.8375 1 0.1078125
0 0.47058823529411764 0.953125 0.27941176470588236 0.015625
0 0.3088235294117647 0.9953125 0.10294117647058823 0.0078125
0 0.04411764705882353 0.834375 0.07352941176470588 0.034375
0 0.9338235294117647 0.93359375 0.1323529411764706 0.0171875
0 0.45588235294117646 0.1890625 0.14705882352941177 0.021875
0 0.5 0.1765625 1 0.1640625
0 0.4117647058823529 0.2203125 0.1323529411764706 0.0140625
0 0.39705882352941174 0.3125 0.10294117647058823 0.0125
0 0.08823529411764706 0.34375 0.08823529411764706 0.009375
0 0.5 0.3515625 0.10294117647058823 0.009375
0 0.14705882352941177 0.8765625 0.17647058823529413 0.015625
0 0.7794117647058824 0.9328125 0.1323529411764706 0.0171875