0 0.0625 0.93125 0.11458333333333333 0.0140625
0 0.3541666666666667 0.9 0.08333333333333333 0.0140625
0 0.34375 0.971875 0.09375 0.009375
0 0.9583333333333334 0.90625 0.0625 0.009375
0 0.8541666666666666 0.9234375 0.10416666666666667 0.0109375
0 0.5416666666666666 0.9359375 0.07291666666666667 0.0109375
0 0.5520833333333334 0.953125 0.10416666666666667 0.0140625
0 0.6979166666666666 0.975 0.10416666666666667 0.0109375
0 0.4583333333333333 0.9953125 0.07291666666666667 0.0078125
0 0.9479166666666666 0.996875 0.0625 0.00625
0 0.041666666666666664 0.971875 0.08333333333333333 0.009375
0 0.40625 0.8421875 0.10416666666666667 0.015625
0 0.9479166666666666 0.8421875 0.10416666666666667 0.015625
0 0.13541666666666666 0.790625 0.10416666666666667 0.0125
0 0.3333333333333333 0.81875 0.09375 0.0140625
0 0.2916666666666667 0.9171875 0.13541666666666666 0.0109375
0 0.3541666666666667 0.9484375 0.09375 0.0109375
0 0.28125 0.990625 0.125 0.0140625
0 0.9583333333333334 0.9703125 0.08333333333333333 0.0078125
0 0.625 0.9828125 0.07291666666666667 0.0078125
0 0.4583333333333333 0.984375 0.09375 0.009375
0 0.3333333333333333 0.746875 0.14583333333333334 0.0125
0 0.3645833333333333 0.36875 0.25 0.034375
0 0.9322916666666666 0.271875 0.13541666666666666 0.028125
0 0.25 0.2453125 0.22916666666666666 0.034375
0 0.53125 0.3984375 0.15625 0.025
0 0.5104166666666666 0.46875 0.25 0.0171875
0 0.75 0.0515625 0.3125 0.0296875
0 0.07291666666666667 0.1375 0.14583333333333334 0.0171875
0 0.7604166666666666 0.1171875 0.09375 0.0109375
0 0.8958333333333334 0.1359375 0.13541666666666666 0.0109375
0 0.4583333333333333 0.2296875 0.13541666666666666 0.0203125
0 0.921875 0.2421875 0.15625 0.021875
0 0.041666666666666664 0.271875 0.07291666666666667 0.0125
0 0.03125 0.221875 0.052083333333333336 0.0140625
0 0.4166666666666667 0.3296875 0.125 0.0203125
0 0.7604166666666666 0.3015625 0.125 0.0109375
0 0.5520833333333334 0.3109375 0.09375 0.0109375
0 0.6770833333333334 0.3203125 0.07291666666666667 0.015625
0 0.8229166666666666 0.31875 0.125 0.009375
0 0.6041666666666666 0.353125 0.09375 0.009375
0 0.6354166666666666 0.3703125 0.10416666666666667 0.0109375
0 0.3958333333333333 0.4375 0.14583333333333334 0.01875
0 0.9270833333333334 0.4546875 0.13541666666666666 0.0125
0 0.6666666666666666 0.1984375 0.11458333333333333 0.009375
0 0.5416666666666666 0.2 0.09375 0.0078125
0 0.6979166666666666 0.2171875 0.13541666666666666 0.015625
0 0.8125 0.240625 0.13541666666666666 0.0171875
0 0.020833333333333332 0.18125 0.03125 0.0140625
0 0.052083333333333336 0.4109375 0.09375 0.0125
0 0.052083333333333336 0.453125 0.09375 0.0171875
0 0.8958333333333334 0.4234375 0.1875 0.0296875
0 0.20833333333333334 0.0234375 0.19791666666666666 0.0234375
0 0.14583333333333334 0.003125 0.125 0.00625
0 0.4583333333333333 0.1484375 0.08333333333333333 0.015625
0 0.4479166666666667 0.1859375 0.09375 0.015625
0 0.6666666666666666 0.1859375 0.10416666666666667 0.0125
0 0.23958333333333334 0.3015625 0.10416666666666667 0.0171875