0 0.9226804123711341 0.4203125 0.15463917525773196 0.05
0 0.010309278350515464 0.5890625 0.020618556701030927 0.0328125
0 0.061855670103092786 0.6578125 0.1134020618556701 0.0265625
0 0.27835051546391754 0.5828125 0.21649484536082475 0.0375
0 0.6597938144329897 0.6390625 0.18556701030927836 0.03125
0 0.8350515463917526 0.6 0.2268041237113402 0.034375
0 0.9742268041237113 0.68125 0.05154639175257732 0.040625
0 0.17525773195876287 0.4390625 0.28865979381443296 0.0375
0 0.32989690721649484 0.4796875 0.17525773195876287 0.0265625
0 0.8865979381443299 0.3546875 0.21649484536082475 0.0359375
0 0.9432989690721649 0.315625 0.1134020618556701 0.034375
0 0.020618556701030927 0.534375 0.030927835051546393 0.021875
0 0.020618556701030927 0.6890625 0.030927835051546393 0.0265625
0 0.4329896907216495 0.821875 0.20618556701030927 0.05
0 0.979381443298969 0.171875 0.041237113402061855 0.0234375
0 0.7422680412371134 0.534375 0.18556701030927836 0.034375