0 0.696969696969697 0.9328125 0.5 0.046875
0 0.07575757575757576 0.853125 0.15151515151515152 0.015625
0 0.7121212121212122 0.8484375 0.45454545454545453 0.0390625
0 0.18181818181818182 0.559375 0.36363636363636365 0.1015625
0 0.015151515151515152 0.7984375 0.030303030303030304 0.034375
0 0.7424242424242424 0.790625 0.4696969696969697 0.0328125
0 0.75 0.2765625 0.5 0.04375
0 0.015151515151515152 0.9125 0.015151515151515152 0.0421875
0 0.803030303030303 0.984375 0.36363636363636365 0.0296875
0 0.8106060606060606 0.64453125 0.3787878787878788 0.0421875
0 0.6212121212121212 0.690625 0.4696969696969697 0.0390625