0 0.5189873417721519 0.040625 0.13924050632911392 0.0203125
0 0.11392405063291139 0.14375 0.0759493670886076 0.0140625
0 0.25316455696202533 0.14375 0.1518987341772152 0.021875
0 0.9493670886075949 0.028125 0.08860759493670886 0.0125
0 0.4177215189873418 0.009375 0.11392405063291139 0.0140625
0 0.2911392405063291 0.478125 0.10126582278481013 0.0125
0 0.4936708860759494 0.503125 0.08860759493670886 0.0109375
0 0.7088607594936709 0.4921875 0.08860759493670886 0.009375
0 0.8860759493670886 0.4828125 0.06329113924050633 0.009375
0 0.7974683544303798 0.615625 0.11392405063291139 0.0140625
0 0.08860759493670886 0.853125 0.08860759493670886 0.009375
0 0.3037974683544304 0.78125 0.06329113924050633 0.0109375
0 0.3291139240506329 0.8125 0.16455696202531644 0.0125
0 0.11392405063291139 0.8046875 0.10126582278481013 0.0109375
0 0.1518987341772152 0.7625 0.08860759493670886 0.0109375
0 0.4050632911392405 0.871875 0.0379746835443038 0.00625