0 0.8714285714285714 0.4171875 0.24285714285714285 0.0375
0 0.5857142857142857 0.5375 0.2857142857142857 0.034375
0 0.5285714285714286 0.440625 0.22857142857142856 0.0203125
0 0.5857142857142857 0.3375 0.22857142857142856 0.028125
0 0.05714285714285714 0.3453125 0.1 0.0140625
0 0.6 0.4 0.3 0.034375
0 0.5 0.4328125 1 0.415625
0 0.6285714285714286 0.9578125 0.7285714285714285 0.084375
0 0.04285714285714286 0.9734375 0.07142857142857142 0.009375
0 0.08571428571428572 0.9296875 0.12857142857142856 0.009375
0 0.014285714285714285 0.2484375 0.02857142857142857 0.0078125
0 0.85 0.090625 0.3 0.028125