0 0.37398373983739835 0.046875 0.3089430894308943 0.065625
0 0.6910569105691057 0.0546875 0.17073170731707318 0.0375
0 0.2764227642276423 0.2109375 0.21951219512195122 0.040625
0 0.008130081300813009 0.165625 0.008130081300813009 0.3296875
0 0.34959349593495936 0.234375 0.6991869918699187 0.2578125
0 0.4959349593495935 0.6046875 0.2601626016260163 0.05
0 0.07317073170731707 0.6078125 0.13821138211382114 0.046875
0 0.032520325203252036 0.4921875 0.056910569105691054 0.0390625
0 0.04065040650406504 0.6109375 0.07317073170731707 0.0921875
0 0.13008130081300814 0.76875 0.2601626016260163 0.04375
0 0.6016260162601627 0.6609375 0.21138211382113822 0.040625