0 0.21333333333333335 0.25625 0.22666666666666666 0.025
0 0.24 0.6890625 0.28 0.028125
0 0.49333333333333335 0.5171875 0.21333333333333335 0.0234375
0 0.14666666666666667 0.375 0.14666666666666667 0.0109375
0 0.30666666666666664 0.4546875 0.12 0.015625
0 0.3466666666666667 0.3921875 0.08 0.009375
0 0.2 0.49375 0.06666666666666667 0.0078125
0 0.24 0.46875 0.08 0.009375
0 0.013333333333333334 0.9125 0.013333333333333334 0.00625
0 0.5733333333333334 0.2609375 0.17333333333333334 0.0203125
0 0.7066666666666667 0.3421875 0.13333333333333333 0.0125
0 0.013333333333333334 0.70625 0.02666666666666667 0.0203125
0 0.6533333333333333 0.7921875 0.2 0.01875
0 0.3333333333333333 0.8953125 0.13333333333333333 0.0125