0 0.2604166666666667 0.9203125 0.5 0.06875
0 0.7604166666666666 0.8984375 0.2708333333333333 0.021875
0 0.10416666666666667 0.8015625 0.19791666666666666 0.0296875
0 0.9114583333333334 0.7359375 0.17708333333333334 0.05
0 0.5625 0.75 0.14583333333333334 0.03125
0 0.625 0.6359375 0.3541666666666667 0.040625
0 0.16666666666666666 0.534375 0.28125 0.040625
0 0.08333333333333333 0.609375 0.15625 0.05625
0 0.020833333333333332 0.696875 0.03125 0.0453125
0 0.5104166666666666 0.6828125 0.3333333333333333 0.021875
0 0.65625 0.7109375 0.15625 0.0203125
0 0.4583333333333333 0.0109375 0.25 0.021875
0 0.125 0.040625 0.23958333333333334 0.0265625
0 0.890625 0.13203125 0.21875 0.1421875
0 0.9375 0.459375 0.125 0.1796875
0 0.9791666666666666 0.3109375 0.041666666666666664 0.0484375