0 0.4444444444444444 0.028125 0.2777777777777778 0.04375
0 0.125 0.2125 0.2361111111111111 0.0390625
0 0.16666666666666666 0.4484375 0.3194444444444444 0.0484375
0 0.5 0.3953125 0.3472222222222222 0.0359375
0 0.013888888888888888 0.2671875 0.027777777777777776 0.0265625
0 0.05555555555555555 0.3 0.1111111111111111 0.025
0 0.19444444444444445 0.35625 0.2361111111111111 0.0234375
0 0.2361111111111111 0.7609375 0.16666666666666666 0.028125
0 0.9097222222222222 0.71328125 0.18055555555555555 0.0328125
0 0.9375 0.8765625 0.125 0.046875
0 0.013888888888888888 0.603125 0.027777777777777776 0.03125
0 0.18055555555555555 0.65625 0.3194444444444444 0.021875
0 0.5555555555555556 0.6015625 0.3194444444444444 0.0546875
0 0.6388888888888888 0.328125 0.4583333333333333 0.0640625
0 0.09722222222222222 0.925 0.19444444444444445 0.021875
0 0.2361111111111111 0.8734375 0.2916666666666667 0.040625
0 0.5 0.065625 0.2361111111111111 0.0265625
0 0.3055555555555556 0.196875 0.2361111111111111 0.025