0 0.9733333333333334 0.99375 0.04 0.0125
0 0.30666666666666664 0.3546875 0.25333333333333335 0.0515625
0 0.8266666666666667 0.9828125 0.3466666666666667 0.034375
0 0.30666666666666664 0.59375 0.10666666666666667 0.0328125
0 0.16 0.6828125 0.10666666666666667 0.0234375
0 0.8666666666666667 0.515625 0.26666666666666666 0.040625
0 0.26666666666666666 0.640625 0.16 0.015625
0 0.41333333333333333 0.915625 0.25333333333333335 0.03125
0 0.76 0.6578125 0.25333333333333335 0.0171875
0 0.7066666666666667 0.3359375 0.21333333333333335 0.0171875
0 0.8 0.0515625 0.25333333333333335 0.0296875
0 0.8 0.25 0.25333333333333335 0.0171875
0 0.96 0.015625 0.08 0.01875