0 0.20618556701030927 0.6046875 0.30927835051546393 0.0375
0 0.09278350515463918 0.453125 0.17525773195876287 0.0453125
0 0.16494845360824742 0.7390625 0.18556701030927836 0.0296875
0 0.041237113402061855 0.6921875 0.07216494845360824 0.0375
0 0.20618556701030927 0.6515625 0.21649484536082475 0.040625
0 0.041237113402061855 0.39375 0.07216494845360824 0.0328125
0 0.061855670103092786 0.3578125 0.12371134020618557 0.03125
0 0.1134020618556701 0.003125 0.21649484536082475 0.0046875
0 0.05154639175257732 0.2265625 0.10309278350515463 0.021875
0 0.35051546391752575 0.2140625 0.2268041237113402 0.0296875
0 0.422680412371134 0.0703125 0.13402061855670103 0.021875