0 0.3252032520325203 0.0046875 0.24390243902439024 0.0078125
0 0.6585365853658537 0.0109375 0.16260162601626016 0.0203125
0 0.8455284552845529 0.00625 0.10569105691056911 0.0109375
0 0.35772357723577236 0.115625 0.3170731707317073 0.053125
0 0.18699186991869918 0.084375 0.13008130081300814 0.0296875
0 0.2601626016260163 0.153125 0.17073170731707318 0.0328125
0 0.3821138211382114 0.21875 0.21951219512195122 0.0390625
0 0.12195121951219512 0.215625 0.13821138211382114 0.0296875
0 0.7967479674796748 0.171875 0.13821138211382114 0.0359375
0 0.9308943089430894 0.28203125 0.13821138211382114 0.0515625
0 0.8943089430894309 0.221875 0.13008130081300814 0.028125
0 0.9471544715447154 0.34765625 0.10569105691056911 0.0359375
0 0.5284552845528455 0.384375 0.16260162601626016 0.04375
0 0.024390243902439025 0.546875 0.04065040650406504 0.040625
0 0.4959349593495935 0.590625 0.42276422764227645 0.071875
0 0.35772357723577236 0.3234375 0.17073170731707318 0.0375
0 0.9552845528455285 0.590625 0.08943089430894309 0.071875
0 0.5853658536585366 0.4515625 0.17073170731707318 0.0546875
0 0.4796747967479675 0.5078125 0.1951219512195122 0.0328125
0 0.04878048780487805 0.3515625 0.08943089430894309 0.0234375
0 0.016260162601626018 0.4265625 0.032520325203252036 0.034375
0 0.516260162601626 0.47734375 0.967479674796748 0.2640625
0 0.12195121951219512 0.684375 0.23577235772357724 0.0625
0 0.8617886178861789 0.7859375 0.2601626016260163 0.05
0 0.9308943089430894 0.146875 0.13821138211382114 0.29375
0 0.4146341463414634 0.1359375 0.8292682926829268 0.2703125
0 0.5 0.90078125 1 0.1953125