0 0.5625 0.96875 0.28125 0.0375
0 0.4479166666666667 0.8921875 0.17708333333333334 0.0546875
0 0.46875 0.809375 0.16666666666666666 0.0359375
0 0.5416666666666666 0.5953125 0.2604166666666667 0.0453125
0 0.9166666666666666 0.6203125 0.16666666666666666 0.03125
0 0.9635416666666666 0.6828125 0.07291666666666667 0.025
0 0.75 0.2421875 0.5 0.04375
0 0.6041666666666666 0.3234375 0.15625 0.03125
0 0.84375 0.3484375 0.2604166666666667 0.0296875
0 0.4791666666666667 0.3515625 0.16666666666666666 0.025
0 0.6666666666666666 0.403125 0.21875 0.03125
0 0.8333333333333334 0.4375 0.16666666666666666 0.01875
0 0.6041666666666666 0.5390625 0.17708333333333334 0.0171875
0 0.9114583333333334 0.56796875 0.17708333333333334 0.0203125
0 0.65625 0.6828125 0.20833333333333334 0.028125
0 0.9322916666666666 0.7125 0.13541666666666666 0.025
0 0.5520833333333334 0.7671875 0.22916666666666666 0.0234375
0 0.7291666666666666 0.3078125 0.17708333333333334 0.028125
0 0.8645833333333334 0.0609375 0.16666666666666666 0.0140625