0 0.8243243243243243 0.1640625 0.35135135135135137 0.078125
0 0.8648648648648649 0.2296875 0.2702702702702703 0.025
0 0.8986486486486487 0.10625 0.20270270270270271 0.034375
0 0.7837837837837838 0.7703125 0.13513513513513514 0.015625
0 0.5540540540540541 0.7078125 0.33783783783783783 0.0765625
0 0.5675675675675675 0.6203125 0.3783783783783784 0.078125
0 0.9054054054054054 0.596875 0.1891891891891892 0.0265625
0 0.972972972972973 0.6265625 0.04054054054054054 0.0359375
0 0.6081081081081081 0.3296875 0.4189189189189189 0.1140625
0 0.9121621621621622 0.95078125 0.17567567567567569 0.0265625
0 0.6216216216216216 0.9203125 0.16216216216216217 0.0171875
0 0.5135135135135135 0.984375 0.25675675675675674 0.0296875