0 0.3939393939393939 0.075 0.30303030303030304 0.053125
0 0.946969696969697 0.03828125 0.10606060606060606 0.0390625
0 0.5606060606060606 0.234375 0.21212121212121213 0.0265625
0 0.015151515151515152 0.159375 0.015151515151515152 0.0171875
0 0.10606060606060606 0.7078125 0.21212121212121213 0.03125
0 0.8939393939393939 0.128125 0.13636363636363635 0.009375
0 0.30303030303030304 0.1671875 0.15151515151515152 0.015625
0 0.8939393939393939 0.1828125 0.16666666666666666 0.015625
0 0.8636363636363636 0.278125 0.16666666666666666 0.0125
0 0.4393939393939394 0.5125 0.21212121212121213 0.015625
0 0.9848484848484849 0.61875 0.030303030303030304 0.015625
0 0.015151515151515152 0.6453125 0.015151515151515152 0.0171875