0 0.21621621621621623 0.071875 0.2702702702702703 0.0265625
0 0.527027027027027 0.015625 0.1891891891891892 0.01875
0 0.21621621621621623 0.0140625 0.21621621621621623 0.025
0 0.43243243243243246 0.1515625 0.36486486486486486 0.0578125
0 0.8378378378378378 0.06875 0.3108108108108108 0.034375
0 0.6756756756756757 0.24375 0.3108108108108108 0.0359375
0 0.5 0.5953125 1 0.1875
0 0.10810810810810811 0.3515625 0.20270270270270271 0.028125
0 0.3918918918918919 0.715625 0.20270270270270271 0.0265625
0 0.9864864864864865 0.7984375 0.013513513513513514 0.0203125
0 0.8243243243243243 0.8578125 0.20270270270270271 0.0171875
0 0.6216216216216216 0.784375 0.10810810810810811 0.0234375
0 0.9864864864864865 0.771875 0.02702702702702703 0.009375
0 0.6351351351351351 0.7546875 0.14864864864864866 0.0125
0 0.10810810810810811 0.74375 0.14864864864864866 0.0171875
0 0.22972972972972974 0.846875 0.1891891891891892 0.025
0 0.581081081081081 0.8328125 0.16216216216216217 0.0171875
0 0.8648648648648649 0.903125 0.1891891891891892 0.0140625
0 0.04054054054054054 0.7625 0.06756756756756757 0.015625
0 0.8378378378378378 0.959375 0.2972972972972973 0.0296875