0 0.013888888888888888 0.7296875 0.027777777777777776 0.021875
0 0.3194444444444444 0.7203125 0.16666666666666666 0.021875
0 0.8194444444444444 0.678125 0.16666666666666666 0.021875
0 0.8333333333333334 0.8 0.1527777777777778 0.021875
0 0.8333333333333334 0.84375 0.2222222222222222 0.015625
0 0.9027777777777778 0.9078125 0.16666666666666666 0.0234375
0 0.9027777777777778 0.5125 0.1527777777777778 0.0140625
0 0.20833333333333334 0.56875 0.18055555555555555 0.0140625
0 0.5833333333333334 0.6046875 0.18055555555555555 0.0140625
0 0.19444444444444445 0.8390625 0.19444444444444445 0.021875
0 0.2777777777777778 0.7671875 0.06944444444444445 0.0109375
0 0.9305555555555556 0.75625 0.125 0.0140625
0 0.6805555555555556 0.26875 0.2222222222222222 0.021875
0 0.19444444444444445 0.25625 0.125 0.0125
0 0.19444444444444445 0.19375 0.2361111111111111 0.0296875
0 0.5 0.1828125 1 0.3640625