0 0.875 0.9203125 0.25 0.04375
0 0.3382352941176471 0.30625 0.6617647058823529 0.075
0 0.3382352941176471 0.034375 0.6029411764705882 0.0671875
0 0.8382352941176471 0.2296875 0.3235294117647059 0.034375
0 0.6029411764705882 0.359375 0.16176470588235295 0.0125
0 0.04411764705882353 0.6734375 0.07352941176470588 0.0171875
0 0.22058823529411764 0.421875 0.17647058823529413 0.0203125
0 0.6029411764705882 0.65 0.20588235294117646 0.0234375
0 0.8529411764705882 0.0625 0.29411764705882354 0.0515625
0 0.8970588235294118 0.1328125 0.19117647058823528 0.03125
0 0.8382352941176471 0.3421875 0.20588235294117646 0.0265625