0 0.057692307692307696 0.046875 0.10576923076923077 0.09375
0 0.028846153846153848 0.553125 0.04807692307692308 0.0484375
0 0.028846153846153848 0.709375 0.057692307692307696 0.0359375
0 0.5 0.6203125 0.9903846153846154 0.7578125
0 0.009615384615384616 0.9296875 0.019230769230769232 0.0875
0 0.17307692307692307 0.325 0.3269230769230769 0.0671875
0 0.22115384615384615 0.803125 0.1346153846153846 0.028125
0 0.19230769230769232 0.66875 0.16346153846153846 0.040625
0 0.4807692307692308 0.5125 0.16346153846153846 0.0359375
0 0.038461538461538464 0.628125 0.0673076923076923 0.0421875
0 0.4423076923076923 0.9578125 0.6826923076923077 0.084375
0 0.7596153846153846 0.8640625 0.36538461538461536 0.0625