0 0.46153846153846156 0.9984375 0.47692307692307695 0.0015625
0 0.3076923076923077 0.465625 0.3230769230769231 0.0375
0 0.24615384615384617 0.9640625 0.18461538461538463 0.0234375
0 0.46153846153846156 0.825 0.26153846153846155 0.028125
0 0.7692307692307693 0.9703125 0.46153846153846156 0.0453125
0 0.6923076923076923 0.60625 0.3230769230769231 0.0484375
0 0.16923076923076924 0.3859375 0.3230769230769231 0.0625
0 0.3230769230769231 0.209375 0.47692307692307695 0.0640625
0 0.5538461538461539 0.8578125 0.26153846153846155 0.025
0 0.8307692307692308 0.69375 0.3076923076923077 0.0296875
0 0.8153846153846154 0.8875 0.15384615384615385 0.0078125
0 0.5076923076923077 0.4421875 0.2153846153846154 0.0109375