0 0.5 0.03984375 1 0.0796875
0 0.3238095238095238 0.159375 0.41904761904761906 0.065625
0 0.7619047619047619 0.1671875 0.1523809523809524 0.0328125
0 0.9238095238095239 0.2078125 0.1523809523809524 0.034375
0 0.8476190476190476 0.35 0.2761904761904762 0.05625
0 0.9428571428571428 0.4671875 0.11428571428571428 0.0328125
0 0.3904761904761905 0.528125 0.19047619047619047 0.03125
0 0.4857142857142857 0.6578125 0.2 0.0359375
0 0.7619047619047619 0.6234375 0.4666666666666667 0.2
0 0.01904761904761905 0.8 0.02857142857142857 0.0796875
0 0.0380952380952381 0.3875 0.06666666666666667 0.028125
0 0.17142857142857143 0.246875 0.0380952380952381 0.0125
0 0.12380952380952381 0.53125 0.10476190476190476 0.0171875
0 0.6095238095238096 0.990625 0.11428571428571428 0.0171875
0 0.7238095238095238 0.8796875 0.5428571428571428 0.240625
0 0.21904761904761905 0.6765625 0.2 0.05
0 0.2857142857142857 0.3875 0.13333333333333333 0.0359375