0 0.7615384615384615 0.98125 0.47692307692307695 0.0375
0 0.8538461538461538 0.18671875 0.2923076923076923 0.0515625
0 0.26153846153846155 0.134375 0.13846153846153847 0.025
0 0.26153846153846155 0.91875 0.3230769230769231 0.0515625
0 0.03076923076923077 0.146875 0.06153846153846154 0.0203125
0 0.015384615384615385 0.103125 0.015384615384615385 0.0140625
0 0.1076923076923077 0.99375 0.2153846153846154 0.0109375
0 0.9307692307692308 0.859375 0.13846153846153847 0.125
0 0.6923076923076923 0.8078125 0.15384615384615385 0.0171875
0 0.09230769230769231 0.8015625 0.18461538461538463 0.028125
0 0.18461538461538463 0.3734375 0.09230769230769231 0.015625
0 0.2923076923076923 0.2375 0.18461538461538463 0.0171875