0 0.5384615384615384 0.0171875 0.11538461538461539 0.015625
0 0.16666666666666666 0.0546875 0.10256410256410256 0.015625
0 0.3717948717948718 0.33125 0.0641025641025641 0.0109375
0 0.23076923076923078 0.3078125 0.0641025641025641 0.009375
0 0.8333333333333334 0.665625 0.05128205128205128 0.0078125
0 0.6923076923076923 0.646875 0.02564102564102564 0.0046875
0 0.8205128205128205 0.6875 0.038461538461538464 0.0078125
0 0.6410256410256411 0.525 0.05128205128205128 0.00625
0 0.2564102564102564 0.5375 0.038461538461538464 0.00625
0 0.9743589743589743 0.778125 0.05128205128205128 0.009375
0 0.11538461538461539 0.696875 0.05128205128205128 0.009375
0 0.6282051282051282 0.93125 0.24358974358974358 0.0296875
0 0.8589743589743589 0.940625 0.05128205128205128 0.00625
0 0.8846153846153846 0.9515625 0.038461538461538464 0.0046875
0 0.3974358974358974 0.9890625 0.038461538461538464 0.00625
0 0.5897435897435898 0.9859375 0.038461538461538464 0.0046875