0 0.2972972972972973 0.1784037558685446 0.33783783783783783 0.04538341158059468
0 0.6081081081081081 0.08294209702660407 0.36486486486486486 0.03129890453834116
0 0.43243243243243246 0.323943661971831 0.28378378378378377 0.03912363067292645
0 0.7162162162162162 0.3395931142410016 0.22972972972972974 0.054773082942097026
0 0.5405405405405406 0.38028169014084506 0.35135135135135137 0.03912363067292645
0 0.02702702702702703 0.37089201877934275 0.04054054054054054 0.023474178403755867
0 0.36486486486486486 0.5101721439749609 0.13513513513513514 0.018779342723004695
0 0.5945945945945946 0.4788732394366197 0.14864864864864866 0.014084507042253521
0 0.4594594594594595 0.460093896713615 0.1891891891891892 0.017214397496087636
0 0.7972972972972973 0.4084507042253521 0.10810810810810811 0.03286384976525822
0 0.5405405405405406 0.5492957746478874 0.25675675675675674 0.028169014084507043
0 0.7567567567567568 0.49921752738654146 0.12162162162162163 0.03599374021909233
0 0.12162162162162163 0.30985915492957744 0.1891891891891892 0.028169014084507043
0 0.4594594594594595 0.809076682316119 0.17567567567567569 0.023474178403755867
0 0.02702702702702703 0.7887323943661971 0.04054054054054054 0.02190923317683881
0 0.32432432432432434 0.7652582159624414 0.13513513513513514 0.018779342723004695
0 0.7027027027027027 0.9483568075117371 0.25675675675675674 0.07042253521126761