0 0.5 0.0109375 1 0.021875
0 0.29333333333333333 0.371875 0.3466666666666667 0.05625
0 0.5866666666666667 0.646875 0.13333333333333333 0.0203125
0 0.6533333333333333 0.9734375 0.14666666666666667 0.0125
0 0.22666666666666666 0.4546875 0.16 0.009375
0 0.6933333333333334 0.515625 0.10666666666666667 0.0109375
0 0.5466666666666666 0.8328125 0.16 0.01875
0 0.8533333333333334 0.240625 0.08 0.0109375
0 0.6 0.3734375 0.14666666666666667 0.0203125
0 0.02666666666666667 0.5203125 0.05333333333333334 0.0109375
0 0.28 0.9921875 0.08 0.0140625
0 0.5066666666666667 0.09375 0.18666666666666668 0.0171875