0 0.9635416666666666 0.16640625 0.07291666666666667 0.0515625
0 0.6666666666666666 0.084375 0.125 0.028125
0 0.3229166666666667 0.075 0.07291666666666667 0.025
0 0.9010416666666666 0.440625 0.19791666666666666 0.05
0 0.3645833333333333 0.303125 0.1875 0.03125
0 0.6666666666666666 0.3171875 0.15625 0.0359375
0 0.8541666666666666 0.5640625 0.2708333333333333 0.053125
0 0.5520833333333334 0.79375 0.23958333333333334 0.0296875
0 0.9114583333333334 0.93984375 0.17708333333333334 0.0359375
0 0.9427083333333334 0.78515625 0.11458333333333333 0.0359375
0 0.875 0.8140625 0.16666666666666666 0.034375
0 0.09375 0.859375 0.17708333333333334 0.0203125