0 0.8533333333333334 0.359375 0.28 0.0421875
0 0.92 0.56875 0.16 0.04375
0 0.32 0.403125 0.18666666666666668 0.0296875
0 0.9733333333333334 0.4328125 0.05333333333333334 0.03125
0 0.4666666666666667 0.7453125 0.26666666666666666 0.0359375
0 0.3466666666666667 0.4609375 0.14666666666666667 0.0140625
0 0.9333333333333333 0.0515625 0.13333333333333333 0.075
0 0.7333333333333333 0.640625 0.08 0.00625
0 0.38666666666666666 0.7984375 0.16 0.009375
0 0.24 0.8171875 0.17333333333333334 0.0203125
0 0.32 0.775 0.25333333333333335 0.0265625
0 0.9733333333333334 0.78125 0.04 0.0171875