0 0.9632352941176471 0.3921875 0.07352941176470588 0.028125
0 0.22058823529411764 0.85 0.2647058823529412 0.0203125
0 0.6323529411764706 0.8734375 0.29411764705882354 0.021875
0 0.5441176470588235 0.915625 0.2647058823529412 0.015625
0 0.5735294117647058 0.6359375 0.19117647058823528 0.025
0 0.9191176470588235 0.5953125 0.16176470588235295 0.03125
0 0.2647058823529412 0.6375 0.23529411764705882 0.025
0 0.6617647058823529 0.4984375 0.25 0.0171875
0 0.3088235294117647 0.3953125 0.22058823529411764 0.0171875
0 0.17647058823529413 0.559375 0.1323529411764706 0.0203125
0 0.6029411764705882 0.21875 0.1323529411764706 0.0171875
0 0.9779411764705882 0.3375 0.04411764705882353 0.015625