0 0.8571428571428571 0.165625 0.21904761904761905 0.0328125
0 0.047619047619047616 0.2078125 0.09523809523809523 0.03125
0 0.8380952380952381 0.4859375 0.20952380952380953 0.0375
0 0.6571428571428571 0.6234375 0.4380952380952381 0.0671875
0 0.47619047619047616 0.578125 0.2 0.034375
0 0.009523809523809525 0.6765625 0.01904761904761905 0.0328125
0 0.18095238095238095 0.6 0.24761904761904763 0.034375
0 0.047619047619047616 0.725 0.09523809523809523 0.028125
0 0.6476190476190476 0.8875 0.20952380952380953 0.0375
0 0.49523809523809526 0.85 0.18095238095238095 0.0296875
0 0.11428571428571428 0.8375 0.20952380952380953 0.0375
0 0.18095238095238095 0.90625 0.19047619047619047 0.0296875
0 0.22857142857142856 0.46875 0.13333333333333333 0.0265625
0 0.047619047619047616 0.46875 0.09523809523809523 0.0203125
0 0.21904761904761905 0.5140625 0.11428571428571428 0.021875
0 0.23809523809523808 0.253125 0.47619047619047616 0.1671875
0 0.047619047619047616 0.084375 0.09523809523809523 0.0734375
0 0.3619047619047619 0.0859375 0.42857142857142855 0.084375