0 0.582089552238806 0.040625 0.3582089552238806 0.0296875
0 0.14925373134328357 0.2921875 0.2835820895522388 0.0453125
0 0.9328358208955224 0.2859375 0.13432835820895522 0.03125
0 0.917910447761194 0.14296875 0.16417910447761194 0.0171875
0 0.9925373134328358 0.15390625 0.014925373134328358 0.0171875
0 0.9029850746268657 0.2453125 0.19402985074626866 0.034375
0 0.5074626865671642 0.35625 0.29850746268656714 0.0234375
0 0.1791044776119403 0.5375 0.2835820895522388 0.03125
0 0.3582089552238806 0.1703125 0.208955223880597 0.01875
0 0.07462686567164178 0.33125 0.14925373134328357 0.0171875
0 0.07462686567164178 0.434375 0.14925373134328357 0.028125
0 0.5671641791044776 0.915625 0.29850746268656714 0.0296875
0 0.6716417910447762 0.803125 0.11940298507462686 0.0125
0 0.8955223880597015 0.73125 0.08955223880597014 0.01875
0 0.44776119402985076 0.4546875 0.19402985074626866 0.0125
0 0.582089552238806 0.1328125 0.208955223880597 0.0109375
0 0.05970149253731343 0.1453125 0.11940298507462686 0.0078125
0 0.9626865671641791 0.59921875 0.07462686567164178 0.0234375
0 0.6268656716417911 0.621875 0.13432835820895522 0.0140625
0 0.22388059701492538 0.66875 0.16417910447761194 0.015625
0 0.9626865671641791 0.8890625 0.07462686567164178 0.01875