0 0.6910569105691057 0.2109375 0.3170731707317073 0.0640625
0 0.9308943089430894 0.03828125 0.13821138211382114 0.0421875
0 0.8373983739837398 0.1265625 0.1951219512195122 0.034375
0 0.967479674796748 0.0953125 0.06504065040650407 0.0265625
0 0.7235772357723578 0.0125 0.18699186991869918 0.025
0 0.9471544715447154 0.49375 0.10569105691056911 0.075
0 0.6504065040650406 0.490625 0.2601626016260163 0.1953125
0 0.5853658536585366 0.753125 0.23577235772357724 0.1578125
0 0.7601626016260162 0.63359375 0.4796747967479675 0.4859375
0 0.8292682926829268 0.9375 0.3008130081300813 0.059375
0 0.5934959349593496 0.9921875 0.12195121951219512 0.0140625
0 0.8130081300813008 0.9859375 0.14634146341463414 0.028125
0 0.7886178861788617 0.86875 0.21138211382113822 0.0390625