0 0.3076923076923077 0.00625 0.07692307692307693 0.009375
0 0.19230769230769232 0.0578125 0.10256410256410256 0.0140625
0 0.32051282051282054 0.028125 0.07692307692307693 0.0109375
0 0.6153846153846154 0.0109375 0.10256410256410256 0.0109375
0 0.44871794871794873 0.1125 0.07692307692307693 0.0109375
0 0.9230769230769231 0.0640625 0.07692307692307693 0.0125
0 0.5384615384615384 0.0890625 0.07692307692307693 0.009375
0 0.7051282051282052 0.578125 0.15384615384615385 0.0203125
0 0.9807692307692307 0.54375 0.038461538461538464 0.0125
0 0.9807692307692307 0.31171875 0.038461538461538464 0.0140625
0 0.1282051282051282 0.628125 0.08974358974358974 0.015625
0 0.5 0.4640625 1 0.6125
0 0.01282051282051282 0.8421875 0.01282051282051282 0.0171875
0 0.0641025641025641 0.7875 0.11538461538461539 0.01875
0 0.6923076923076923 0.8140625 0.07692307692307693 0.0125