0 0.4153846153846154 0.2921875 0.2923076923076923 0.05
0 0.7384615384615385 0.4015625 0.2923076923076923 0.028125
0 0.6384615384615384 0.5796875 0.7230769230769231 0.140625
0 0.3230769230769231 0.003125 0.4 0.0046875
0 0.6615384615384615 0.7609375 0.4 0.05
0 0.5923076923076923 0.978125 0.8153846153846154 0.04375
0 0.9846153846153847 0.0125 0.03076923076923077 0.025
0 0.9615384615384616 0.50703125 0.07692307692307693 0.0359375
0 0.5230769230769231 0.3484375 0.2923076923076923 0.0203125
0 0.26153846153846155 0.1203125 0.2 0.01875
0 0.8 0.0390625 0.15384615384615385 0.015625