0 0.25333333333333335 0.26875 0.12 0.0234375
0 0.09333333333333334 0.7640625 0.18666666666666668 0.0265625
0 0.32 0.484375 0.18666666666666668 0.0171875
0 0.7066666666666667 0.3984375 0.06666666666666667 0.0125
0 0.4 0.384375 0.14666666666666667 0.00625
0 0.84 0.4984375 0.10666666666666667 0.0125
0 0.8666666666666667 0.6015625 0.13333333333333333 0.0078125
0 0.7066666666666667 0.8828125 0.10666666666666667 0.0078125
0 0.9733333333333334 0.925 0.04 0.00625
0 0.06666666666666667 0.3359375 0.12 0.0109375
0 0.4666666666666667 0.4296875 0.12 0.0109375
0 0.92 0.7171875 0.14666666666666667 0.0203125
0 0.22666666666666666 0.9640625 0.09333333333333334 0.00625
0 0.02666666666666667 0.9921875 0.05333333333333334 0.0140625