0 0.9020618556701031 0.68515625 0.1958762886597938 0.5921875
0 0.4536082474226804 0.4265625 0.26804123711340205 0.046875
0 0.6907216494845361 0.9609375 0.12371134020618557 0.025
0 0.9381443298969072 0.9390625 0.12371134020618557 0.0328125
0 0.4639175257731959 0.7296875 0.24742268041237114 0.0359375
0 0.422680412371134 0.9671875 0.15463917525773196 0.0234375
0 0.8969072164948454 0.2359375 0.18556701030927836 0.0203125
0 0.5360824742268041 0.1515625 0.2268041237113402 0.025
0 0.4329896907216495 0.225 0.24742268041237114 0.025
0 0.44329896907216493 0.0875 0.12371134020618557 0.0203125
0 0.6082474226804123 0.0765625 0.1134020618556701 0.015625
0 0.865979381443299 0.0796875 0.09278350515463918 0.0171875
0 0.27835051546391754 0.125 0.10309278350515463 0.015625
0 0.32989690721649484 0.16875 0.1958762886597938 0.0234375