0 0.3173076923076923 0.071875 0.625 0.1421875
0 0.9086538461538461 0.07890625 0.18269230769230768 0.1578125
0 0.7307692307692307 0.2984375 0.14423076923076922 0.03125
0 0.9903846153846154 0.1609375 0.019230769230769232 0.05625
0 0.5 0.659375 1 0.68125
0 0.9519230769230769 0.653125 0.09615384615384616 0.0453125
0 0.6346153846153846 0.925 0.6730769230769231 0.121875
0 0.9615384615384616 0.5328125 0.07692307692307693 0.0375
0 0.27884615384615385 0.4171875 0.16346153846153846 0.0328125
0 0.5384615384615384 0.4671875 0.14423076923076922 0.028125
0 0.15384615384615385 0.484375 0.2980769230769231 0.0578125
0 0.10576923076923077 0.8359375 0.21153846153846154 0.1296875
0 0.6153846153846154 0.1671875 0.20192307692307693 0.0375
0 0.27884615384615385 0.084375 0.15384615384615385 0.034375
0 0.23076923076923078 0.0125 0.15384615384615385 0.025