0 0.8767123287671232 0.0078125 0.1506849315068493 0.015625
0 0.1095890410958904 0.259375 0.2054794520547945 0.0640625
0 0.8904109589041096 0.1125 0.136986301369863 0.021875
0 0.6164383561643836 0.1 0.1917808219178082 0.0234375
0 0.547945205479452 0.15 0.2328767123287671 0.0265625
0 0.7123287671232876 0.24375 0.5205479452054794 0.1296875
0 0.273972602739726 0.040625 0.5342465753424658 0.0796875
0 0.410958904109589 0.4328125 0.2602739726027397 0.0328125
0 0.1095890410958904 0.4 0.2054794520547945 0.0296875
0 0.3972602739726027 0.528125 0.1780821917808219 0.028125
0 0.1506849315068493 0.6953125 0.2876712328767123 0.0390625
0 0.4520547945205479 0.6828125 0.9041095890410958 0.1578125
0 0.7397260273972602 0.828125 0.3972602739726027 0.075
0 0.2328767123287671 0.8375 0.4520547945205479 0.0515625
0 0.5205479452054794 0.3984375 0.1506849315068493 0.015625
0 0.8082191780821918 0.54375 0.2465753424657534 0.04375
0 0.1643835616438356 0.990625 0.1506849315068493 0.0171875