0 0.37333333333333335 0.765625 0.21333333333333335 0.04375
0 0.5333333333333333 0.9734375 0.2 0.0328125
0 0.56 0.5203125 0.2 0.025
0 0.7866666666666666 0.275 0.21333333333333335 0.0328125
0 0.7066666666666667 0.140625 0.2 0.015625
0 0.9466666666666667 0.1953125 0.09333333333333334 0.01875
0 0.7066666666666667 0.0984375 0.14666666666666667 0.0140625
0 0.7866666666666666 0.496875 0.10666666666666667 0.0171875
0 0.37333333333333335 0.9421875 0.13333333333333333 0.01875
0 0.6933333333333334 0.0234375 0.08 0.0078125
0 0.8533333333333334 0.45 0.12 0.0125
0 0.8266666666666667 0.94375 0.2 0.0109375
0 0.32 0.9859375 0.14666666666666667 0.009375
0 0.5866666666666667 0.7703125 0.05333333333333334 0.00625