0 0.5 0.0375 1 0.075
0 0.5 0.01640625 1 0.0328125
0 0.9666666666666667 0.36484375 0.06666666666666667 0.1109375
0 0.11428571428571428 0.7125 0.21904761904761905 0.1265625
0 0.009523809523809525 0.43125 0.01904761904761905 0.096875
0 0.3238095238095238 0.5484375 0.4 0.1015625
0 0.9666666666666667 0.57734375 0.06666666666666667 0.0671875
0 0.8666666666666667 0.4609375 0.2571428571428571 0.1203125
0 0.2857142857142857 0.4453125 0.4095238095238095 0.075
0 0.6285714285714286 0.184375 0.12380952380952381 0.021875
0 0.24761904761904763 0.2921875 0.10476190476190476 0.021875
0 0.7333333333333333 0.7328125 0.5333333333333333 0.16875
0 0.5142857142857142 0.8890625 0.5428571428571428 0.1296875
0 0.14285714285714285 0.95625 0.2857142857142857 0.0859375
0 0.17142857142857143 0.9859375 0.34285714285714286 0.028125
0 0.8761904761904762 0.978125 0.23809523809523808 0.04375
0 0.20952380952380953 0.24375 0.13333333333333333 0.021875