0 0.6666666666666666 0.0015625 0.0641025641025641 0.003125
0 0.4358974358974359 0.0421875 0.05128205128205128 0.0078125
0 0.34615384615384615 0.1140625 0.05128205128205128 0.0109375
0 0.44871794871794873 0.0828125 0.038461538461538464 0.00625
0 0.5512820512820513 0.0921875 0.038461538461538464 0.00625
0 0.1282051282051282 0.1109375 0.05128205128205128 0.0078125
0 0.02564102564102564 0.16875 0.038461538461538464 0.00625
0 0.23076923076923078 0.225 0.1794871794871795 0.0234375
0 0.8717948717948718 0.1765625 0.10256410256410256 0.0140625
0 0.9358974358974359 0.25625 0.11538461538461539 0.021875
0 0.19230769230769232 0.4359375 0.38461538461538464 0.115625
0 0.21794871794871795 0.378125 0.2564102564102564 0.03125
0 0.2564102564102564 0.6328125 0.08974358974358974 0.0125
0 0.8333333333333334 0.625 0.07692307692307693 0.0109375
0 0.9615384615384616 0.6203125 0.0641025641025641 0.0109375
0 0.2564102564102564 0.75625 0.0641025641025641 0.0125
0 0.47435897435897434 0.875 0.10256410256410256 0.0140625
0 0.8974358974358975 0.990625 0.0641025641025641 0.0078125
0 0.05128205128205128 0.9953125 0.07692307692307693 0.0078125