0 0.19090909090909092 0.3046875 0.35454545454545455 0.1828125
0 0.32727272727272727 0.55 0.2545454545454545 0.0546875
0 0.16363636363636364 0.4625 0.2727272727272727 0.0875
0 0.8090909090909091 0.36875 0.14545454545454545 0.025
0 0.43636363636363634 0.4109375 0.22727272727272727 0.04375
0 0.9090909090909091 0.325 0.18181818181818182 0.028125
0 0.3 0.834375 0.18181818181818182 0.040625
0 0.9272727272727272 0.684375 0.14545454545454545 0.03125
0 0.35454545454545455 0.6265625 0.17272727272727273 0.03125
0 0.16363636363636364 0.7140625 0.2727272727272727 0.0578125
0 0.9590909090909091 0.83515625 0.08181818181818182 0.0515625
0 0.7818181818181819 0.965625 0.43636363636363634 0.05625
0 0.8636363636363636 0.4265625 0.2 0.034375
0 0.8727272727272727 0.5859375 0.2 0.028125
0 0.4 0.934375 0.14545454545454545 0.040625
0 0.5636363636363636 0.746875 0.12727272727272726 0.025
0 0.18181818181818182 0.765625 0.07272727272727272 0.0203125
0 0.07272727272727272 0.8390625 0.14545454545454545 0.0515625