0 0.8441558441558441 0.3296875 0.2987012987012987 0.0328125
0 0.2077922077922078 0.884375 0.4155844155844156 0.0359375
0 0.6493506493506493 0.9671875 0.22077922077922077 0.0171875
0 0.6753246753246753 0.671875 0.36363636363636365 0.021875
0 0.987012987012987 0.25 0.025974025974025976 0.5
0 0.15584415584415584 0.596875 0.3116883116883117 0.0625
0 0.37662337662337664 0.8703125 0.7532467532467533 0.2578125
0 0.5 0.72265625 1 0.1109375
0 0.16883116883116883 0.19375 0.3246753246753247 0.034375
0 0.03896103896103896 0.4375 0.06493506493506493 0.0671875
0 0.2727272727272727 0.50625 0.37662337662337664 0.0359375
0 0.15584415584415584 0.334375 0.2987012987012987 0.0375
0 0.7272727272727273 0.6359375 0.22077922077922077 0.0171875