0 0.88 0.04375 0.2 0.0171875
0 0.36 0.278125 0.24 0.0265625
0 0.8266666666666667 0.6125 0.29333333333333333 0.0453125
0 0.36 0.165625 0.14666666666666667 0.0171875
0 0.05333333333333334 0.440625 0.09333333333333334 0.0171875
0 0.02666666666666667 0.175 0.04 0.0125
0 0.05333333333333334 0.3125 0.10666666666666667 0.0171875
0 0.22666666666666666 0.0546875 0.16 0.015625
0 0.72 0.0515625 0.16 0.009375
0 0.5866666666666667 0.4234375 0.09333333333333334 0.0171875
0 0.6666666666666666 0.4515625 0.12 0.015625
0 0.26666666666666666 0.509375 0.16 0.0140625