0 0.12195121951219512 0.0046875 0.17886178861788618 0.0078125
0 0.21951219512195122 0.075 0.16260162601626016 0.0421875
0 0.016260162601626018 0.290625 0.032520325203252036 0.05625
0 0.08943089430894309 0.2125 0.17073170731707318 0.0609375
0 0.22764227642276422 0.45625 0.21951219512195122 0.0484375
0 0.04878048780487805 0.4078125 0.08943089430894309 0.0265625
0 0.43902439024390244 0.5890625 0.14634146341463414 0.046875
0 0.11382113821138211 0.621875 0.22764227642276422 0.078125
0 0.3252032520325203 0.653125 0.2764227642276423 0.065625
0 0.2032520325203252 0.5 0.4065040650406504 0.2859375
0 0.25203252032520324 0.1515625 0.5040650406504065 0.3015625
0 0.2764227642276423 0.8390625 0.44715447154471544 0.25625
0 0.25203252032520324 0.9265625 0.5040650406504065 0.146875