0 0.5735294117647058 0.8125 0.5294117647058824 0.0625
0 0.4852941176470588 0.1078125 0.39705882352941174 0.0390625
0 0.4852941176470588 0.0671875 0.3088235294117647 0.0234375
0 0.875 0.09375 0.25 0.034375
0 0.45588235294117646 0.4359375 0.29411764705882354 0.028125
0 0.08823529411764706 0.75 0.17647058823529413 0.0328125
0 0.9191176470588235 0.98046875 0.16176470588235295 0.0296875
0 0.19117647058823528 0.2765625 0.19117647058823528 0.01875
0 0.08823529411764706 0.4 0.16176470588235295 0.03125
0 0.27941176470588236 0.6984375 0.17647058823529413 0.015625
0 0.8970588235294118 0.8140625 0.16176470588235295 0.0171875
0 0.45588235294117646 0.9921875 0.07352941176470588 0.009375