0 0.6 0.025 0.12 0.0171875
0 0.32 0.290625 0.2 0.0203125
0 0.56 0.45 0.14666666666666667 0.015625
0 0.04 0.5484375 0.06666666666666667 0.0171875
0 0.06666666666666667 0.4796875 0.13333333333333333 0.01875
0 0.10666666666666667 0.8390625 0.18666666666666668 0.0265625
0 0.05333333333333334 0.753125 0.09333333333333334 0.0203125
0 0.68 0.15625 0.09333333333333334 0.0125
0 0.88 0.284375 0.17333333333333334 0.0203125
0 0.08 0.0421875 0.14666666666666667 0.021875
0 0.6 0.4140625 0.21333333333333335 0.0140625
0 0.4 0.5640625 0.14666666666666667 0.0109375
0 0.7733333333333333 0.86875 0.14666666666666667 0.0078125
0 0.9466666666666667 0.9046875 0.10666666666666667 0.0109375
0 0.04 0.975 0.08 0.0140625