0 0.6666666666666666 0.1890625 0.6666666666666666 0.3765625
0 0.6504065040650406 0.1390625 0.2926829268292683 0.0734375
0 0.36585365853658536 0.1359375 0.25203252032520324 0.05625
0 0.056910569105691054 0.00625 0.11382113821138211 0.0125
0 0.024390243902439025 0.034375 0.04878048780487805 0.0484375
0 0.2926829268292683 0.2828125 0.2032520325203252 0.078125
0 0.056910569105691054 0.2171875 0.11382113821138211 0.0578125
0 0.056910569105691054 0.0984375 0.11382113821138211 0.053125
0 0.6585365853658537 0.2859375 0.3821138211382114 0.09375
0 0.13821138211382114 0.4375 0.2764227642276423 0.109375
0 0.5528455284552846 0.4859375 0.2601626016260163 0.05
0 0.7886178861788617 0.428125 0.3170731707317073 0.05
0 0.8943089430894309 0.51875 0.21138211382113822 0.0546875
0 0.1951219512195122 0.671875 0.3821138211382114 0.1421875
0 0.9227642276422764 0.7125 0.15447154471544716 0.059375
0 0.967479674796748 0.778125 0.06504065040650407 0.0375
0 0.2032520325203252 0.828125 0.16260162601626016 0.034375
0 0.23577235772357724 0.8546875 0.4715447154471545 0.175
0 0.6585365853658537 0.9921875 0.4146341463414634 0.0140625
0 0.991869918699187 0.9015625 0.008130081300813009 0.0625
0 0.5 0.953125 1 0.09375
0 0.16260162601626016 0.971875 0.3170731707317073 0.05625