0 0.6504065040650406 0.003125 0.17886178861788618 0.00625
0 0.3333333333333333 0.1078125 0.34146341463414637 0.0578125
0 0.14634146341463414 0.075 0.13821138211382114 0.03125
0 0.22764227642276422 0.15 0.18699186991869918 0.0359375
0 0.34959349593495936 0.2203125 0.23577235772357724 0.0421875
0 0.07317073170731707 0.2171875 0.13821138211382114 0.03125
0 0.7967479674796748 0.1703125 0.14634146341463414 0.0390625
0 0.9349593495934959 0.290625 0.13008130081300814 0.05625
0 0.9105691056910569 0.2234375 0.13821138211382114 0.0296875
0 0.9512195121951219 0.3609375 0.0975609756097561 0.0390625
0 0.5121951219512195 0.3984375 0.17073170731707318 0.046875
0 0.4796747967479675 0.621875 0.45528455284552843 0.078125
0 0.3252032520325203 0.334375 0.18699186991869918 0.040625
0 0.9634146341463414 0.621875 0.07317073170731707 0.078125
0 0.5772357723577236 0.471875 0.18699186991869918 0.059375
0 0.45528455284552843 0.5328125 0.21138211382113822 0.0359375
0 0.024390243902439025 0.3640625 0.04065040650406504 0.025
0 0.5 0.49921875 1 0.2859375
0 0.0975609756097561 0.7234375 0.1951219512195122 0.0671875
0 0.8617886178861789 0.8328125 0.2682926829268293 0.053125
0 0.9390243902439024 0.15078125 0.12195121951219512 0.3015625
0 0.42276422764227645 0.1375 0.8373983739837398 0.275
0 0.5 0.9265625 1 0.146875