0 0.944954128440367 0.1890625 0.11009174311926606 0.040625
0 0.5596330275229358 0.0234375 0.1743119266055046 0.04375
0 0.5137614678899083 0.196875 0.24770642201834864 0.0515625
0 0.5045871559633027 0.240625 0.1651376146788991 0.03125
0 0.7614678899082569 0.2515625 0.12844036697247707 0.028125
0 0.6788990825688074 0.1171875 0.3394495412844037 0.06875
0 0.8807339449541285 0.0859375 0.23853211009174313 0.0703125
0 0.8073394495412844 0.39375 0.22018348623853212 0.0390625
0 0.44954128440366975 0.41875 0.13761467889908258 0.03125
0 0.6422018348623854 0.5515625 0.7155963302752294 0.1421875
0 0.46788990825688076 0.328125 0.1834862385321101 0.0328125
0 0.7798165137614679 0.3328125 0.22935779816513763 0.04375
0 0.3394495412844037 0.73125 0.22935779816513763 0.1140625
0 0.7798165137614679 0.725 0.23853211009174313 0.046875
0 0.5504587155963303 0.6859375 0.14678899082568808 0.03125
0 0.6605504587155964 0.65625 0.1743119266055046 0.0328125
0 0.8990825688073395 0.675 0.1651376146788991 0.0203125
0 0.6422018348623854 0.79375 0.23853211009174313 0.0421875
0 0.9678899082568807 0.76796875 0.06422018348623854 0.0359375
0 0.9678899082568807 0.8140625 0.06422018348623854 0.021875
0 0.7018348623853211 0.93828125 0.5963302752293578 0.1203125
0 0.26605504587155965 0.8984375 0.13761467889908258 0.09375
0 0.43119266055045874 0.809375 0.44036697247706424 0.090625