0 0.8235294117647058 0.8625 0.3088235294117647 0.040625
0 0.9485294117647058 0.33984375 0.10294117647058823 0.0203125
0 0.39705882352941174 0.459375 0.29411764705882354 0.0328125
0 0.45588235294117646 0.6375 0.17647058823529413 0.0125
0 0.10294117647058823 0.86875 0.19117647058823528 0.0203125
0 0.04411764705882353 0.4 0.07352941176470588 0.0171875
0 0.11764705882352941 0.1109375 0.11764705882352941 0.0109375
0 0.3088235294117647 0.0046875 0.19117647058823528 0.0078125
0 0.04411764705882353 0.1765625 0.07352941176470588 0.009375
0 0.08823529411764706 0.328125 0.14705882352941177 0.0125
0 0.23529411764705882 0.3578125 0.19117647058823528 0.0203125
0 0.4117647058823529 0.0875 0.17647058823529413 0.0203125
0 0.8676470588235294 0.278125 0.11764705882352941 0.0125
0 0.39705882352941174 0.54375 0.10294117647058823 0.009375