0 0.15625 0.8390625 0.3020833333333333 0.078125
0 0.9947916666666666 0.8 0.010416666666666666 0.0375
0 0.4583333333333333 0.8578125 0.20833333333333334 0.0265625
0 0.5208333333333334 0.8890625 0.28125 0.021875
0 0.20833333333333334 0.9109375 0.14583333333333334 0.01875
0 0.3333333333333333 0.36875 0.6666666666666666 0.096875
0 0.40625 0.51875 0.8125 0.159375
0 0.921875 0.4515625 0.15625 0.09375
0 0.25 0.6296875 0.40625 0.0328125
0 0.7916666666666666 0.865625 0.15625 0.025
0 0.796875 0.1453125 0.40625 0.090625
0 0.08333333333333333 0.1546875 0.16666666666666666 0.0328125