0 0.8425925925925926 0.06875 0.2037037037037037 0.0359375
0 0.6111111111111112 0.1109375 0.25 0.0578125
0 0.9259259259259259 0.3234375 0.1388888888888889 0.0390625
0 0.9583333333333334 0.41484375 0.08333333333333333 0.0265625
0 0.7962962962962963 0.440625 0.09259259259259259 0.021875
0 0.8055555555555556 0.55 0.12962962962962962 0.021875
0 0.7592592592592593 0.621875 0.1111111111111111 0.025
0 0.5740740740740741 0.5859375 0.12037037037037036 0.0296875
0 0.9675925925925926 0.6109375 0.06481481481481481 0.025
0 0.6388888888888888 0.8265625 0.10185185185185185 0.021875
0 0.6944444444444444 0.8625 0.09259259259259259 0.01875
0 0.8611111111111112 0.8578125 0.06481481481481481 0.0140625
0 0.9444444444444444 0.7484375 0.09259259259259259 0.025
0 0.9953703703703703 0.68828125 0.009259259259259259 0.0234375
0 0.7592592592592593 0.690625 0.12037037037037036 0.025
0 0.7685185185185185 0.7375 0.18518518518518517 0.0359375
0 0.8611111111111112 0.953125 0.25925925925925924 0.0375
0 0.5370370370370371 0.9609375 0.1574074074074074 0.078125
0 0.9861111111111112 0.92578125 0.027777777777777776 0.0203125
0 0.8425925925925926 0.996875 0.1388888888888889 0.00625