0 0.0975609756097561 0.0015625 0.18699186991869918 0.003125
0 0.3008130081300813 0.00625 0.13821138211382114 0.0125
0 0.17886178861788618 0.05 0.17886178861788618 0.0375
0 0.2845528455284553 0.2390625 0.15447154471544716 0.0546875
0 0.0975609756097561 0.2859375 0.18699186991869918 0.053125
0 0.2601626016260163 0.1765625 0.21138211382113822 0.04375
0 0.21138211382113822 0.3859375 0.16260162601626016 0.0390625
0 0.14634146341463414 0.5703125 0.18699186991869918 0.0515625
0 0.13008130081300814 0.6296875 0.18699186991869918 0.046875
0 0.11382113821138211 0.503125 0.22764227642276422 0.06875
0 0.15447154471544716 0.6015625 0.3089430894308943 0.45
0 0.16260162601626016 0.8671875 0.3170731707317073 0.2640625