0 0.7216494845360825 0.7640625 0.5463917525773195 0.471875
0 0.3917525773195876 0.484375 0.5567010309278351 0.053125
0 0.26804123711340205 0.5515625 0.36082474226804123 0.04375
0 0.9123711340206185 0.48828125 0.17525773195876287 0.0515625
0 0.4536082474226804 0.6578125 0.3402061855670103 0.0359375
0 0.8556701030927835 0.5640625 0.27835051546391754 0.0328125
0 0.4742268041237113 0.5859375 0.28865979381443296 0.0390625
0 0.865979381443299 0.3140625 0.25773195876288657 0.05625
0 0.9175257731958762 0.4109375 0.16494845360824742 0.034375
0 0.3917525773195876 0.0984375 0.27835051546391754 0.01875
0 0.6391752577319587 0.0484375 0.20618556701030927 0.01875