0 0.18666666666666668 0.990625 0.36 0.01875
0 0.52 0.228125 0.49333333333333335 0.0625
0 0.13333333333333333 0.9796875 0.25333333333333335 0.0390625
0 0.04 0.5171875 0.08 0.040625
0 0.5333333333333333 0.75625 0.17333333333333334 0.028125
0 0.6933333333333334 0.7140625 0.37333333333333335 0.0203125
0 0.72 0.81875 0.21333333333333335 0.0171875
0 0.8866666666666667 0.459375 0.22666666666666666 0.034375
0 0.9 0.00078125 0.2 0.0015625
0 0.56 0.1046875 0.08 0.01875
0 0.04 0.0265625 0.06666666666666667 0.01875