0 0.029850746268656716 0.3640625 0.05970149253731343 0.05625
0 0.05970149253731343 0.728125 0.1044776119402985 0.0375
0 0.2835820895522388 0.684375 0.4626865671641791 0.0390625
0 0.7611940298507462 0.2640625 0.34328358208955223 0.0453125
0 0.3880597014925373 0.365625 0.26865671641791045 0.0375
0 0.47761194029850745 0.4328125 0.5970149253731343 0.0625
0 0.07462686567164178 0.459375 0.13432835820895522 0.040625
0 0.13432835820895522 0.903125 0.2537313432835821 0.0421875
0 0.2537313432835821 0.9296875 0.04477611940298507 0.003125
0 0.1791044776119403 0.9828125 0.34328358208955223 0.0328125
0 0.23880597014925373 0.0703125 0.19402985074626866 0.0140625
0 0.6716417910447762 0.121875 0.26865671641791045 0.021875
0 0.07462686567164178 0.809375 0.14925373134328357 0.0234375
0 0.44776119402985076 0.3390625 0.22388059701492538 0.0125