0 0.21359223300970873 0.0828125 0.17475728155339806 0.0296875
0 0.7281553398058253 0.05 0.1262135922330097 0.028125
0 0.06796116504854369 0.24375 0.13592233009708737 0.01875
0 0.39805825242718446 0.2140625 0.11650485436893204 0.015625
0 0.6504854368932039 0.265625 0.1262135922330097 0.01875
0 0.5825242718446602 0.5515625 0.46601941747572817 0.090625
0 0.07766990291262135 0.90625 0.14563106796116504 0.1765625
0 0.30097087378640774 0.9703125 0.13592233009708737 0.0234375
0 0.5631067961165048 0.7828125 0.49514563106796117 0.071875
0 0.3106796116504854 0.678125 0.2524271844660194 0.0359375
0 0.3106796116504854 0.2921875 0.1262135922330097 0.0234375
0 0.6213592233009708 0.709375 0.13592233009708737 0.025
0 0.5922330097087378 0.4890625 0.10679611650485436 0.0171875
0 0.7475728155339806 0.4703125 0.0970873786407767 0.015625
0 0.883495145631068 0.4859375 0.05825242718446602 0.00625
0 0.02912621359223301 0.6234375 0.04854368932038835 0.021875
0 0.10679611650485436 0.515625 0.07766990291262135 0.015625
0 0.5242718446601942 0.446875 0.07766990291262135 0.0140625
0 0.08737864077669903 0.4078125 0.14563106796116504 0.0234375
0 0.02912621359223301 0.4390625 0.04854368932038835 0.0234375