0 0.13432835820895522 0.371875 0.26865671641791045 0.0359375
0 0.6119402985074627 0.45 0.2835820895522388 0.0296875
0 0.3582089552238806 0.75 0.2537313432835821 0.025
0 0.19402985074626866 0.325 0.208955223880597 0.021875
0 0.7611940298507462 0.003125 0.208955223880597 0.00625
0 0.5373134328358209 0.721875 0.19402985074626866 0.0203125
0 0.5074626865671642 0.8546875 0.16417910447761194 0.0171875
0 0.417910447761194 0.2828125 0.14925373134328357 0.01875
0 0.40298507462686567 0.103125 0.208955223880597 0.0171875
0 0.6119402985074627 0.1125 0.11940298507462686 0.0109375
0 0.44776119402985076 0.2296875 0.22388059701492538 0.0203125