0 0.6615384615384615 0.1515625 0.4461538461538462 0.0453125
0 0.6153846153846154 0.065625 0.6923076923076923 0.0421875
0 0.9153846153846154 0.75 0.16923076923076924 0.025
0 0.4 0.6328125 0.2923076923076923 0.034375
0 0.046153846153846156 0.09375 0.09230769230769231 0.0296875
0 0.12307692307692308 0.4015625 0.18461538461538463 0.0296875
0 0.13846153846153847 0.45 0.24615384615384617 0.0265625
0 0.46153846153846156 0.9859375 0.13846153846153847 0.0140625
0 0.9769230769230769 0.81640625 0.046153846153846156 0.0171875
0 0.24615384615384617 0.70625 0.27692307692307694 0.0546875
0 0.4461538461538462 0.3328125 0.3076923076923077 0.04375
0 0.9230769230769231 0.7265625 0.13846153846153847 0.021875
0 0.8307692307692308 0.603125 0.07692307692307693 0.0109375
0 0.7230769230769231 0.9171875 0.26153846153846155 0.040625
0 0.12307692307692308 0.0265625 0.23076923076923078 0.0203125
0 0.7846153846153846 0.809375 0.1076923076923077 0.0296875
0 0.7769230769230769 0.6765625 0.4461538461538462 0.028125
0 0.7230769230769231 0.03125 0.26153846153846155 0.025
0 0.015384615384615385 0.9765625 0.015384615384615385 0.0453125
0 0.9307692307692308 0.984375 0.13846153846153847 0.025
0 0.2153846153846154 0.815625 0.2 0.0125
0 0.6615384615384615 0.54375 0.15384615384615385 0.015625
0 0.36923076923076925 0.5625 0.2153846153846154 0.0140625
0 0.49230769230769234 0.5875 0.26153846153846155 0.0125
0 0.7846153846153846 0.0078125 0.23076923076923078 0.015625
0 0.6923076923076923 0.196875 0.26153846153846155 0.0234375
0 0.9461538461538461 0.3578125 0.1076923076923077 0.040625
0 0.9846153846153847 0.509375 0.03076923076923077 0.0109375
0 0.8153846153846154 0.4921875 0.1076923076923077 0.0109375
0 0.13846153846153847 0.640625 0.18461538461538463 0.009375
0 0.16923076923076924 0.9203125 0.3230769230769231 0.04375