0 0.9512195121951219 0.08125 0.08943089430894309 0.05
0 0.8414634146341463 0.2515625 0.3170731707317073 0.503125
0 0.4959349593495935 0.0859375 0.43089430894308944 0.125
0 0.6585365853658537 0.0046875 0.6178861788617886 0.0078125
0 0.943089430894309 0.015625 0.11382113821138211 0.0296875
0 0.983739837398374 0.284375 0.032520325203252036 0.0515625
0 0.45528455284552843 0.3265625 0.2845528455284553 0.109375
0 0.3902439024390244 0.196875 0.2764227642276423 0.0703125
0 0.8699186991869918 0.2796875 0.2601626016260163 0.209375
0 0.959349593495935 0.8984375 0.07317073170731707 0.0375
0 0.4146341463414634 0.93125 0.17886178861788618 0.0328125
0 0.9105691056910569 0.9421875 0.17886178861788618 0.0390625
0 0.6260162601626016 0.8328125 0.35772357723577236 0.071875
0 0.5040650406504065 0.60625 0.21951219512195122 0.040625
0 0.5365853658536586 0.74375 0.6178861788617886 0.0859375
0 0.4634146341463415 0.9640625 0.5609756097560976 0.0703125
0 0.8211382113821138 0.8703125 0.35772357723577236 0.0859375