0 0.759493670886076 0.01875 0.16455696202531644 0.0375
0 0.5063291139240507 0.1125 0.12658227848101267 0.01875
0 0.6835443037974683 0.1265625 0.0759493670886076 0.0109375
0 0.24050632911392406 0.16875 0.11392405063291139 0.015625
0 0.7341772151898734 0.5625 0.12658227848101267 0.01875
0 0.0379746835443038 0.6734375 0.0759493670886076 0.0140625
0 0.6582278481012658 0.853125 0.24050632911392406 0.034375
0 0.12658227848101267 0.853125 0.12658227848101267 0.01875
0 0.46835443037974683 0.95 0.08860759493670886 0.009375
0 0.5316455696202531 0.9609375 0.08860759493670886 0.0125
0 0.31645569620253167 0.934375 0.11392405063291139 0.0140625
0 0.4177215189873418 0.85625 0.10126582278481013 0.0140625