0 0.28703703703703703 0.1671875 0.3611111111111111 0.0578125
0 0.8564814814814815 0.1515625 0.28703703703703703 0.05
0 0.4722222222222222 0.490625 0.08333333333333333 0.025
0 0.7129629629629629 0.28125 0.12962962962962962 0.034375
0 0.5185185185185185 0.7109375 0.1574074074074074 0.0328125
0 0.027777777777777776 0.671875 0.046296296296296294 0.034375
0 0.6620370370370371 0.7984375 0.6759259259259259 0.39375
0 0.5648148148148148 0.765625 0.1574074074074074 0.0421875
0 0.06481481481481481 0.8328125 0.12037037037037036 0.05625
0 0.10185185185185185 0.9703125 0.19444444444444445 0.059375
0 0.37037037037037035 0.459375 0.16666666666666666 0.0265625