0 0.5363636363636364 0.0125 0.15454545454545454 0.025
0 0.06363636363636363 0.2203125 0.12727272727272726 0.028125
0 0.13636363636363635 0.15625 0.24545454545454545 0.0390625
0 0.03636363636363636 0.35625 0.07272727272727272 0.0203125
0 0.17272727272727273 0.24375 0.16363636363636364 0.0390625
0 0.36363636363636365 0.2625 0.1 0.028125
0 0.6090909090909091 0.2390625 0.11818181818181818 0.0203125
0 0.18181818181818182 0.4375 0.12727272727272726 0.0234375
0 0.6 0.321875 0.2727272727272727 0.121875
0 0.4818181818181818 0.5703125 0.4636363636363636 0.1828125
0 0.03636363636363636 0.5671875 0.07272727272727272 0.040625
0 0.22727272727272727 0.83125 0.14545454545454545 0.021875
0 0.6363636363636364 0.8078125 0.11818181818181818 0.0234375
0 0.32727272727272727 0.871875 0.2545454545454545 0.0359375
0 0.045454545454545456 0.8390625 0.08181818181818182 0.025
0 0.6454545454545455 0.6984375 0.14545454545454545 0.065625
0 0.41818181818181815 0.778125 0.16363636363636364 0.0515625
0 0.41818181818181815 0.99375 0.16363636363636364 0.0109375
0 0.5909090909090909 0.9078125 0.17272727272727273 0.06875