0 0.9420289855072463 0.434375 0.11594202898550725 0.0265625
0 0.5507246376811594 0.0296875 0.4057971014492754 0.0265625
0 0.2463768115942029 0.85 0.2463768115942029 0.01875
0 0.6231884057971014 0.871875 0.2608695652173913 0.0203125
0 0.5362318840579711 0.909375 0.2463768115942029 0.0140625
0 0.5652173913043478 0.65625 0.17391304347826086 0.0234375
0 0.8985507246376812 0.6203125 0.2028985507246377 0.028125
0 0.2898550724637681 0.65625 0.21739130434782608 0.0234375
0 0.6376811594202898 0.53125 0.2318840579710145 0.015625
0 0.3333333333333333 0.4375 0.2028985507246377 0.015625
0 0.21739130434782608 0.5859375 0.11594202898550725 0.01875
0 0.463768115942029 0.0671875 0.17391304347826086 0.009375
0 0.5942028985507246 0.2765625 0.11594202898550725 0.015625
0 0.9565217391304348 0.384375 0.08695652173913043 0.0140625