0 0.057971014492753624 0.528125 0.10144927536231885 0.11875
0 0.13043478260869565 0.6171875 0.2608695652173913 0.0421875
0 0.34782608695652173 0.8078125 0.2608695652173913 0.034375
0 0.13043478260869565 0.1328125 0.2608695652173913 0.0359375
0 0.15942028985507245 0.2484375 0.30434782608695654 0.0453125
0 0.057971014492753624 0.20625 0.11594202898550725 0.0265625
0 0.6376811594202898 0.0890625 0.2028985507246377 0.025
0 0.4492753623188406 0.746875 0.15942028985507245 0.0125
0 0.2318840579710145 0.3515625 0.17391304347826086 0.021875
0 0.391304347826087 0.003125 0.17391304347826086 0.00625
0 0.7536231884057971 0.0515625 0.36231884057971014 0.025
0 0.34782608695652173 0.559375 0.08695652173913043 0.0203125
0 0.4927536231884058 0.625 0.17391304347826086 0.03125
0 0.2463768115942029 0.8859375 0.13043478260869565 0.0203125