0 0.7638888888888888 0.0234375 0.2222222222222222 0.0421875
0 0.9236111111111112 0.2 0.1527777777777778 0.025
0 0.041666666666666664 0.396875 0.06944444444444445 0.034375
0 0.25 0.009375 0.2638888888888889 0.0171875
0 0.9791666666666666 0.0390625 0.041666666666666664 0.03125
0 0.9513888888888888 0.79609375 0.09722222222222222 0.0328125
0 0.8472222222222222 0.3609375 0.20833333333333334 0.0203125
0 0.8333333333333334 0.690625 0.1527777777777778 0.01875
0 0.6111111111111112 0.603125 0.2777777777777778 0.0265625
0 0.09722222222222222 0.7625 0.19444444444444445 0.028125
0 0.9236111111111112 0.66328125 0.1527777777777778 0.0234375
0 0.4722222222222222 0.440625 0.2361111111111111 0.0234375
0 0.875 0.325 0.25 0.0203125
0 0.8333333333333334 0.6296875 0.2222222222222222 0.021875