0 0.21333333333333335 0.259375 0.22666666666666666 0.025
0 0.24 0.6984375 0.29333333333333333 0.028125
0 0.5066666666666667 0.5234375 0.21333333333333335 0.0234375
0 0.16 0.3796875 0.14666666666666667 0.0109375
0 0.32 0.459375 0.12 0.015625
0 0.3466666666666667 0.396875 0.08 0.009375
0 0.2 0.5 0.06666666666666667 0.0078125
0 0.24 0.475 0.08 0.009375
0 0.013333333333333334 0.925 0.013333333333333334 0.00625
0 0.5733333333333334 0.2640625 0.17333333333333334 0.0203125
0 0.7066666666666667 0.346875 0.13333333333333333 0.0125
0 0.013333333333333334 0.7171875 0.02666666666666667 0.0203125
0 0.6666666666666666 0.803125 0.2 0.01875
0 0.3333333333333333 0.9078125 0.13333333333333333 0.0125