0 0.38181818181818183 0.25 0.2636363636363636 0.0421875
0 0.7909090909090909 0.284375 0.39090909090909093 0.0515625
0 0.14545454545454545 0.425 0.11818181818181818 0.0328125
0 0.45454545454545453 0.46875 0.16363636363636364 0.0296875
0 0.045454545454545456 0.5390625 0.08181818181818182 0.040625
0 0.9681818181818181 0.5328125 0.06363636363636363 0.05625
0 0.6545454545454545 0.51875 0.13636363636363635 0.01875
0 0.5 0.540625 0.14545454545454545 0.025
0 0.4727272727272727 0.7234375 0.18181818181818182 0.0265625
0 0.9636363636363636 0.7078125 0.07272727272727272 0.0171875
0 0.09090909090909091 0.7125 0.18181818181818182 0.028125
0 0.01818181818181818 0.6828125 0.03636363636363636 0.0265625
0 0.10909090909090909 0.834375 0.20909090909090908 0.034375
0 0.11818181818181818 0.959375 0.22727272727272727 0.08125
0 0.4090909090909091 0.99375 0.20909090909090908 0.0109375