0 0.09174311926605505 0.0296875 0.1834862385321101 0.0578125
0 0.46788990825688076 0.0046875 0.14678899082568808 0.0078125
0 0.8073394495412844 0.1953125 0.1559633027522936 0.0453125
0 0.44954128440366975 0.065625 0.21100917431192662 0.0515625
0 0.6880733944954128 0.0203125 0.2018348623853211 0.0390625
0 0.48623853211009177 0.1359375 0.14678899082568808 0.0328125
0 0.11009174311926606 0.109375 0.1743119266055046 0.040625
0 0.28440366972477066 0.1703125 0.23853211009174313 0.034375
0 0.01834862385321101 0.240625 0.03669724770642202 0.0375
0 0.10091743119266056 0.3921875 0.2018348623853211 0.040625
0 0.5045871559633027 0.3671875 0.1926605504587156 0.0359375
0 0.7706422018348624 0.378125 0.26605504587155965 0.1625
0 0.3302752293577982 0.24375 0.10091743119266056 0.0265625
0 0.03669724770642202 0.45625 0.07339449541284404 0.0640625
0 0.12844036697247707 0.5125 0.1743119266055046 0.0296875
0 0.1834862385321101 0.4828125 0.11009174311926606 0.025
0 0.13761467889908258 0.81875 0.14678899082568808 0.028125
0 0.3669724770642202 0.7765625 0.11926605504587157 0.03125
0 0.3577981651376147 0.603125 0.13761467889908258 0.0296875
0 0.6788990825688074 0.9703125 0.1926605504587156 0.0546875