0 0.16883116883116883 0.05625 0.15584415584415584 0.0171875
0 0.09090909090909091 0.090625 0.16883116883116883 0.0265625
0 0.6493506493506493 0.0171875 0.12987012987012986 0.0109375
0 0.2727272727272727 0.0375 0.16883116883116883 0.0171875
0 0.6103896103896104 0.040625 0.1038961038961039 0.0140625
0 0.7012987012987013 0.0921875 0.1038961038961039 0.0265625
0 0.012987012987012988 0.1875 0.012987012987012988 0.021875
0 0.6103896103896104 0.2640625 0.24675324675324675 0.021875
0 0.8831168831168831 0.25625 0.22077922077922077 0.015625
0 0.35064935064935066 0.18125 0.18181818181818182 0.0171875
0 0.36363636363636365 0.0984375 0.12987012987012986 0.0171875
0 0.14285714285714285 0.359375 0.16883116883116883 0.0296875
0 0.7142857142857143 0.34375 0.16883116883116883 0.01875
0 0.012987012987012988 0.5140625 0.025974025974025976 0.0421875
0 0.7922077922077922 0.4703125 0.2987012987012987 0.0390625
0 0.09090909090909091 0.4671875 0.16883116883116883 0.0265625
0 0.05194805194805195 0.5953125 0.1038961038961039 0.01875
0 0.7012987012987013 0.94375 0.2857142857142857 0.0171875
0 0.961038961038961 0.715625 0.06493506493506493 0.1
0 0.3246753246753247 0.9890625 0.6363636363636364 0.0203125
0 0.5 0.31171875 1 0.6234375
0 0.1038961038961039 0.8390625 0.2077922077922078 0.025
0 0.025974025974025976 0.9421875 0.03896103896103896 0.034375
0 0.8311688311688312 0.8515625 0.24675324675324675 0.0203125
0 0.8831168831168831 0.9859375 0.23376623376623376 0.028125