0 0.9090909090909091 0.121875 0.16883116883116883 0.05
0 0.8051948051948052 0.421875 0.2597402597402597 0.021875
0 0.18181818181818182 0.4265625 0.18181818181818182 0.0265625
0 0.6883116883116883 0.515625 0.24675324675324675 0.03125
0 0.5844155844155844 0.2765625 0.6753246753246753 0.0609375
0 0.18181818181818182 0.646875 0.18181818181818182 0.015625
0 0.35064935064935066 0.7125 0.23376623376623376 0.0171875
0 0.961038961038961 0.7421875 0.07792207792207792 0.034375
0 0.7662337662337663 0.9 0.4675324675324675 0.075
0 0.19480519480519481 0.9921875 0.2727272727272727 0.015625
0 0.974025974025974 0.8125 0.03896103896103896 0.021875
0 0.9935064935064936 0.509375 0.012987012987012988 0.021875
0 0.38961038961038963 0.075 0.2077922077922078 0.034375