0 0.13432835820895522 0.096875 0.23880597014925373 0.0421875
0 0.8880597014925373 0.525 0.22388059701492538 0.021875
0 0.4925373134328358 0.715625 0.29850746268656714 0.03125
0 0.1044776119402985 0.8296875 0.11940298507462686 0.0296875
0 0.208955223880597 0.015625 0.40298507462686567 0.03125
0 0.6716417910447762 0.3625 0.19402985074626866 0.021875
0 0.9253731343283582 0.4203125 0.13432835820895522 0.0421875
0 0.9701492537313433 0.78125 0.05970149253731343 0.0171875
0 0.373134328358209 0.3921875 0.2537313432835821 0.0140625
0 0.582089552238806 0.29375 0.19402985074626866 0.0140625
0 0.7761194029850746 0.8390625 0.19402985074626866 0.0125
0 0.40298507462686567 0.8734375 0.13432835820895522 0.0203125
0 0.6865671641791045 0.025 0.11940298507462686 0.009375
0 0.9701492537313433 0.021875 0.05970149253731343 0.01875
0 0.5074626865671642 0.253125 0.14925373134328357 0.01875