0 0.72 0.1859375 0.56 0.084375
0 0.06666666666666667 0.5609375 0.13333333333333333 0.04375
0 0.05333333333333334 0.428125 0.10666666666666667 0.0296875
0 0.64 0.8140625 0.12 0.0125
0 0.9066666666666666 0.3953125 0.16 0.0203125
0 0.9533333333333334 0.5078125 0.09333333333333334 0.04375
0 0.49333333333333335 0.028125 0.4666666666666667 0.0546875
0 0.14666666666666667 0.0515625 0.29333333333333333 0.0734375
0 0.16 0.61875 0.13333333333333333 0.0125
0 0.5866666666666667 0.7 0.52 0.0421875
0 0.9133333333333333 0.60625 0.17333333333333334 0.028125
0 0.05333333333333334 0.7703125 0.09333333333333334 0.0171875
0 0.5466666666666666 0.9703125 0.25333333333333335 0.025
0 0.9 0.9921875 0.2 0.015625
0 0.3466666666666667 0.665625 0.14666666666666667 0.015625
0 0.08 0.4515625 0.14666666666666667 0.0140625
0 0.08 0.1484375 0.13333333333333333 0.0203125