0 0.5 0.80078125 1 0.3953125
0 0.18840579710144928 0.8515625 0.36231884057971014 0.05625
0 0.7391304347826086 0.8859375 0.4492753623188406 0.071875
0 0.2463768115942029 0.44375 0.4927536231884058 0.0546875
0 0.043478260869565216 0.9390625 0.07246376811594203 0.028125
0 0.6521739130434783 0.81875 0.13043478260869565 0.01875
0 0.6521739130434783 0.7734375 0.2463768115942029 0.01875
0 0.2608695652173913 0.759375 0.18840579710144928 0.015625
0 0.8985507246376812 0.8234375 0.18840579710144928 0.0265625
0 0.2028985507246377 0.815625 0.15942028985507245 0.0171875
0 0.8260869565217391 0.8 0.21739130434782608 0.01875
0 0.8260869565217391 0.1265625 0.18840579710144928 0.01875
0 0.014492753623188406 0.5421875 0.014492753623188406 0.0140625