0 0.972972972972973 0.19092331768388107 0.05405405405405406 0.02034428794992175
0 0.40540540540540543 0.14710485133020346 0.21621621621621623 0.028169014084507043
0 0.9932432432432432 0.02034428794992175 0.013513513513513514 0.03129890453834116
0 0.5945945945945946 0.352112676056338 0.0945945945945946 0.018779342723004695
0 0.17567567567567569 0.4835680751173709 0.28378378378378377 0.03442879499217527
0 0.7972972972972973 0.29107981220657275 0.14864864864864866 0.02034428794992175
0 0.14864864864864866 0.017214397496087636 0.28378378378378377 0.03442879499217527
0 0.13513513513513514 0.6588419405320813 0.2702702702702703 0.06416275430359937
0 0.14864864864864866 0.7918622848200313 0.28378378378378377 0.054773082942097026
0 0.7162162162162162 0.8200312989045383 0.17567567567567569 0.02034428794992175
0 0.4594594594594595 0.7871674491392802 0.13513513513513514 0.023474178403755867
0 0.5540540540540541 0.6291079812206573 0.24324324324324326 0.0406885758998435
0 0.7837837837837838 0.4616588419405321 0.13513513513513514 0.017214397496087636
0 0.6486486486486487 0.9264475743348983 0.21621621621621623 0.0406885758998435
0 0.05405405405405406 0.9092331768388107 0.10810810810810811 0.02190923317683881
0 0.581081081081081 0.892018779342723 0.44594594594594594 0.03129890453834116
0 0.9797297297297297 0.8888888888888888 0.04054054054054054 0.028169014084507043
0 0.1554054054054054 0.9820031298904538 0.3108108108108108 0.03599374021909233