0 0.6 0.0265625 0.12 0.0171875
0 0.30666666666666664 0.2859375 0.2 0.0203125
0 0.56 0.44375 0.14666666666666667 0.015625
0 0.04 0.540625 0.06666666666666667 0.0171875
0 0.06666666666666667 0.4734375 0.13333333333333333 0.01875
0 0.10666666666666667 0.828125 0.18666666666666668 0.0265625
0 0.05333333333333334 0.7421875 0.09333333333333334 0.0203125
0 0.6666666666666666 0.15625 0.09333333333333334 0.0125
0 0.8666666666666667 0.28125 0.17333333333333334 0.0203125
0 0.08 0.04375 0.14666666666666667 0.021875
0 0.5866666666666667 0.409375 0.21333333333333335 0.0140625
0 0.38666666666666666 0.55625 0.14666666666666667 0.0109375
0 0.76 0.85625 0.14666666666666667 0.0078125
0 0.94 0.89140625 0.12 0.0109375
0 0.04 0.959375 0.08 0.0140625