0 0.5 0.80078125 1 0.3953125
0 0.9565217391304348 0.8515625 0.07246376811594203 0.05625
0 0.9565217391304348 0.44375 0.08695652173913043 0.0546875
0 0.07246376811594203 0.8625 0.13043478260869565 0.0296875
0 0.8913043478260869 0.9390625 0.21739130434782608 0.028125
0 0.17391304347826086 0.9453125 0.2028985507246377 0.0265625
0 0.7681159420289855 0.7640625 0.11594202898550725 0.0265625
0 0.391304347826087 0.4296875 0.782608695652174 0.0859375
0 0.5217391304347826 0.278125 0.30434782608695654 0.0203125
0 0.043478260869565216 0.14375 0.07246376811594203 0.025
0 0.8695652173913043 0.5421875 0.2463768115942029 0.0140625
0 0.6086956521739131 0.1078125 0.6086956521739131 0.0546875
0 0.4057971014492754 0.334375 0.18840579710144928 0.021875