0 0.9904761904761905 0.2 0.01904761904761905 0.028125
0 0.8380952380952381 0.209375 0.14285714285714285 0.0203125
0 0.6190476190476191 0.2109375 0.10476190476190476 0.0234375
0 0.9523809523809523 0.0890625 0.09523809523809523 0.025
0 0.5333333333333333 0.3484375 0.1523809523809524 0.0265625
0 0.34285714285714286 0.353125 0.1523809523809524 0.0296875
0 0.819047619047619 0.3875 0.3619047619047619 0.0609375
0 0.5904761904761905 0.575 0.45714285714285713 0.059375
0 0.9380952380952381 0.62578125 0.12380952380952381 0.0296875
0 0.37142857142857144 0.6046875 0.2761904761904762 0.121875
0 0.6285714285714286 0.6328125 0.1619047619047619 0.025
0 0.9904761904761905 0.6703125 0.01904761904761905 0.025
0 0.8571428571428571 0.4703125 0.12380952380952381 0.021875
0 0.6857142857142857 0.240625 0.6190476190476191 0.1515625
0 0.8714285714285714 0.08671875 0.2571428571428571 0.0671875