0 0.6910569105691057 0.209375 0.2926829268292683 0.059375
0 0.9227642276422764 0.05078125 0.15447154471544716 0.0390625
0 0.8292682926829268 0.1328125 0.17886178861788618 0.03125
0 0.9634146341463414 0.103125 0.07317073170731707 0.025
0 0.7235772357723578 0.01875 0.17073170731707318 0.0375
0 0.9390243902439024 0.471875 0.12195121951219512 0.06875
0 0.6504065040650406 0.46875 0.24390243902439024 0.18125
0 0.5934959349593496 0.7109375 0.21951219512195122 0.146875
0 0.7682926829268293 0.6015625 0.4634146341463415 0.45
0 0.9715447154471545 0.98671875 0.056910569105691054 0.0234375
0 0.8211382113821138 0.8828125 0.2764227642276423 0.0546875
0 0.7235772357723578 0.9765625 0.13821138211382114 0.0296875
0 0.6016260162601627 0.940625 0.11382113821138211 0.028125
0 0.8048780487804879 0.928125 0.13821138211382114 0.0265625
0 0.7804878048780488 0.81875 0.1951219512195122 0.0359375