0 0.34951456310679613 0.0140625 0.3300970873786408 0.0265625
0 0.08737864077669903 0.0234375 0.1650485436893204 0.0421875
0 0.36893203883495146 0.09375 0.2815533980582524 0.040625
0 0.2621359223300971 0.1765625 0.0970873786407767 0.015625
0 0.8349514563106796 0.46875 0.14563106796116504 0.021875
0 0.6699029126213593 0.4515625 0.07766990291262135 0.0125
0 0.05825242718446602 0.584375 0.10679611650485436 0.1140625
0 0.33980582524271846 0.446875 0.11650485436893204 0.0171875
0 0.34951456310679613 0.3953125 0.10679611650485436 0.01875
0 0.22330097087378642 0.33125 0.11650485436893204 0.0203125
0 0.02912621359223301 0.31875 0.05825242718446602 0.0203125
0 0.9757281553398058 0.20390625 0.04854368932038835 0.0140625
0 0.9854368932038835 0.65546875 0.02912621359223301 0.0171875
0 0.6796116504854369 0.6046875 0.11650485436893204 0.0203125
0 0.7184466019417476 0.959375 0.0970873786407767 0.0140625