0 0.6090909090909091 0.00625 0.18181818181818182 0.0125
0 0.7909090909090909 0.003125 0.08181818181818182 0.0046875
0 0.02727272727272727 0.009375 0.045454545454545456 0.01875
0 0.2636363636363636 0.0328125 0.13636363636363635 0.0234375
0 0.07272727272727272 0.1515625 0.13636363636363635 0.025
0 0.12727272727272726 0.096875 0.11818181818181818 0.0296875
0 0.6090909090909091 0.078125 0.14545454545454545 0.025
0 0.8272727272727273 0.04375 0.1 0.021875
0 0.9818181818181818 0.234375 0.03636363636363636 0.0390625
0 0.8590909090909091 0.38359375 0.2818181818181818 0.0828125
0 0.19090909090909092 0.2640625 0.12727272727272726 0.03125
0 0.10909090909090909 0.3625 0.14545454545454545 0.0296875
0 0.3 0.3296875 0.13636363636363635 0.0265625
0 0.41818181818181815 0.4375 0.15454545454545454 0.034375
0 0.6181818181818182 0.415625 0.12727272727272726 0.0234375
0 0.5818181818181818 0.3140625 0.08181818181818182 0.025
0 0.4818181818181818 0.3390625 0.07272727272727272 0.025
0 0.95 0.48125 0.1 0.025
0 0.06363636363636363 0.5015625 0.08181818181818182 0.0234375
0 0.1 0.453125 0.07272727272727272 0.0171875
0 0.17272727272727273 0.4734375 0.09090909090909091 0.01875
0 0.34545454545454546 0.5046875 0.11818181818181818 0.0265625
0 0.7636363636363637 0.4734375 0.15454545454545454 0.0265625
0 0.35454545454545455 0.571875 0.16363636363636364 0.0265625
0 0.95 0.575 0.1 0.021875
0 0.1 0.6109375 0.13636363636363635 0.0265625
0 0.36363636363636365 0.6546875 0.1 0.015625
0 0.15454545454545454 0.7171875 0.14545454545454545 0.03125
0 0.7636363636363637 0.6796875 0.10909090909090909 0.0390625
0 0.9136363636363637 0.73515625 0.17272727272727273 0.0421875
0 0.43636363636363634 0.9265625 0.22727272727272727 0.0453125
0 0.4636363636363636 0.865625 0.15454545454545454 0.0328125
0 0.9 0.840625 0.10909090909090909 0.0265625
0 0.8 0.86875 0.14545454545454545 0.025
0 0.9681818181818181 0.896875 0.06363636363636363 0.025
0 0.9863636363636363 0.80078125 0.02727272727272727 0.0390625
0 0.6363636363636364 0.796875 0.19090909090909092 0.034375
0 0.7181818181818181 0.8296875 0.12727272727272726 0.015625
0 0.13636363636363635 0.775 0.21818181818181817 0.0328125
0 0.4 0.7421875 0.16363636363636364 0.03125
0 0.6636363636363637 0.725 0.14545454545454545 0.0265625
0 0.05454545454545454 0.8703125 0.08181818181818182 0.0265625
0 0.22727272727272727 0.815625 0.16363636363636364 0.0265625
0 0.41818181818181815 0.8109375 0.1 0.025