0 0.5 0.696875 1 0.540625
0 0.8814432989690721 0.89375 0.23711340206185566 0.140625
0 0.6597938144329897 0.790625 0.30927835051546393 0.0375
0 0.9639175257731959 0.346875 0.07216494845360824 0.0375
0 0.010309278350515464 0.928125 0.010309278350515464 0.0296875
0 0.09278350515463918 0.478125 0.18556701030927836 0.028125
0 0.41237113402061853 0.171875 0.17525773195876287 0.0203125
0 0.31958762886597936 0.2453125 0.18556701030927836 0.0265625
0 0.1958762886597938 0.1625 0.1134020618556701 0.021875
0 0.21649484536082475 0.0515625 0.14432989690721648 0.0296875
0 0.5360824742268041 0.125 0.15463917525773196 0.025
0 0.7422680412371134 0.00625 0.1134020618556701 0.0109375
0 0.41237113402061853 0.009375 0.08247422680412371 0.009375
0 0.27835051546391754 0.08125 0.08247422680412371 0.009375
0 0.9896907216494846 0.0046875 0.020618556701030927 0.0078125