0 0.8173076923076923 0.0484375 0.19230769230769232 0.025
0 0.7548076923076923 0.134375 0.49038461538461536 0.14375
0 0.9951923076923077 0.43203125 0.009615384615384616 0.1671875
0 0.7211538461538461 0.4265625 0.4807692307692308 0.1953125
0 0.9519230769230769 0.715625 0.09615384615384616 0.0328125
0 0.8557692307692307 0.75625 0.17307692307692307 0.034375
0 0.6730769230769231 0.59375 0.16346153846153846 0.0421875
0 0.9807692307692307 0.975 0.038461538461538464 0.04375
0 0.5480769230769231 0.9734375 0.15384615384615385 0.0421875
0 0.9759615384615384 0.91640625 0.04807692307692308 0.0515625
0 0.7163461538461539 0.7734375 0.5673076923076923 0.453125
0 0.9134615384615384 0.6421875 0.16346153846153846 0.0390625
0 0.5769230769230769 0.7359375 0.15384615384615385 0.0359375
0 0.5288461538461539 0.7640625 0.125 0.29375