0 0.8247422680412371 0.9078125 0.15463917525773196 0.025
0 0.5154639175257731 0.95 0.07216494845360824 0.00625
0 0.9381443298969072 0.971875 0.09278350515463918 0.0140625
0 0.9536082474226805 0.81953125 0.09278350515463918 0.0203125
0 0.6288659793814433 0.4171875 0.18556701030927836 0.0171875
0 0.7525773195876289 0.4890625 0.26804123711340205 0.01875
0 0.8144329896907216 0.403125 0.30927835051546393 0.03125
0 0.8350515463917526 0.059375 0.27835051546391754 0.021875
0 0.5670103092783505 0.1390625 0.10309278350515463 0.0171875
0 0.5463917525773195 0.259375 0.16494845360824742 0.0140625
0 0.9896907216494846 0.2671875 0.020618556701030927 0.0125
0 0.9948453608247423 0.21796875 0.010309278350515464 0.0140625
0 0.9329896907216495 0.17890625 0.13402061855670103 0.0140625
0 0.4639175257731959 0.3390625 0.12371134020618557 0.009375
0 0.5154639175257731 0.3578125 0.26804123711340205 0.009375
0 0.9948453608247423 0.4046875 0.010309278350515464 0.0125
0 0.9948453608247423 0.44453125 0.010309278350515464 0.0171875
0 0.5360824742268041 0.4875 0.10309278350515463 0.009375
0 0.9226804123711341 0.00625 0.15463917525773196 0.0125
0 0.6907216494845361 0.1 0.16494845360824742 0.025
0 0.845360824742268 0.2625 0.1134020618556701 0.0203125
0 0.9742268041237113 0.33515625 0.05154639175257732 0.0109375