0 0.863013698630137 0.1265625 0.273972602739726 0.0359375
0 0.2465753424657534 0.14375 0.1232876712328767 0.01875
0 0.0410958904109589 0.284375 0.0684931506849315 0.0234375
0 0.136986301369863 0.2453125 0.1232876712328767 0.01875
0 0.273972602739726 0.1109375 0.0958904109589041 0.0125
0 0.1643835616438356 0.4140625 0.1643835616438356 0.0203125
0 0.3424657534246575 0.2796875 0.1643835616438356 0.0140625
0 0.3972602739726027 0.503125 0.1643835616438356 0.021875
0 0.684931506849315 0.565625 0.136986301369863 0.01875
0 0.8493150684931506 0.4984375 0.1506849315068493 0.0203125
0 0.2191780821917808 0.7359375 0.1506849315068493 0.0171875