0 0.2037037037037037 0.2671875 0.3888888888888889 0.19375
0 0.3425925925925926 0.528125 0.2777777777777778 0.059375
0 0.16666666666666666 0.4359375 0.2962962962962963 0.09375
0 0.8703703703703703 0.334375 0.16666666666666666 0.028125
0 0.46296296296296297 0.38125 0.25 0.046875
0 0.9398148148148148 0.2875 0.12037037037037036 0.03125
0 0.3148148148148148 0.83125 0.2037037037037037 0.04375
0 0.9583333333333334 0.671875 0.08333333333333333 0.034375
0 0.37037037037037035 0.609375 0.19444444444444445 0.034375
0 0.17592592592592593 0.703125 0.2962962962962963 0.0625
0 0.9953703703703703 0.8328125 0.009259259259259259 0.05625
0 0.8009259259259259 0.9703125 0.39814814814814814 0.059375
0 0.9120370370370371 0.396875 0.17592592592592593 0.0375
0 0.9120370370370371 0.565625 0.17592592592592593 0.03125
0 0.42592592592592593 0.9375 0.16666666666666666 0.04375
0 0.6018518518518519 0.7375 0.1388888888888889 0.0265625
0 0.19444444444444445 0.7578125 0.08333333333333333 0.021875
0 0.07407407407407407 0.8359375 0.14814814814814814 0.0546875