0 0.8203125 0.115625 0.359375 0.071875
0 0.46875 0.278125 0.265625 0.021875
0 0.09375 0.3734375 0.1875 0.01875
0 0.171875 0.1359375 0.34375 0.025
0 0.640625 0.6078125 0.234375 0.01875
0 0.9140625 0.65859375 0.171875 0.0203125
0 0.765625 0.003125 0.09375 0.0046875
0 0.53125 0.1109375 0.109375 0.0109375
0 0.171875 0.1671875 0.203125 0.0109375
0 0.9453125 0.234375 0.109375 0.009375
0 0.046875 0.4 0.09375 0.0140625
0 0.9453125 0.74140625 0.109375 0.0171875
0 0.046875 0.728125 0.09375 0.0171875
0 0.015625 0.790625 0.03125 0.009375
0 0.5625 0.76875 0.171875 0.015625
0 0.9453125 0.7890625 0.109375 0.01875
0 0.125 0.815625 0.140625 0.0125
0 0.21875 0.76875 0.15625 0.0125
0 0.25 0.8546875 0.203125 0.01875
0 0.765625 0.6875 0.15625 0.015625
0 0.328125 0.725 0.109375 0.009375
0 0.125 0.703125 0.109375 0.0078125
0 0.390625 0.6546875 0.125 0.0109375
0 0.90625 0.8421875 0.09375 0.00625
0 0.5625 0.921875 0.15625 0.009375
0 0.671875 0.9 0.140625 0.0125
0 0.53125 0.99375 0.390625 0.0109375
0 0.875 0.9265625 0.25 0.01875
0 0.453125 0.9515625 0.28125 0.021875