0 0.2972972972972973 0.115625 0.13513513513513514 0.015625
0 0.28378378378378377 0.26875 0.5540540540540541 0.0234375
0 0.6621621621621622 0.29375 0.6756756756756757 0.01875
0 0.12162162162162163 0.29375 0.24324324324324326 0.0203125
0 0.05405405405405406 0.7171875 0.10810810810810811 0.0390625
0 0.2972972972972973 0.5796875 0.32432432432432434 0.01875
0 0.8648648648648649 0.6234375 0.13513513513513514 0.021875
0 0.28378378378378377 0.7078125 0.10810810810810811 0.015625
0 0.28378378378378377 0.6828125 0.0945945945945946 0.0109375
0 0.3918918918918919 0.7375 0.13513513513513514 0.0140625
0 0.972972972972973 0.69375 0.05405405405405406 0.0140625
0 0.8108108108108109 0.578125 0.13513513513513514 0.0140625
0 0.9864864864864865 0.5703125 0.02702702702702703 0.0171875
0 0.2702702702702703 0.6125 0.14864864864864866 0.0171875
0 0.3918918918918919 0.525 0.16216216216216217 0.0171875
0 0.8108108108108109 0.5296875 0.24324324324324326 0.0234375
0 0.8108108108108109 0.715625 0.17567567567567569 0.0140625
0 0.581081081081081 0.7765625 0.12162162162162163 0.01875
0 0.9459459459459459 0.790625 0.0945945945945946 0.0171875
0 0.6756756756756757 0.61875 0.10810810810810811 0.0203125
0 0.6216216216216216 0.7515625 0.13513513513513514 0.0125