0 0.08 0.725 0.14666666666666667 0.0234375
0 0.17333333333333334 0.5453125 0.21333333333333335 0.0296875
0 0.32 0.6 0.28 0.0234375
0 0.5866666666666667 0.7984375 0.4533333333333333 0.1125
0 0.3466666666666667 0.3328125 0.41333333333333333 0.0578125
0 0.6933333333333334 0.5390625 0.2 0.0328125
0 0.14666666666666667 0.2 0.22666666666666666 0.0453125
0 0.5066666666666667 0.234375 0.2 0.0328125
0 0.32 0.509375 0.24 0.0296875
0 0.3466666666666667 0.821875 0.5066666666666667 0.0484375
0 0.36 0.65 0.28 0.01875
0 0.68 0.0515625 0.18666666666666668 0.0234375
0 0.12 0.2796875 0.09333333333333334 0.0125