0 0.2564102564102564 0.096875 0.2692307692307692 0.028125
0 0.46153846153846156 0.1765625 0.14102564102564102 0.01875
0 0.8076923076923077 0.3859375 0.11538461538461539 0.0125
0 0.9551282051282052 0.275 0.08974358974358974 0.05
0 0.9551282051282052 0.175 0.08974358974358974 0.040625
0 0.5256410256410257 0.496875 0.10256410256410256 0.015625
0 0.5641025641025641 0.74375 0.15384615384615385 0.0203125
0 0.7307692307692307 0.8921875 0.1282051282051282 0.0203125
0 0.038461538461538464 0.8171875 0.07692307692307693 0.0125
0 0.5128205128205128 0.60625 0.07692307692307693 0.0125
0 0.8461538461538461 0.5625 0.07692307692307693 0.0109375
0 0.6923076923076923 0.2453125 0.16666666666666666 0.0296875
0 0.05128205128205128 0.6640625 0.08974358974358974 0.0109375