0 0.782608695652174 0.8609375 0.2753623188405797 0.0359375
0 0.927536231884058 0.3890625 0.14492753623188406 0.01875
0 0.4057971014492754 0.4953125 0.2608695652173913 0.0296875
0 0.463768115942029 0.6578125 0.15942028985507245 0.0109375
0 0.13043478260869565 0.8671875 0.2318840579710145 0.01875
0 0.057971014492753624 0.4421875 0.11594202898550725 0.015625
0 0.15942028985507245 0.1796875 0.10144927536231885 0.009375
0 0.34782608695652173 0.08125 0.17391304347826086 0.0109375
0 0.07246376811594203 0.2390625 0.10144927536231885 0.0078125
0 0.13043478260869565 0.3765625 0.13043478260869565 0.0109375
0 0.2608695652173913 0.403125 0.17391304347826086 0.01875
0 0.42028985507246375 0.1578125 0.15942028985507245 0.01875
0 0.17391304347826086 0.0078125 0.10144927536231885 0.0078125
0 0.8260869565217391 0.33125 0.10144927536231885 0.0109375
0 0.4057971014492754 0.571875 0.08695652173913043 0.0078125