0 0.3402061855670103 0.9984375 0.6701030927835051 0.0015625
0 0.23711340206185566 0.946875 0.25773195876288657 0.05
0 0.12371134020618557 0.9703125 0.16494845360824742 0.0328125
0 0.5257731958762887 0.56875 0.3402061855670103 0.0390625
0 0.21649484536082475 0.5359375 0.3402061855670103 0.028125
0 0.18556701030927836 0.6328125 0.3711340206185567 0.028125
0 0.10309278350515463 0.721875 0.20618556701030927 0.05
0 0.4536082474226804 0.725 0.44329896907216493 0.046875
0 0.4845360824742268 0.79375 0.27835051546391754 0.059375
0 0.4329896907216495 0.0984375 0.5567010309278351 0.1796875
0 0.07216494845360824 0.13125 0.13402061855670103 0.1390625
0 0.29896907216494845 0.4515625 0.5979381443298969 0.175
0 0.18556701030927836 0.30625 0.36082474226804123 0.0484375
0 0.5360824742268041 0.321875 0.28865979381443296 0.0421875