0 0.12121212121212122 0.084375 0.24242424242424243 0.04375
0 0.8939393939393939 0.521875 0.21212121212121213 0.021875
0 0.48484848484848486 0.7171875 0.30303030303030304 0.03125
0 0.09090909090909091 0.834375 0.12121212121212122 0.0296875
0 0.21212121212121213 0.009375 0.4090909090909091 0.0171875
0 0.6818181818181818 0.35625 0.19696969696969696 0.021875
0 0.9393939393939394 0.415625 0.12121212121212122 0.04375
0 0.9772727272727273 0.78359375 0.045454545454545456 0.0171875
0 0.3787878787878788 0.3875 0.25757575757575757 0.0140625
0 0.5909090909090909 0.2875 0.19696969696969696 0.0140625
0 0.803030303030303 0.8421875 0.19696969696969696 0.0125
0 0.4090909090909091 0.878125 0.13636363636363635 0.0203125
0 0.696969696969697 0.0109375 0.12121212121212122 0.009375
0 0.9772727272727273 0.00859375 0.045454545454545456 0.0171875
0 0.5 0.2453125 0.15151515151515152 0.01875