0 0.8556701030927835 0.9171875 0.16494845360824742 0.0265625
0 0.5154639175257731 0.9625 0.08247422680412371 0.0078125
0 0.9639175257731959 0.9875 0.07216494845360824 0.015625
0 0.9742268041237113 0.821875 0.05154639175257732 0.021875
0 0.6391752577319587 0.38125 0.20618556701030927 0.01875
0 0.7835051546391752 0.459375 0.28865979381443296 0.0203125
0 0.8350515463917526 0.3640625 0.32989690721649484 0.034375
0 0.5773195876288659 0.0765625 0.1134020618556701 0.01875
0 0.5567010309278351 0.2078125 0.17525773195876287 0.015625
0 0.9536082474226805 0.1203125 0.09278350515463918 0.015625
0 0.4742268041237113 0.2953125 0.13402061855670103 0.0109375
0 0.5257731958762887 0.3140625 0.28865979381443296 0.0109375
0 0.5463917525773195 0.4578125 0.1134020618556701 0.0109375
0 0.711340206185567 0.034375 0.17525773195876287 0.0265625
0 0.8865979381443299 0.2109375 0.12371134020618557 0.021875