0 0.08247422680412371 0.9140625 0.1134020618556701 0.0140625
0 0.36082474226804123 0.8828125 0.08247422680412371 0.0140625
0 0.36082474226804123 0.953125 0.09278350515463918 0.009375
0 0.9484536082474226 0.8890625 0.061855670103092786 0.009375
0 0.845360824742268 0.90625 0.10309278350515463 0.0109375
0 0.5463917525773195 0.91875 0.07216494845360824 0.0109375
0 0.5463917525773195 0.934375 0.10309278350515463 0.0140625
0 0.6907216494845361 0.95625 0.10309278350515463 0.0109375
0 0.4742268041237113 0.9765625 0.07216494845360824 0.009375
0 0.7422680412371134 0.9984375 0.1134020618556701 0.0015625
0 0.9484536082474226 0.98125 0.061855670103092786 0.0140625
0 0.061855670103092786 0.9546875 0.09278350515463918 0.009375
0 0.38144329896907214 0.9859375 0.12371134020618557 0.0140625
0 0.9948453608247423 0.95390625 0.010309278350515464 0.0140625
0 0.41237113402061853 0.8265625 0.10309278350515463 0.015625
0 0.9432989690721649 0.8265625 0.1134020618556701 0.015625
0 0.010309278350515464 0.8203125 0.010309278350515464 0.0203125
0 0.15463917525773196 0.7765625 0.10309278350515463 0.0125
0 0.35051546391752575 0.803125 0.09278350515463918 0.0140625
0 0.29896907216494845 0.9 0.13402061855670103 0.0109375
0 0.3711340206185567 0.93125 0.09278350515463918 0.0109375
0 0.28865979381443296 0.971875 0.12371134020618557 0.0140625
0 0.9484536082474226 0.9515625 0.08247422680412371 0.0078125
0 0.9896907216494846 0.9984375 0.020618556701030927 0.0015625
0 0.6288659793814433 0.9640625 0.07216494845360824 0.0078125
0 0.4639175257731959 0.965625 0.09278350515463918 0.009375
0 0.35051546391752575 0.7328125 0.14432989690721648 0.0125
0 0.3711340206185567 0.3625 0.23711340206185566 0.0328125
0 0.9278350515463918 0.2671875 0.14432989690721648 0.0265625
0 0.25773195876288657 0.240625 0.21649484536082475 0.0328125
0 0.5360824742268041 0.390625 0.15463917525773196 0.025
0 0.5154639175257731 0.459375 0.23711340206185566 0.0171875
0 0.7422680412371134 0.0515625 0.30927835051546393 0.028125
0 0.09278350515463918 0.1359375 0.15463917525773196 0.0171875
0 0.7525773195876289 0.1171875 0.09278350515463918 0.0109375
0 0.8865979381443299 0.134375 0.13402061855670103 0.0109375
0 0.4536082474226804 0.2265625 0.13402061855670103 0.0203125
0 0.9175257731958762 0.2390625 0.16494845360824742 0.021875
0 0.05154639175257732 0.2671875 0.09278350515463918 0.0125
0 0.041237113402061855 0.21875 0.07216494845360824 0.0140625
0 0.422680412371134 0.325 0.12371134020618557 0.0203125
0 0.7628865979381443 0.296875 0.12371134020618557 0.0109375
0 0.5567010309278351 0.30625 0.09278350515463918 0.0109375
0 0.6701030927835051 0.315625 0.07216494845360824 0.015625
0 0.8247422680412371 0.3125 0.12371134020618557 0.009375
0 0.6082474226804123 0.346875 0.09278350515463918 0.009375
0 0.6391752577319587 0.3640625 0.10309278350515463 0.0109375
0 0.4020618556701031 0.4296875 0.14432989690721648 0.01875
0 0.9175257731958762 0.4453125 0.13402061855670103 0.0125
0 0.6701030927835051 0.1953125 0.1134020618556701 0.009375
0 0.5463917525773195 0.196875 0.09278350515463918 0.0078125
0 0.7010309278350515 0.2140625 0.13402061855670103 0.015625
0 0.8041237113402062 0.2359375 0.13402061855670103 0.0171875
0 0.030927835051546393 0.1796875 0.05154639175257732 0.0140625
0 0.061855670103092786 0.4046875 0.1134020618556701 0.0125
0 0.061855670103092786 0.4453125 0.1134020618556701 0.0171875
0 0.8865979381443299 0.4171875 0.17525773195876287 0.028125
0 0.2268041237113402 0.025 0.18556701030927836 0.0234375
0 0.16494845360824742 0.0046875 0.12371134020618557 0.0078125
0 0.4536082474226804 0.146875 0.08247422680412371 0.015625
0 0.4536082474226804 0.184375 0.09278350515463918 0.015625
0 0.6597938144329897 0.1828125 0.10309278350515463 0.0125
0 0.24742268041237114 0.296875 0.10309278350515463 0.0171875