0 0.8571428571428571 0.2015625 0.14285714285714285 0.0203125
0 0.638095238095238 0.2015625 0.10476190476190476 0.0234375
0 0.9619047619047619 0.078125 0.0761904761904762 0.025
0 0.5428571428571428 0.3421875 0.1619047619047619 0.028125
0 0.3523809523809524 0.3484375 0.1523809523809524 0.03125
0 0.8238095238095238 0.38125 0.3523809523809524 0.0625
0 0.6 0.5734375 0.45714285714285713 0.0609375
0 0.9476190476190476 0.6265625 0.10476190476190476 0.03125
0 0.37142857142857144 0.6046875 0.2761904761904762 0.1234375
0 0.638095238095238 0.6328125 0.17142857142857143 0.025
0 0.8666666666666667 0.465625 0.12380952380952381 0.021875
0 0.6904761904761905 0.23203125 0.6190476190476191 0.1546875
0 0.8761904761904762 0.078125 0.23809523809523808 0.06875