0 0.8666666666666667 0.2171875 0.1523809523809524 0.021875
0 0.6285714285714286 0.21875 0.11428571428571428 0.025
0 0.9666666666666667 0.08359375 0.06666666666666667 0.0265625
0 0.5238095238095238 0.3703125 0.17142857142857143 0.0296875
0 0.3238095238095238 0.3765625 0.1619047619047619 0.0328125
0 0.819047619047619 0.4125 0.3619047619047619 0.0671875
0 0.5904761904761905 0.6203125 0.49523809523809526 0.065625
0 0.9523809523809523 0.6765625 0.09523809523809523 0.0328125
0 0.34285714285714286 0.653125 0.3047619047619048 0.1328125
0 0.6285714285714286 0.684375 0.18095238095238095 0.0265625
0 0.8857142857142857 0.5046875 0.13333333333333333 0.0234375
0 0.6761904761904762 0.253125 0.6476190476190476 0.1671875
0 0.8809523809523809 0.08359375 0.23809523809523808 0.0734375