0 0.9113924050632911 0.0890625 0.05063291139240506 0.009375
0 0.5063291139240507 0.3125 0.06329113924050633 0.009375
0 0.10126582278481013 0.4296875 0.12658227848101267 0.0125
0 0.17721518987341772 0.4046875 0.08860759493670886 0.0109375
0 0.2911392405063291 0.4359375 0.05063291139240506 0.00625
0 0.35443037974683544 0.4484375 0.08860759493670886 0.015625
0 0.759493670886076 0.4234375 0.06329113924050633 0.00625
0 0.7468354430379747 0.4328125 0.05063291139240506 0.00625
0 0.6075949367088608 0.4359375 0.06329113924050633 0.009375
0 0.9873417721518988 0.4953125 0.02531645569620253 0.0234375
0 0.810126582278481 0.4953125 0.08860759493670886 0.009375
0 0.0379746835443038 0.5125 0.06329113924050633 0.0125
0 0.02531645569620253 0.6859375 0.0379746835443038 0.0171875
0 0.8734177215189873 0.8765625 0.05063291139240506 0.0078125