0 0.972972972972973 0.41875 0.04054054054054054 0.03125
0 0.972972972972973 0.24375 0.04054054054054054 0.0125
0 0.527027027027027 0.271875 0.0945945945945946 0.009375
0 0.8918918918918919 0.5953125 0.0945945945945946 0.0171875
0 0.9594594594594594 0.3171875 0.08108108108108109 0.0125
0 0.9459459459459459 0.3765625 0.10810810810810811 0.0171875
0 0.7837837837837838 0.3734375 0.10810810810810811 0.0140625
0 0.24324324324324326 0.4109375 0.20270270270270271 0.01875
0 0.6621621621621622 0.9578125 0.6621621621621622 0.084375
0 0.22972972972972974 0.9953125 0.43243243243243246 0.009375
0 0.28378378378378377 0.796875 0.16216216216216217 0.0234375
0 0.6216216216216216 0.8609375 0.17567567567567569 0.0265625