0 0.4444444444444444 0.1515625 0.4861111111111111 0.0484375
0 0.6111111111111112 0.3125 0.4444444444444444 0.0265625
0 0.3333333333333333 0.603125 0.25 0.0296875
0 0.9513888888888888 0.03515625 0.09722222222222222 0.0265625
0 0.6388888888888888 0.0203125 0.16666666666666666 0.01875
0 0.9791666666666666 0.65234375 0.041666666666666664 0.0390625
0 0.3055555555555556 0.80625 0.375 0.0375
0 0.3888888888888889 0.690625 0.2777777777777778 0.0328125
0 0.6805555555555556 0.7078125 0.19444444444444445 0.03125
0 0.8819444444444444 0.43671875 0.2361111111111111 0.0234375
0 0.2916666666666667 0.4921875 0.25 0.0203125
0 0.9027777777777778 0.4625 0.1388888888888889 0.0109375
0 0.6666666666666666 0.4140625 0.1388888888888889 0.0140625
0 0.8402777777777778 0.490625 0.3194444444444444 0.034375
0 0.375 0.553125 0.4722222222222222 0.0234375
0 0.8680555555555556 0.95390625 0.2638888888888889 0.0890625