0 0.917910447761194 0.67265625 0.16417910447761194 0.0296875
0 0.917910447761194 0.9875 0.16417910447761194 0.025
0 0.835820895522388 0.8265625 0.208955223880597 0.0296875
0 0.2835820895522388 0.7453125 0.23880597014925373 0.03125
0 0.8805970149253731 0.4171875 0.23880597014925373 0.0265625
0 0.26865671641791045 0.146875 0.13432835820895522 0.015625
0 0.31343283582089554 0.259375 0.16417910447761194 0.009375
0 0.11940298507462686 0.25625 0.13432835820895522 0.0171875
0 0.6567164179104478 0.6109375 0.1791044776119403 0.025
0 0.44776119402985076 0.8234375 0.23880597014925373 0.0140625
0 0.5373134328358209 0.865625 0.14925373134328357 0.0140625
0 0.8059701492537313 0.534375 0.13432835820895522 0.0171875