0 0.6285714285714286 0.028125 0.7285714285714285 0.05625
0 0.34285714285714286 0.690625 0.6857142857142857 0.084375
0 0.9714285714285714 0.846875 0.04285714285714286 0.0203125
0 0.8285714285714286 0.796875 0.22857142857142856 0.03125
0 0.4857142857142857 0.8015625 0.17142857142857143 0.015625
0 0.6571428571428571 0.2328125 0.2571428571428571 0.03125
0 0.2714285714285714 0.2296875 0.15714285714285714 0.0203125
0 0.12857142857142856 0.1421875 0.2571428571428571 0.0046875
0 0.17142857142857143 0.078125 0.22857142857142856 0.0171875
0 0.14285714285714285 0.1109375 0.24285714285714285 0.0109375
0 0.6714285714285714 0.290625 0.3142857142857143 0.0203125
0 0.7142857142857143 0.5546875 0.2571428571428571 0.03125
0 0.8714285714285714 0.9046875 0.21428571428571427 0.0125
0 0.4714285714285714 0.890625 0.2 0.0125
0 0.3 0.9484375 0.11428571428571428 0.0125
0 0.15714285714285714 0.48125 0.15714285714285714 0.0140625
0 0.8428571428571429 0.1578125 0.08571428571428572 0.0078125