0 0.7692307692307693 0.23125 0.08974358974358974 0.0140625
0 0.6794871794871795 0.2640625 0.07692307692307693 0.009375
0 0.8717948717948718 0.2984375 0.05128205128205128 0.0078125
0 0.9871794871794872 0.6546875 0.02564102564102564 0.009375
0 0.6794871794871795 0.4078125 0.038461538461538464 0.0078125
0 0.6282051282051282 0.8265625 0.11538461538461539 0.0140625
0 0.2948717948717949 0.8359375 0.07692307692307693 0.0125
0 0.4230769230769231 0.821875 0.07692307692307693 0.0109375
0 0.8333333333333334 0.796875 0.0641025641025641 0.00625
0 0.7051282051282052 0.7859375 0.02564102564102564 0.0046875
0 0.8461538461538461 0.959375 0.07692307692307693 0.00625
0 0.9358974358974359 0.9125 0.05128205128205128 0.009375