0 0.6176470588235294 0.6140625 0.20588235294117646 0.0296875
0 0.9779411764705882 0.84609375 0.04411764705882353 0.0359375
0 0.23529411764705882 0.84375 0.2647058823529412 0.04375
0 0.5 0.059375 0.5 0.03125
0 0.27941176470588236 0.01875 0.27941176470588236 0.034375
0 0.7352941176470589 0.2796875 0.5147058823529411 0.0515625
0 0.17647058823529413 0.9734375 0.16176470588235295 0.01875
0 0.9926470588235294 0.95546875 0.014705882352941176 0.0265625
0 0.9117647058823529 0.925 0.14705882352941177 0.015625
0 0.8088235294117647 0.8390625 0.19117647058823528 0.025
0 0.9926470588235294 0.0703125 0.014705882352941176 0.028125