0 0.2727272727272727 0.2109375 0.32727272727272727 0.053125
0 0.8363636363636363 0.196875 0.32727272727272727 0.046875
0 0.44545454545454544 0.5140625 0.07272727272727272 0.0234375
0 0.6727272727272727 0.3171875 0.11818181818181818 0.03125
0 0.4818181818181818 0.721875 0.14545454545454545 0.0296875
0 0.02727272727272727 0.684375 0.045454545454545456 0.03125
0 0.6454545454545455 0.803125 0.6636363636363637 0.36875
0 0.5272727272727272 0.7734375 0.14545454545454545 0.0390625
0 0.06363636363636363 0.8359375 0.11818181818181818 0.0515625
0 0.09090909090909091 0.965625 0.18181818181818182 0.05625
0 0.35454545454545455 0.4859375 0.14545454545454545 0.025