0 0.9142857142857143 0.25 0.17142857142857143 0.0359375
0 0.8380952380952381 0.296875 0.1523809523809524 0.04375
0 0.6571428571428571 0.0140625 0.14285714285714285 0.0203125
0 0.44761904761904764 0.4234375 0.2857142857142857 0.0578125
0 0.9238095238095239 0.1140625 0.14285714285714285 0.2125
0 0.4095238095238095 0.575 0.2571428571428571 0.0578125
0 0.44761904761904764 0.665625 0.12380952380952381 0.0234375
0 0.8857142857142857 0.6515625 0.06666666666666667 0.0140625
0 0.7142857142857143 0.8140625 0.5714285714285714 0.371875
0 0.8 0.3921875 0.19047619047619047 0.0125
0 0.861904761904762 0.3828125 0.2761904761904762 0.00625
0 0.9238095238095239 0.725 0.1523809523809524 0.0484375
0 0.5333333333333333 0.1984375 0.4380952380952381 0.384375