0 0.72 0.1875 0.56 0.0859375
0 0.06666666666666667 0.56875 0.13333333333333333 0.04375
0 0.05333333333333334 0.4328125 0.10666666666666667 0.03125
0 0.6533333333333333 0.825 0.12 0.0125
0 0.92 0.4 0.16 0.0203125
0 0.96 0.515625 0.08 0.04375
0 0.5066666666666667 0.0265625 0.4666666666666667 0.053125
0 0.16 0.0515625 0.30666666666666664 0.075
0 0.17333333333333334 0.6265625 0.13333333333333333 0.0125
0 0.5866666666666667 0.709375 0.5333333333333333 0.0421875
0 0.92 0.6140625 0.14666666666666667 0.0296875
0 0.05333333333333334 0.78125 0.09333333333333334 0.0171875
0 0.56 0.984375 0.26666666666666666 0.025
0 0.36 0.675 0.14666666666666667 0.015625
0 0.08 0.4578125 0.14666666666666667 0.0140625
0 0.08 0.1484375 0.13333333333333333 0.0203125