0 0.6203703703703703 0.0765625 0.7592592592592593 0.153125
0 0.7129629629629629 0.2125 0.21296296296296297 0.040625
0 0.5740740740740741 0.2953125 0.18518518518518517 0.0359375
0 0.7870370370370371 0.2578125 0.14814814814814814 0.0328125
0 0.9490740740740741 0.24765625 0.10185185185185185 0.0515625
0 0.2962962962962963 0.2109375 0.23148148148148148 0.1078125
0 0.9398148148148148 0.3890625 0.12037037037037036 0.03125
0 0.8055555555555556 0.409375 0.18518518518518517 0.034375
0 0.5833333333333334 0.5640625 0.1574074074074074 0.034375
0 0.46296296296296297 0.615625 0.2222222222222222 0.0609375
0 0.9212962962962963 0.6046875 0.1574074074074074 0.034375
0 0.8888888888888888 0.565625 0.1574074074074074 0.025
0 0.9490740740740741 0.53046875 0.10185185185185185 0.0296875
0 0.7777777777777778 0.4875 0.21296296296296297 0.0375
0 0.4166666666666667 0.5421875 0.2222222222222222 0.0453125
0 0.25 0.4203125 0.17592592592592593 0.0640625
0 0.21296296296296297 0.5015625 0.1388888888888889 0.053125
0 0.9212962962962963 0.31171875 0.1574074074074074 0.0390625
0 0.5277777777777778 0.7453125 0.4444444444444444 0.096875
0 0.9861111111111112 0.6765625 0.027777777777777776 0.03125
0 0.17592592592592593 0.828125 0.12962962962962962 0.0515625
0 0.17592592592592593 0.690625 0.1111111111111111 0.046875
0 0.9120370370370371 0.79453125 0.17592592592592593 0.0578125
0 0.7314814814814815 0.9828125 0.16666666666666666 0.0328125
0 0.6111111111111112 0.9890625 0.4351851851851852 0.0203125
0 0.37962962962962965 0.9671875 0.18518518518518517 0.028125
0 0.17592592592592593 0.9375 0.17592592592592593 0.0328125
0 0.46296296296296297 0.8984375 0.18518518518518517 0.0296875