0 0.8648648648648649 0.0297339593114241 0.14864864864864866 0.03912363067292645
0 0.12162162162162163 0.28325508607198746 0.22972972972972974 0.06259780907668232
0 0.8783783783783784 0.14084507042253522 0.13513513513513514 0.02190923317683881
0 0.6216216216216216 0.12832550860719874 0.1891891891891892 0.023474178403755867
0 0.5405405405405406 0.17683881064162754 0.22972972972972974 0.026604068857589983
0 0.7027027027027027 0.2676056338028169 0.5 0.12519561815336464
0 0.2702702702702703 0.06572769953051644 0.5405405405405406 0.0892018779342723
0 0.4189189189189189 0.4475743348982786 0.25675675675675674 0.03286384976525822
0 0.12162162162162163 0.4162754303599374 0.22972972972972974 0.0297339593114241
0 0.40540540540540543 0.5414710485133021 0.17567567567567569 0.028169014084507043
0 0.16216216216216217 0.701095461658842 0.3108108108108108 0.03755868544600939
0 0.44594594594594594 0.6885758998435054 0.8918918918918919 0.15179968701095461
0 0.7297297297297297 0.8294209702660407 0.3783783783783784 0.07198748043818466
0 0.22972972972972974 0.838810641627543 0.4594594594594595 0.050078247261345854
0 0.5135135135135135 0.41471048513302033 0.14864864864864866 0.01564945226917058
0 0.7837837837837838 0.5555555555555556 0.24324324324324326 0.04225352112676056
0 0.1891891891891892 0.9874804381846636 0.14864864864864866 0.02190923317683881