0 0.975609756097561 0.00625 0.04878048780487805 0.0109375
0 0.943089430894309 0.0328125 0.11382113821138211 0.05
0 0.7886178861788617 0.353125 0.4146341463414634 0.090625
0 0.5121951219512195 0.246875 0.21951219512195122 0.0578125
0 0.9634146341463414 0.22421875 0.07317073170731707 0.0609375
0 0.8373983739837398 0.1859375 0.14634146341463414 0.05
0 0.9634146341463414 0.1 0.07317073170731707 0.05625
0 0.5609756097560976 0.075 0.13821138211382114 0.0734375
0 0.6016260162601627 0.44375 0.44715447154471544 0.1578125
0 0.5609756097560976 0.5625 0.5040650406504065 0.109375
0 0.967479674796748 0.45625 0.06504065040650407 0.115625
0 0.8292682926829268 0.703125 0.34146341463414637 0.1484375
0 0.7886178861788617 0.746875 0.17073170731707318 0.0359375
0 0.6504065040650406 0.659375 0.5609756097560976 0.1375
0 0.7357723577235772 0.95078125 0.5284552845528455 0.0953125
0 0.7601626016260162 0.8953125 0.4796747967479675 0.184375
0 0.8414634146341463 0.975 0.3170731707317073 0.05
0 0.6585365853658537 0.959375 0.6504065040650406 0.0796875