0 0.35135135135135137 0.059375 0.3783783783783784 0.046875
0 0.40540540540540543 0.1375 0.3108108108108108 0.03125
0 0.6081081081081081 0.3578125 0.13513513513513514 0.015625
0 0.3783783783783784 0.2125 0.3783783783783784 0.0390625
0 0.7837837837837838 0.0203125 0.32432432432432434 0.0390625
0 0.08108108108108109 0.5953125 0.16216216216216217 0.1875
0 0.8108108108108109 0.4359375 0.35135135135135137 0.0625
0 0.44594594594594594 0.315625 0.20270270270270271 0.025
0 0.6351351351351351 0.678125 0.1891891891891892 0.021875
0 0.06756756756756757 0.7984375 0.13513513513513514 0.0203125
0 0.43243243243243246 0.7515625 0.13513513513513514 0.0234375
0 0.8648648648648649 0.8296875 0.14864864864864866 0.053125
0 0.24324324324324326 0.8375 0.20270270270270271 0.0203125
0 0.06756756756756757 0.75 0.12162162162162163 0.0234375
0 0.04054054054054054 0.771875 0.06756756756756757 0.009375
0 0.7837837837837838 0.9640625 0.21621621621621623 0.071875