0 0.3116883116883117 0.109375 0.15584415584415584 0.021875
0 0.987012987012987 0.3703125 0.025974025974025976 0.0640625
0 0.5844155844155844 0.4453125 0.15584415584415584 0.01875
0 0.2077922077922078 0.54375 0.23376623376623376 0.0171875
0 0.935064935064935 0.6265625 0.12987012987012986 0.015625
0 0.7272727272727273 0.5328125 0.15584415584415584 0.0140625
0 0.4155844155844156 0.8734375 0.2987012987012987 0.025
0 0.7142857142857143 0.9265625 0.23376623376623376 0.0203125
0 0.33766233766233766 0.825 0.2727272727272727 0.0265625
0 0.012987012987012988 0.865625 0.012987012987012988 0.0265625
0 0.05194805194805195 0.915625 0.09090909090909091 0.0203125
0 0.5 0.603125 1 0.79375
0 0.5 0.071875 1 0.14375
0 0.025974025974025976 0.0609375 0.05194805194805195 0.1203125
0 0.14285714285714285 0.7703125 0.2857142857142857 0.0328125
0 0.974025974025974 0.575 0.03896103896103896 0.0171875