0 0.8349514563106796 0.2359375 0.3300970873786408 0.2359375
0 0.21359223300970873 0.6734375 0.2815533980582524 0.05
0 0.9029126213592233 0.534375 0.1941747572815534 0.0375
0 0.5 0.96484375 1 0.0671875
0 0.2524271844660194 0.190625 0.20388349514563106 0.0390625
0 0.019417475728155338 0.1828125 0.038834951456310676 0.0453125
0 0.8252427184466019 0.0046875 0.34951456310679613 0.009375
0 0.3786407766990291 0.621875 0.1553398058252427 0.0265625
0 0.019417475728155338 0.5796875 0.038834951456310676 0.025
0 0.5339805825242718 0.071875 0.30097087378640774 0.0484375
0 0.5 0.04609375 1 0.0921875
0 0.019417475728155338 0.328125 0.038834951456310676 0.01875
0 0.6116504854368932 0.471875 0.08737864077669903 0.0140625
0 0.5242718446601942 0.3875 0.07766990291262135 0.015625
0 0.912621359223301 0.4875 0.17475728155339806 0.0765625