0 0.12987012987012986 0.01875 0.14285714285714285 0.0203125
0 0.09090909090909091 0.1125 0.15584415584415584 0.01875
0 0.012987012987012988 0.25625 0.012987012987012988 0.015625
0 0.24675324675324675 0.08125 0.22077922077922077 0.01875
0 0.24675324675324675 0.0296875 0.11688311688311688 0.0140625
0 0.4805194805194805 0.846875 0.2987012987012987 0.0453125
0 0.4675324675324675 0.9296875 0.44155844155844154 0.053125
0 0.45454545454545453 0.715625 0.9090909090909091 0.1
0 0.2727272727272727 0.3125 0.5324675324675324 0.6234375
0 0.12987012987012986 0.9859375 0.24675324675324675 0.028125
0 0.22077922077922077 0.9953125 0.33766233766233766 0.0078125