0 0.15463917525773196 0.821875 0.30927835051546393 0.0765625
0 0.9896907216494846 0.784375 0.020618556701030927 0.0359375
0 0.4639175257731959 0.840625 0.1958762886597938 0.0265625
0 0.5257731958762887 0.871875 0.26804123711340205 0.021875
0 0.2268041237113402 0.89375 0.14432989690721648 0.01875
0 0.5463917525773195 0.9953125 0.18556701030927836 0.009375
0 0.3402061855670103 0.3625 0.6701030927835051 0.0953125
0 0.4020618556701031 0.509375 0.8041237113402062 0.15625
0 0.9175257731958762 0.44375 0.16494845360824742 0.0921875
0 0.25773195876288657 0.61875 0.3917525773195876 0.03125
0 0.7835051546391752 0.85 0.15463917525773196 0.025
0 0.7989690721649485 0.14296875 0.4020618556701031 0.0890625
0 0.09278350515463918 0.153125 0.17525773195876287 0.03125