0 0.09722222222222222 0.9015625 0.19444444444444445 0.015625
0 0.6527777777777778 0.8890625 0.09722222222222222 0.025
0 0.19444444444444445 0.696875 0.25 0.0296875
0 0.09722222222222222 0.95625 0.18055555555555555 0.0328125
0 0.2361111111111111 0.915625 0.2222222222222222 0.021875
0 0.375 0.775 0.2222222222222222 0.0203125
0 0.5277777777777778 0.478125 0.2638888888888889 0.0328125
0 0.1527777777777778 0.5828125 0.3055555555555556 0.0234375
0 0.1111111111111111 0.43125 0.20833333333333334 0.0265625
0 0.7361111111111112 0.5421875 0.3333333333333333 0.0421875
0 0.4722222222222222 0.4015625 0.2222222222222222 0.0296875
0 0.1111111111111111 0.9890625 0.20833333333333334 0.021875
0 0.20833333333333334 0.178125 0.2361111111111111 0.028125
0 0.5138888888888888 0.16875 0.3055555555555556 0.034375
0 0.5 0.5 1 1
0 0.7083333333333334 0.334375 0.2638888888888889 0.0609375