0 0.8714285714285714 0.4359375 0.2571428571428571 0.0359375
0 0.5714285714285714 0.5515625 0.2714285714285714 0.0328125
0 0.5142857142857142 0.4578125 0.21428571428571427 0.0203125
0 0.5714285714285714 0.359375 0.21428571428571427 0.0265625
0 0.05714285714285714 0.3671875 0.11428571428571428 0.0140625
0 0.5857142857142857 0.41875 0.2857142857142857 0.0328125
0 0.5 0.45 1 0.4
0 0.6357142857142857 0.9578125 0.7285714285714285 0.084375
0 0.04285714285714286 0.971875 0.08571428571428572 0.009375
0 0.1 0.9296875 0.12857142857142856 0.009375
0 0.02857142857142857 0.2734375 0.04285714285714286 0.0078125
0 0.8428571428571429 0.121875 0.3142857142857143 0.0265625