0 0.5203252032520326 0.015625 0.34146341463414637 0.03125
0 0.4715447154471545 0.1328125 0.3252032520325203 0.065625
0 0.11382113821138211 0.078125 0.17073170731707318 0.034375
0 0.2032520325203252 0.1609375 0.18699186991869918 0.0375
0 0.4146341463414634 0.2546875 0.18699186991869918 0.03125
0 0.0975609756097561 0.25 0.1951219512195122 0.05625
0 0.8699186991869918 0.33125 0.2601626016260163 0.0734375
0 0.0975609756097561 0.49375 0.18699186991869918 0.075
0 0.9065040650406504 0.46484375 0.18699186991869918 0.0484375
0 0.5447154471544715 0.4890625 0.2682926829268293 0.0484375
0 0.8211382113821138 0.5984375 0.3170731707317073 0.075
0 0.975609756097561 0.528125 0.04878048780487805 0.075
0 0.35772357723577236 0.6890625 0.14634146341463414 0.034375
0 0.06504065040650407 0.6359375 0.13008130081300814 0.046875
0 0.056910569105691054 0.728125 0.11382113821138211 0.05
0 0.3170731707317073 0.7609375 0.23577235772357724 0.08125
0 0.5 0.63359375 1 0.4859375
0 0.5609756097560976 0.825 0.2682926829268293 0.0671875
0 0.6585365853658537 0.8890625 0.6829268292682927 0.2203125
0 0.4796747967479675 0.8875 0.13821138211382114 0.046875
0 0.04878048780487805 0.9609375 0.08943089430894309 0.0359375