0 0.48484848484848486 0.1890625 0.3787878787878788 0.0484375
0 0.09090909090909091 0.28125 0.16666666666666666 0.0328125
0 0.6818181818181818 0.0859375 0.19696969696969696 0.021875
0 0.18181818181818182 0.1203125 0.3181818181818182 0.025
0 0.07575757575757576 0.14375 0.15151515151515152 0.0171875
0 0.015151515151515152 0.2375 0.030303030303030304 0.0359375
0 0.3939393939393939 0.2546875 0.3333333333333333 0.04375
0 0.45454545454545453 0.4859375 0.5151515151515151 0.0234375
0 0.25757575757575757 0.3421875 0.3484848484848485 0.028125
0 0.4090909090909091 0.703125 0.24242424242424243 0.0265625
0 0.12121212121212122 0.9765625 0.21212121212121213 0.0171875
0 0.13636363636363635 0.946875 0.24242424242424243 0.0125
0 0.15151515151515152 0.771875 0.19696969696969696 0.021875
0 0.7424242424242424 0.7359375 0.13636363636363635 0.0125
0 0.24242424242424243 0.4390625 0.24242424242424243 0.01875
0 0.045454545454545456 0.6078125 0.09090909090909091 0.0234375
0 0.06060606060606061 0.9078125 0.10606060606060606 0.01875