0 0.7986111111111112 0.29609375 0.4027777777777778 0.3265625
0 0.2222222222222222 0.4375 0.2916666666666667 0.065625
0 0.3888888888888889 0.35625 0.2361111111111111 0.0265625
0 0.09722222222222222 0.0359375 0.18055555555555555 0.0265625
0 0.1388888888888889 0.653125 0.2638888888888889 0.0390625
0 0.19444444444444445 0.5359375 0.3472222222222222 0.05625
0 0.2222222222222222 0.5921875 0.2361111111111111 0.0265625
0 0.8541666666666666 0.575 0.2916666666666667 0.03125
0 0.5277777777777778 0.628125 0.3333333333333333 0.040625
0 0.4444444444444444 0.490625 0.1111111111111111 0.009375
0 0.6527777777777778 0.4921875 0.19444444444444445 0.009375
0 0.9791666666666666 0.6421875 0.041666666666666664 0.025
0 0.5 0.9546875 1 0.0890625