0 0.5194805194805194 0.18125 0.3116883116883117 0.0328125
0 0.922077922077922 0.3140625 0.12987012987012986 0.028125
0 0.6623376623376623 0.371875 0.22077922077922077 0.028125
0 0.37662337662337664 0.0140625 0.15584415584415584 0.0203125
0 0.7272727272727273 0.065625 0.18181818181818182 0.0171875
0 0.922077922077922 0.40625 0.14285714285714285 0.015625
0 0.935064935064935 0.5796875 0.12987012987012986 0.025
0 0.7272727272727273 0.753125 0.15584415584415584 0.025
0 0.4025974025974026 0.446875 0.18181818181818182 0.028125
0 0.6493506493506493 0.5046875 0.16883116883116883 0.0296875
0 0.8961038961038961 0.9296875 0.2077922077922078 0.0515625
0 0.5584415584415584 0.1109375 0.8831168831168831 0.221875