0 0.28703703703703703 0.0875 0.18518518518518517 0.0296875
0 0.6296296296296297 0.0890625 0.18518518518518517 0.025
0 0.75 0.040625 0.23148148148148148 0.0359375
0 0.8611111111111112 0.378125 0.19444444444444445 0.0359375
0 0.6666666666666666 0.2984375 0.08333333333333333 0.021875
0 0.8611111111111112 0.2484375 0.06481481481481481 0.0171875
0 0.14814814814814814 0.253125 0.2962962962962963 0.1296875
0 0.6388888888888888 0.51875 0.28703703703703703 0.0484375
0 0.5833333333333334 0.4625 0.16666666666666666 0.0390625
0 0.37037037037037035 0.4515625 0.1111111111111111 0.021875
0 0.009259259259259259 0.5265625 0.018518518518518517 0.0328125
0 0.16666666666666666 0.415625 0.1388888888888889 0.025
0 0.5 0.4234375 0.16666666666666666 0.0296875
0 0.05555555555555555 0.715625 0.10185185185185185 0.040625
0 0.3333333333333333 0.6953125 0.18518518518518517 0.0390625
0 0.6759259259259259 0.7203125 0.2222222222222222 0.04375
0 0.037037037037037035 0.925 0.06481481481481481 0.0390625
0 0.3148148148148148 0.934375 0.3055555555555556 0.04375
0 0.9768518518518519 0.82109375 0.046296296296296294 0.0296875
0 0.8055555555555556 0.83125 0.12037037037037036 0.0234375
0 0.9490740740740741 0.878125 0.10185185185185185 0.021875
0 0.4351851851851852 0.6453125 0.12962962962962962 0.021875
0 0.5462962962962963 0.625 0.12037037037037036 0.0171875
0 0.7777777777777778 0.5765625 0.12037037037037036 0.0234375
0 0.8148148148148148 0.5515625 0.07407407407407407 0.015625
0 0.4166666666666667 0.578125 0.1388888888888889 0.0265625
0 0.9398148148148148 0.63671875 0.12037037037037036 0.0265625
0 0.6574074074074074 0.771875 0.17592592592592593 0.0296875
0 0.9490740740740741 0.96171875 0.10185185185185185 0.0296875
0 0.027777777777777776 0.984375 0.05555555555555555 0.0296875
0 0.49074074074074076 0.9078125 0.10185185185185185 0.025