0 0.8714285714285714 0.4375 0.24285714285714285 0.0359375
0 0.5857142857142857 0.5546875 0.2714285714285714 0.0328125
0 0.5142857142857142 0.459375 0.22857142857142856 0.0203125
0 0.5857142857142857 0.3609375 0.22857142857142856 0.0265625
0 0.05714285714285714 0.36875 0.11428571428571428 0.0140625
0 0.6 0.4203125 0.2857142857142857 0.0328125
0 0.5 0.4515625 1 0.403125
0 0.6285714285714286 0.959375 0.7285714285714285 0.0796875
0 0.04285714285714286 0.9765625 0.08571428571428572 0.009375
0 0.1 0.934375 0.12857142857142856 0.009375
0 0.02857142857142857 0.2734375 0.04285714285714286 0.0078125
0 0.8428571428571429 0.1203125 0.3 0.0265625