0 0.5466666666666666 0.0046875 0.06666666666666667 0.0078125
0 0.49333333333333335 0.5 0.14666666666666667 0.0203125
0 0.14666666666666667 0.41875 0.26666666666666666 0.0265625
0 0.04 0.19375 0.08 0.01875
0 0.2 0.79375 0.13333333333333333 0.015625
0 0.17333333333333334 0.8546875 0.22666666666666666 0.0265625
0 0.7333333333333333 0.16875 0.10666666666666667 0.0109375
0 0.29333333333333333 0.50625 0.13333333333333333 0.015625
0 0.38666666666666666 0.5671875 0.09333333333333334 0.015625
0 0.76 0.715625 0.24 0.01875
0 0.9666666666666667 0.86171875 0.06666666666666667 0.0171875
0 0.98 0.884375 0.04 0.0125
0 0.28 0.940625 0.08 0.009375
0 0.96 0.9859375 0.08 0.0078125