0 0.6818181818181818 0.0078125 0.5 0.0140625
0 0.9166666666666666 0.2875 0.16666666666666666 0.046875
0 0.696969696969697 0.196875 0.30303030303030304 0.0359375
0 0.18181818181818182 0.353125 0.22727272727272727 0.028125
0 0.7727272727272727 0.3453125 0.19696969696969696 0.0125
0 0.3939393939393939 0.325 0.4393939393939394 0.0328125
0 0.45454545454545453 0.1578125 0.16666666666666666 0.025
0 0.9772727272727273 0.32734375 0.045454545454545456 0.0171875
0 0.9393939393939394 0.4359375 0.12121212121212122 0.0296875
0 0.4090909090909091 0.64375 0.45454545454545453 0.0421875
0 0.4090909090909091 0.70625 0.12121212121212122 0.03125
0 0.7272727272727273 0.803125 0.22727272727272727 0.015625
0 0.3787878787878788 0.3890625 0.21212121212121213 0.0203125
0 0.8484848484848485 0.3734375 0.15151515151515152 0.0140625
0 0.30303030303030304 0.1140625 0.18181818181818182 0.0140625
0 0.6666666666666666 0.2421875 0.12121212121212122 0.0125
0 0.15151515151515152 0.0125 0.19696969696969696 0.0203125
0 0.21212121212121213 0.0640625 0.21212121212121213 0.015625
0 0.9393939393939394 0.790625 0.12121212121212122 0.0140625
0 0.5454545454545454 0.3671875 0.15151515151515152 0.0109375
0 0.4696969696969697 0.4546875 0.15151515151515152 0.015625
0 0.3939393939393939 0.571875 0.15151515151515152 0.015625
0 0.12121212121212122 0.6734375 0.13636363636363635 0.0109375