0 0.875 0.2734375 0.25 0.109375
0 0.058823529411764705 0.325 0.10294117647058823 0.075
0 0.625 0.98359375 0.75 0.0296875
0 0.39705882352941174 0.4359375 0.3235294117647059 0.04375
0 0.4117647058823529 0.5546875 0.4852941176470588 0.0375
0 0.9705882352941176 0.0515625 0.04411764705882353 0.0359375
0 0.16176470588235295 0.14375 0.3235294117647059 0.040625
0 0.4264705882352941 0.7890625 0.4117647058823529 0.0359375
0 0.9852941176470589 0.49375 0.029411764705882353 0.0296875
0 0.8235294117647058 0.6203125 0.3382352941176471 0.0375
0 0.029411764705882353 0.6546875 0.058823529411764705 0.025
0 0.38235294117647056 0.684375 0.19117647058823528 0.0171875
0 0.058823529411764705 0.575 0.11764705882352941 0.025
0 0.6176470588235294 0.4859375 0.22058823529411764 0.0234375
0 0.9705882352941176 0.1421875 0.04411764705882353 0.0359375
0 0.5147058823529411 0.0171875 0.2647058823529412 0.034375