0 0.7651515151515151 0.3296875 0.4696969696969697 0.053125
0 0.06060606060606061 0.48125 0.10606060606060606 0.0515625
0 0.4696969696969697 0.4078125 0.2727272727272727 0.025
0 0.6212121212121212 0.4421875 0.30303030303030304 0.0296875
0 0.09090909090909091 0.746875 0.16666666666666666 0.096875
0 0.2727272727272727 0.79375 0.25757575757575757 0.03125
0 0.803030303030303 0.6 0.19696969696969696 0.0140625
0 0.8333333333333334 0.9515625 0.30303030303030304 0.01875
0 0.015151515151515152 0.29375 0.015151515151515152 0.0265625
0 0.6212121212121212 0.278125 0.25757575757575757 0.0234375
0 0.45454545454545453 0.7546875 0.13636363636363635 0.0125
0 0.045454545454545456 0.85 0.09090909090909091 0.009375
0 0.5303030303030303 0.2046875 0.13636363636363635 0.0109375
0 0.4393939393939394 0.0359375 0.18181818181818182 0.0125
0 0.6363636363636364 0.1078125 0.16666666666666666 0.021875
0 0.8787878787878788 0.1546875 0.22727272727272727 0.025
0 0.13636363636363635 0.2421875 0.21212121212121213 0.0234375
0 0.3939393939393939 0.7046875 0.09090909090909091 0.0140625