0 0.15454545454545454 0.1 0.3 0.1984375
0 0.5181818181818182 0.1453125 0.18181818181818182 0.0375
0 0.8363636363636363 0.0734375 0.20909090909090908 0.096875
0 0.06363636363636363 0.2890625 0.11818181818181818 0.0484375
0 0.7545454545454545 0.3078125 0.21818181818181817 0.04375
0 0.19090909090909092 0.428125 0.11818181818181818 0.028125
0 0.10909090909090909 0.459375 0.20909090909090908 0.05625
0 0.7090909090909091 0.3921875 0.1 0.025
0 0.45454545454545453 0.465625 0.22727272727272727 0.040625
0 0.7545454545454545 0.4875 0.15454545454545454 0.03125
0 0.8363636363636363 0.4390625 0.10909090909090909 0.0515625
0 0.39090909090909093 0.5796875 0.15454545454545454 0.03125
0 0.5272727272727272 0.5328125 0.14545454545454545 0.025
0 0.8090909090909091 0.571875 0.14545454545454545 0.0484375
0 0.18181818181818182 0.5265625 0.2727272727272727 0.075
0 0.00909090909090909 0.346875 0.01818181818181818 0.0359375
0 0.22727272727272727 0.665625 0.2636363636363636 0.0421875
0 0.02727272727272727 0.6890625 0.05454545454545454 0.028125
0 0.5363636363636364 0.7390625 0.7272727272727273 0.1859375
0 0.00909090909090909 0.8 0.00909090909090909 0.053125
0 0.03636363636363636 0.721875 0.07272727272727272 0.0234375
0 0.08181818181818182 0.884375 0.16363636363636364 0.05
0 0.3 0.8421875 0.22727272727272727 0.0421875
0 0.19090909090909092 0.971875 0.2 0.0546875
0 0.6818181818181818 0.8859375 0.34545454545454546 0.1453125
0 0.43636363636363634 0.99375 0.15454545454545454 0.0109375