0 0.17592592592592593 0.0140625 0.1388888888888889 0.028125
0 0.5648148148148148 0.0453125 0.12962962962962962 0.03125
0 0.7777777777777778 0.0625 0.18518518518518517 0.0328125
0 0.42592592592592593 0.0109375 0.2037037037037037 0.021875
0 0.6203703703703703 0.2078125 0.2222222222222222 0.0484375
0 0.7222222222222222 0.15625 0.16666666666666666 0.028125
0 0.39814814814814814 0.134375 0.12962962962962962 0.028125
0 0.2777777777777778 0.3609375 0.2222222222222222 0.0515625
0 0.5648148148148148 0.3171875 0.17592592592592593 0.040625
0 0.9259259259259259 0.4203125 0.08333333333333333 0.01875
0 0.12037037037037036 0.4203125 0.12962962962962962 0.0265625
0 0.027777777777777776 0.440625 0.046296296296296294 0.0296875
0 0.9398148148148148 0.58828125 0.12037037037037036 0.0578125
0 0.14814814814814814 0.4765625 0.12962962962962962 0.028125
0 0.25925925925925924 0.4359375 0.1111111111111111 0.021875
0 0.5185185185185185 0.5125 0.1388888888888889 0.0296875
0 0.8425925925925926 0.5171875 0.1388888888888889 0.01875
0 0.23148148148148148 0.6109375 0.2037037037037037 0.0375
0 0.5833333333333334 0.6515625 0.16666666666666666 0.0296875
0 0.7592592592592593 0.6640625 0.12037037037037036 0.025
0 0.05555555555555555 0.6671875 0.1111111111111111 0.0390625
0 0.5092592592592593 0.753125 0.16666666666666666 0.0359375
0 0.8611111111111112 0.7375 0.18518518518518517 0.0296875
0 0.35185185185185186 0.7140625 0.1388888888888889 0.0296875
0 0.1111111111111111 0.8078125 0.16666666666666666 0.0359375
0 0.3611111111111111 0.9 0.3611111111111111 0.0625
0 0.5370370370370371 0.8140625 0.12962962962962962 0.025
0 0.3888888888888889 0.8 0.1388888888888889 0.0234375
0 0.3888888888888889 0.825 0.09259259259259259 0.01875
0 0.17592592592592593 0.8375 0.12037037037037036 0.01875
0 0.9490740740740741 0.78671875 0.10185185185185185 0.0296875
0 0.7777777777777778 0.76875 0.2037037037037037 0.021875
0 0.6759259259259259 0.8234375 0.1111111111111111 0.0203125
0 0.8518518518518519 0.9203125 0.24074074074074073 0.04375
0 0.8611111111111112 0.825 0.12037037037037036 0.0203125
0 0.9768518518518519 0.96953125 0.046296296296296294 0.0296875
0 0.7129629629629629 0.8796875 0.12037037037037036 0.0234375
0 0.08333333333333333 0.9890625 0.16666666666666666 0.021875
0 0.6759259259259259 0.9875 0.1111111111111111 0.0203125
0 0.9861111111111112 0.88359375 0.027777777777777776 0.0203125