0 0.7 0.01171875 0.6 0.0234375
0 0.6266666666666667 0.315625 0.13333333333333333 0.015625
0 0.44 0.5421875 0.21333333333333335 0.0234375
0 0.7733333333333333 0.63125 0.13333333333333333 0.0171875
0 0.8133333333333334 0.7109375 0.22666666666666666 0.0125
0 0.72 0.3765625 0.08 0.009375
0 0.6133333333333333 0.7484375 0.12 0.009375
0 0.68 0.9703125 0.10666666666666667 0.015625
0 0.94 0.51328125 0.12 0.0109375
0 0.5466666666666666 0.6078125 0.12 0.0109375
0 0.5466666666666666 0.7625 0.09333333333333334 0.0109375