0 0.9742268041237113 0.984375 0.05154639175257732 0.03125
0 0.41237113402061853 0.971875 0.20618556701030927 0.0203125
0 0.08247422680412371 0.6875 0.15463917525773196 0.1265625
0 0.5876288659793815 0.675 0.3711340206185567 0.0546875
0 0.30927835051546393 0.653125 0.31958762886597936 0.0421875
0 0.845360824742268 0.8171875 0.21649484536082475 0.025
0 0.7525773195876289 0.4875 0.16494845360824742 0.0265625
0 0.08247422680412371 0.828125 0.16494845360824742 0.03125
0 0.7319587628865979 0.7578125 0.15463917525773196 0.028125
0 0.711340206185567 0.71875 0.17525773195876287 0.025
0 0.845360824742268 0.6078125 0.28865979381443296 0.0421875
0 0.4639175257731959 0.575 0.1958762886597938 0.0234375
0 0.29896907216494845 0.3421875 0.26804123711340205 0.0546875
0 0.845360824742268 0.3953125 0.2268041237113402 0.0265625
0 0.28865979381443296 0.8859375 0.24742268041237114 0.028125
0 0.8969072164948454 0.778125 0.20618556701030927 0.03125
0 0.5154639175257731 0.94375 0.1134020618556701 0.0109375
0 0.25773195876288657 0.9859375 0.15463917525773196 0.0234375
0 0.3917525773195876 0.909375 0.1134020618556701 0.015625
0 0.8762886597938144 0.875 0.16494845360824742 0.0140625
0 0.16494845360824742 0.428125 0.08247422680412371 0.0125
0 0.422680412371134 0.3953125 0.14432989690721648 0.015625
0 0.6804123711340206 0.4421875 0.1134020618556701 0.025
0 0.8865979381443299 0.4375 0.16494845360824742 0.0203125
0 0.9536082474226805 0.6609375 0.09278350515463918 0.0125
0 0.9175257731958762 0.69375 0.10309278350515463 0.0265625
0 0.9123711340206185 0.31328125 0.17525773195876287 0.0328125
0 0.4742268041237113 0.2734375 0.18556701030927836 0.0203125
0 0.2268041237113402 0.2546875 0.1134020618556701 0.0109375
0 0.9948453608247423 0.19375 0.010309278350515464 0.3875
0 0.6082474226804123 0.1171875 0.4845360824742268 0.0421875
0 0.6288659793814433 0.009375 0.20618556701030927 0.0171875
0 0.8041237113402062 0.040625 0.21649484536082475 0.0265625
0 0.6391752577319587 0.071875 0.18556701030927836 0.0265625