0 0.5514705882352942 0.53203125 0.8970588235294118 0.1203125
0 0.5441176470588235 0.9109375 0.8529411764705882 0.1015625
0 0.9632352941176471 0.62109375 0.07352941176470588 0.0421875
0 0.27941176470588236 0.7984375 0.20588235294117646 0.021875
0 0.9779411764705882 0.13046875 0.04411764705882353 0.0359375
0 0.9044117647058824 0.24765625 0.19117647058823528 0.0453125
0 0.8602941176470589 0.20390625 0.27941176470588236 0.0265625
0 0.08823529411764706 0.1546875 0.16176470588235295 0.03125
0 0.04411764705882353 0.978125 0.07352941176470588 0.028125
0 0.7941176470588235 0.059375 0.29411764705882354 0.0203125
0 0.5588235294117647 0.140625 0.3382352941176471 0.0234375