0 0.7952380952380952 0.12578125 0.4095238095238095 0.0734375
0 0.6190476190476191 0.1984375 0.10476190476190476 0.0203125
0 0.34285714285714286 0.20625 0.08571428571428572 0.0203125
0 0.7047619047619048 0.278125 0.2571428571428571 0.040625
0 0.20952380952380953 0.346875 0.41904761904761906 0.19375
0 0.8476190476190476 0.4953125 0.3047619047619048 0.109375
0 0.7333333333333333 0.6203125 0.2571428571428571 0.0421875
0 0.13333333333333333 0.70625 0.23809523809523808 0.0359375
0 0.6190476190476191 0.43125 0.49523809523809526 0.0671875
0 0.6619047619047619 0.5890625 0.6761904761904762 0.45625
0 0.5523809523809524 0.9515625 0.8857142857142857 0.0953125