0 0.15454545454545454 0.0140625 0.1 0.0234375
0 0.17272727272727273 0.0640625 0.12727272727272726 0.0359375
0 0.5363636363636364 0.096875 0.11818181818181818 0.028125
0 0.7181818181818181 0.1125 0.16363636363636364 0.0296875
0 0.4 0.059375 0.18181818181818182 0.03125
0 0.9636363636363636 0.1140625 0.07272727272727272 0.040625
0 0.5818181818181818 0.25 0.2 0.0453125
0 0.6727272727272727 0.2 0.14545454545454545 0.025
0 0.38181818181818183 0.18125 0.11818181818181818 0.025
0 0.2636363636363636 0.39375 0.2 0.0484375
0 0.5272727272727272 0.3515625 0.15454545454545454 0.0375
0 0.8545454545454545 0.4484375 0.07272727272727272 0.0171875
0 0.11818181818181818 0.4484375 0.11818181818181818 0.025
0 0.02727272727272727 0.46875 0.045454545454545456 0.0265625
0 0.9090909090909091 0.60625 0.18181818181818182 0.053125
0 0.14545454545454545 0.5015625 0.11818181818181818 0.025
0 0.24545454545454545 0.4625 0.1 0.0203125
0 0.4909090909090909 0.5359375 0.12727272727272726 0.0265625
0 0.7818181818181819 0.5390625 0.12727272727272726 0.0171875
0 0.22727272727272727 0.628125 0.18181818181818182 0.034375
0 0.5454545454545454 0.665625 0.14545454545454545 0.0265625
0 0.7090909090909091 0.6765625 0.10909090909090909 0.0234375
0 0.05454545454545454 0.68125 0.10909090909090909 0.0359375
0 0.4818181818181818 0.7609375 0.14545454545454545 0.0328125
0 0.8 0.746875 0.16363636363636364 0.0265625
0 0.33636363636363636 0.725 0.12727272727272726 0.0265625
0 0.10909090909090909 0.8125 0.14545454545454545 0.0328125
0 0.33636363636363636 0.8984375 0.32727272727272727 0.0578125
0 0.509090909090909 0.8171875 0.11818181818181818 0.0234375
0 0.37272727272727274 0.8046875 0.12727272727272726 0.021875
0 0.37272727272727274 0.8296875 0.08181818181818182 0.0171875
0 0.16363636363636364 0.840625 0.10909090909090909 0.0171875
0 0.9090909090909091 0.7921875 0.12727272727272726 0.0265625
0 0.7272727272727273 0.775 0.18181818181818182 0.0203125
0 0.6272727272727273 0.8265625 0.1 0.01875
0 0.7909090909090909 0.9171875 0.21818181818181817 0.040625
0 0.8 0.828125 0.10909090909090909 0.01875
0 0.9454545454545454 0.965625 0.10909090909090909 0.0265625
0 0.6727272727272727 0.8796875 0.10909090909090909 0.021875
0 0.08181818181818182 0.9859375 0.15454545454545454 0.0265625
0 0.6272727272727273 0.98125 0.1 0.01875
0 0.9545454545454546 0.884375 0.09090909090909091 0.01875