0 0.21875 0.0125 0.34375 0.025
0 0.125 0.259375 0.234375 0.05
0 0.671875 0.2921875 0.578125 0.0671875
0 0.7265625 0.00859375 0.546875 0.0171875
0 0.375 0.1625 0.140625 0.028125
0 0.8203125 0.17890625 0.359375 0.0640625
0 0.03125 0.203125 0.0625 0.025
0 0.34375 0.23125 0.234375 0.01875
0 0.09375 0.553125 0.171875 0.0203125
0 0.8359375 0.59140625 0.328125 0.0421875
0 0.4375 0.346875 0.515625 0.021875
0 0.15625 0.403125 0.296875 0.0234375
0 0.140625 0.65 0.265625 0.015625
0 0.015625 0.746875 0.015625 0.021875
0 0.453125 0.7859375 0.5625 0.0265625
0 0.171875 0.9109375 0.3125 0.040625
0 0.5625 0.8859375 0.546875 0.0390625
0 0.484375 0.95 0.453125 0.0578125
0 0.265625 0.83125 0.359375 0.0359375
0 0.40625 0.6890625 0.234375 0.0265625