0 0.6029411764705882 0.3046875 0.5147058823529411 0.075
0 0.19117647058823528 0.7296875 0.36764705882352944 0.034375
0 0.6176470588235294 0.3765625 0.19117647058823528 0.0203125
0 0.45588235294117646 0.7796875 0.4264705882352941 0.03125
0 0.7352941176470589 0.4484375 0.14705882352941177 0.0171875
0 0.16176470588235295 0.6296875 0.3088235294117647 0.05
0 0.04411764705882353 0.20625 0.07352941176470588 0.0203125
0 0.25 0.1640625 0.29411764705882354 0.0265625
0 0.45588235294117646 0.2421875 0.11764705882352941 0.0125
0 0.07352941176470588 0.3984375 0.08823529411764706 0.009375
0 0.3382352941176471 0.359375 0.058823529411764705 0.0046875