0 0.44776119402985076 0.009375 0.582089552238806 0.0171875
0 0.7611940298507462 0.3328125 0.47761194029850745 0.0515625
0 0.07462686567164178 0.4796875 0.13432835820895522 0.05
0 0.47761194029850745 0.4078125 0.2537313432835821 0.025
0 0.6268656716417911 0.440625 0.2835820895522388 0.028125
0 0.1044776119402985 0.734375 0.19402985074626866 0.09375
0 0.2835820895522388 0.7796875 0.23880597014925373 0.0296875
0 0.7910447761194029 0.59375 0.19402985074626866 0.0140625
0 0.8208955223880597 0.93125 0.2835820895522388 0.01875
0 0.029850746268656716 0.3 0.04477611940298507 0.025
0 0.6119402985074627 0.284375 0.23880597014925373 0.0234375
0 0.4626865671641791 0.7421875 0.13432835820895522 0.0125
0 0.05970149253731343 0.834375 0.11940298507462686 0.009375
0 0.5373134328358209 0.2125 0.13432835820895522 0.0109375
0 0.44776119402985076 0.05 0.1791044776119403 0.0125
0 0.6268656716417911 0.11875 0.16417910447761194 0.021875
0 0.8656716417910447 0.1640625 0.22388059701492538 0.025
0 0.14925373134328357 0.2484375 0.208955223880597 0.0234375
0 0.3880597014925373 0.69375 0.08955223880597014 0.0140625