0 0.7564102564102564 0.1375 0.48717948717948717 0.084375
0 0.7692307692307693 0.01875 0.0641025641025641 0.0109375
0 0.15384615384615385 0.29375 0.0641025641025641 0.0078125
0 0.717948717948718 0.2640625 0.05128205128205128 0.00625
0 0.19230769230769232 0.1328125 0.07692307692307693 0.009375
0 0.4358974358974359 0.590625 0.10256410256410256 0.0140625
0 0.7051282051282052 0.5234375 0.0641025641025641 0.0109375
0 0.782051282051282 0.6203125 0.0641025641025641 0.009375
0 0.5897435897435898 0.775 0.10256410256410256 0.0125
0 0.11538461538461539 0.703125 0.05128205128205128 0.0078125
0 0.5384615384615384 0.8296875 0.0641025641025641 0.0078125