0 0.13846153846153847 0.1015625 0.26153846153846155 0.03125
0 0.6692307692307692 0.96484375 0.6615384615384615 0.0671875
0 0.8923076923076924 0.2390625 0.18461538461538463 0.0421875
0 0.5538461538461539 0.0046875 0.35384615384615387 0.0078125
0 0.15384615384615385 0.4453125 0.2923076923076923 0.0453125
0 0.8538461538461538 0.425 0.2923076923076923 0.1125
0 0.12307692307692308 0.8265625 0.24615384615384617 0.08125
0 0.8 0.815625 0.26153846153846155 0.034375
0 0.046153846153846156 0.6046875 0.09230769230769231 0.0203125
0 0.8692307692307693 0.590625 0.26153846153846155 0.059375
0 0.3076923076923077 0.2375 0.5692307692307692 0.084375
0 0.6153846153846154 0.825 0.09230769230769231 0.0140625