0 0.5735294117647058 0.821875 0.4852941176470588 0.0578125
0 0.5 0.175 0.35294117647058826 0.034375
0 0.5294117647058824 0.059375 0.20588235294117646 0.0140625
0 0.5 0.1375 0.29411764705882354 0.021875
0 0.36764705882352944 0.003125 0.22058823529411764 0.0046875
0 0.8676470588235294 0.1640625 0.23529411764705882 0.0328125
0 0.4852941176470588 0.478125 0.27941176470588236 0.0265625
0 0.11764705882352941 0.7671875 0.20588235294117646 0.03125
0 0.9191176470588235 0.978125 0.16176470588235295 0.028125
0 0.22058823529411764 0.33125 0.17647058823529413 0.0171875
0 0.10294117647058823 0.4453125 0.20588235294117646 0.0296875
0 0.3235294117647059 0.7171875 0.16176470588235295 0.0140625
0 0.8823529411764706 0.825 0.14705882352941177 0.015625
0 0.4852941176470588 0.9875 0.058823529411764705 0.0078125