0 0.7051282051282052 0.2421875 0.0641025641025641 0.009375
0 0.8461538461538461 0.26875 0.0641025641025641 0.0109375
0 0.5897435897435898 0.284375 0.0641025641025641 0.0078125
0 0.7564102564102564 0.325 0.07692307692307693 0.009375
0 0.5641025641025641 0.3453125 0.10256410256410256 0.0125
0 0.9102564102564102 0.35 0.10256410256410256 0.0109375
0 0.8717948717948718 0.4 0.11538461538461539 0.0109375
0 0.9102564102564102 0.3640625 0.0641025641025641 0.0109375
0 0.23076923076923078 0.396875 0.07692307692307693 0.0109375
0 0.358974358974359 0.3671875 0.05128205128205128 0.00625
0 0.41025641025641024 0.375 0.0641025641025641 0.0078125
0 0.2948717948717949 0.3390625 0.08974358974358974 0.0140625
0 0.14102564102564102 0.440625 0.08974358974358974 0.0203125
0 0.23076923076923078 0.4359375 0.05128205128205128 0.0109375
0 0.2692307692307692 0.4484375 0.05128205128205128 0.0078125
0 0.32051282051282054 0.434375 0.0641025641025641 0.009375
0 0.41025641025641024 0.4140625 0.05128205128205128 0.0109375
0 0.7051282051282052 0.3953125 0.0641025641025641 0.0125
0 0.4230769230769231 0.46875 0.08974358974358974 0.0109375
0 0.28205128205128205 0.4890625 0.07692307692307693 0.0109375
0 0.15384615384615385 0.50625 0.08974358974358974 0.0171875
0 0.8461538461538461 0.76875 0.08974358974358974 0.0125
0 0.3333333333333333 0.83125 0.08974358974358974 0.0109375
0 0.5512820512820513 0.83125 0.10256410256410256 0.0109375
0 0.8205128205128205 0.8015625 0.0641025641025641 0.0078125