0 0.6376811594202898 0.384375 0.7246376811594203 0.1296875
0 0.7608695652173914 0.29609375 0.4782608695652174 0.3203125
0 0.927536231884058 0.0390625 0.14492753623188406 0.0453125
0 0.782608695652174 0.065625 0.2463768115942029 0.0296875
0 0.5217391304347826 0.8375 0.18840579710144928 0.025
0 0.2608695652173913 0.6046875 0.391304347826087 0.0578125
0 0.5942028985507246 0.4859375 0.5072463768115942 0.0453125
0 0.057971014492753624 0.89375 0.10144927536231885 0.03125
0 0.9130434782608695 0.859375 0.14492753623188406 0.0109375
0 0.057971014492753624 0.7328125 0.08695652173913043 0.0265625
0 0.37681159420289856 0.0875 0.3188405797101449 0.0265625
0 0.7391304347826086 0.55 0.15942028985507245 0.0125
0 0.8115942028985508 0.584375 0.057971014492753624 0.00625
0 0.6521739130434783 0.56875 0.14492753623188406 0.0125
0 0.6086956521739131 0.6390625 0.11594202898550725 0.0125
0 0.6666666666666666 0.8078125 0.08695652173913043 0.009375