0 0.4074074074074074 0.1375 0.18518518518518517 0.0453125
0 0.10185185185185185 0.334375 0.19444444444444445 0.0359375
0 0.027777777777777776 0.478125 0.046296296296296294 0.0421875
0 0.6111111111111112 0.4015625 0.17592592592592593 0.040625
0 0.8240740740740741 0.4421875 0.17592592592592593 0.0390625
0 0.9212962962962963 0.50625 0.1574074074074074 0.05
0 0.9074074074074074 0.284375 0.1574074074074074 0.0328125
0 0.037037037037037035 0.5703125 0.06481481481481481 0.0203125
0 0.8148148148148148 0.5765625 0.10185185185185185 0.0203125
0 0.9768518518518519 0.68828125 0.046296296296296294 0.0234375
0 0.49074074074074076 0.8015625 0.1574074074074074 0.03125
0 0.14814814814814814 0.8765625 0.28703703703703703 0.0484375
0 0.37962962962962965 0.8890625 0.12962962962962962 0.0453125
0 0.9583333333333334 0.8296875 0.08333333333333333 0.01875
0 0.07407407407407407 0.7890625 0.12962962962962962 0.0234375
0 0.8425925925925926 0.971875 0.18518518518518517 0.0328125
0 0.39814814814814814 0.984375 0.1388888888888889 0.028125
0 0.6481481481481481 0.99375 0.2037037037037037 0.0125
0 0.8518518518518519 0.9953125 0.09259259259259259 0.0078125