0 0.8076923076923077 0.121875 0.17307692307692307 0.0234375
0 0.9663461538461539 0.04609375 0.0673076923076923 0.0265625
0 0.7644230769230769 0.19921875 0.47115384615384615 0.1296875
0 0.9807692307692307 0.46875 0.038461538461538464 0.1515625
0 0.7115384615384616 0.4640625 0.4326923076923077 0.1765625
0 0.9375 0.72421875 0.125 0.0296875
0 0.8365384615384616 0.7609375 0.15384615384615385 0.03125
0 0.6730769230769231 0.615625 0.15384615384615385 0.0375
0 0.9663461538461539 0.95859375 0.0673076923076923 0.0390625
0 0.5576923076923077 0.959375 0.14423076923076922 0.0375
0 0.9615384615384616 0.9078125 0.07692307692307693 0.046875
0 0.7259615384615384 0.7859375 0.5480769230769231 0.428125
0 0.9086538461538461 0.6578125 0.18269230769230768 0.034375
0 0.5865384615384616 0.74375 0.14423076923076922 0.0328125
0 0.5384615384615384 0.76875 0.11538461538461539 0.265625