0 0.5652173913043478 0.915625 0.2608695652173913 0.021875
0 0.9855072463768116 0.30625 0.014492753623188406 0.075
0 0.14492753623188406 0.4171875 0.2753623188405797 0.0453125
0 0.4927536231884058 0.4625 0.30434782608695654 0.028125
0 0.5942028985507246 0.3734375 0.2028985507246377 0.025
0 0.36231884057971014 0.0421875 0.15942028985507245 0.015625
0 0.18840579710144928 0.84375 0.2318840579710145 0.021875
0 0.2608695652173913 0.1765625 0.2463768115942029 0.015625
0 0.6231884057971014 0.8671875 0.17391304347826086 0.0125
0 0.21739130434782608 0.6375 0.36231884057971014 0.0390625
0 0.855072463768116 0.66875 0.2753623188405797 0.0171875
0 0.18840579710144928 0.8765625 0.18840579710144928 0.0203125
0 0.4492753623188406 0.0578125 0.07246376811594203 0.0078125
0 0.34782608695652173 0.109375 0.057971014492753624 0.0109375
0 0.7391304347826086 0.065625 0.2608695652173913 0.0265625
0 0.4927536231884058 0.3640625 0.11594202898550725 0.0140625
0 0.5362318840579711 0.840625 0.08695652173913043 0.009375