0 0.05555555555555555 0.0328125 0.10185185185185185 0.028125
0 0.6018518518518519 0.2140625 0.14814814814814814 0.046875
0 0.9861111111111112 0.2515625 0.027777777777777776 0.0375
0 0.5462962962962963 0.1609375 0.1388888888888889 0.0296875
0 0.5740740740740741 0.209375 0.7222222222222222 0.1640625
0 0.8287037037037037 0.5921875 0.3425925925925926 0.1375
0 0.1388888888888889 0.415625 0.2777777777777778 0.04375
0 0.25 0.34375 0.1111111111111111 0.01875
0 0.3055555555555556 0.365625 0.08333333333333333 0.015625
0 0.4074074074074074 0.3390625 0.12962962962962962 0.0203125
0 0.8425925925925926 0.34375 0.12962962962962962 0.0171875
0 0.9212962962962963 0.3796875 0.1574074074074074 0.078125
0 0.046296296296296294 0.3140625 0.09259259259259259 0.0453125
0 0.25925925925925924 0.0484375 0.18518518518518517 0.046875
0 0.5462962962962963 0.040625 0.25925925925925924 0.0515625
0 0.18518518518518517 0.596875 0.19444444444444445 0.0375
0 0.6851851851851852 0.4796875 0.21296296296296297 0.0421875
0 0.9166666666666666 0.5 0.10185185185185185 0.0234375
0 0.6944444444444444 0.5125 0.10185185185185185 0.01875
0 0.18518518518518517 0.5546875 0.1574074074074074 0.0296875
0 0.07407407407407407 0.5015625 0.14814814814814814 0.0578125
0 0.3888888888888889 0.446875 0.1574074074074074 0.03125
0 0.23148148148148148 0.6546875 0.21296296296296297 0.03125
0 0.4351851851851852 0.61875 0.12037037037037036 0.028125
0 0.018518518518518517 0.746875 0.027777777777777776 0.0359375
0 0.16666666666666666 0.784375 0.1388888888888889 0.03125
0 0.39814814814814814 0.703125 0.19444444444444445 0.040625
0 0.4722222222222222 0.8328125 0.2222222222222222 0.04375
0 0.9490740740740741 0.71171875 0.10185185185185185 0.0890625
0 0.6851851851851852 0.7375 0.32407407407407407 0.059375
0 0.9398148148148148 0.87734375 0.12037037037037036 0.0734375
0 0.027777777777777776 0.9171875 0.05555555555555555 0.1234375
0 0.7314814814814815 0.8171875 0.16666666666666666 0.028125
0 0.7962962962962963 0.9359375 0.16666666666666666 0.040625
0 0.6018518518518519 0.88125 0.17592592592592593 0.034375
0 0.3611111111111111 0.9515625 0.2037037037037037 0.0390625
0 0.3333333333333333 0.8796875 0.1388888888888889 0.0265625
0 0.28703703703703703 0.9125 0.12037037037037036 0.025
0 0.16666666666666666 0.990625 0.32407407407407407 0.0171875