0 0.859375 0.015625 0.28125 0.0234375
0 0.359375 0.1515625 0.234375 0.0296875
0 0.109375 0.0671875 0.203125 0.0234375
0 0.9453125 0.04609375 0.109375 0.0203125
0 0.984375 0.1640625 0.03125 0.01875
0 0.5625 0.2390625 0.265625 0.021875
0 0.109375 0.25625 0.21875 0.0171875
0 0.140625 0.2921875 0.265625 0.0203125
0 0.140625 0.328125 0.265625 0.0328125
0 0.796875 0.2890625 0.234375 0.01875
0 0.9609375 0.30546875 0.078125 0.0328125
0 0.140625 0.3703125 0.265625 0.015625
0 0.75 0.5109375 0.25 0.028125
0 0.109375 0.4546875 0.203125 0.0171875
0 0.4375 0.459375 0.21875 0.0140625
0 0.078125 0.5734375 0.140625 0.028125
0 0.984375 0.625 0.03125 0.0421875
0 0.515625 0.65 0.40625 0.0328125
0 0.046875 0.6921875 0.078125 0.021875
0 0.125 0.753125 0.234375 0.015625
0 0.25 0.7 0.140625 0.0140625
0 0.46875 0.7375 0.296875 0.0234375
0 0.984375 0.84375 0.03125 0.0296875
0 0.8359375 0.91640625 0.328125 0.0328125
0 0.203125 0.8921875 0.25 0.0140625
0 0.125 0.965625 0.234375 0.0203125
0 0.53125 0.996875 0.234375 0.00625
0 0.828125 0.890625 0.203125 0.01875