0 0.6865671641791045 0.9125 0.47761194029850745 0.0453125
0 0.08955223880597014 0.8375 0.1791044776119403 0.015625
0 0.7014925373134329 0.8328125 0.43283582089552236 0.0375
0 0.19402985074626866 0.553125 0.373134328358209 0.0984375
0 0.029850746268656716 0.784375 0.05970149253731343 0.0328125
0 0.7313432835820896 0.7765625 0.44776119402985076 0.03125
0 0.753731343283582 0.28203125 0.4925373134328358 0.0421875
0 0.029850746268656716 0.89375 0.04477611940298507 0.040625
0 0.7761194029850746 0.965625 0.34328358208955223 0.034375
0 0.8134328358208955 0.6375 0.373134328358209 0.040625
0 0.6268656716417911 0.68125 0.44776119402985076 0.0375