0 0.4696969696969697 0.2484375 0.7878787878787878 0.06875
0 0.75 0.35703125 0.5 0.0578125
0 0.8484848484848485 0.55625 0.30303030303030304 0.0515625
0 0.18181818181818182 0.628125 0.36363636363636365 0.0359375
0 0.8333333333333334 0.7296875 0.3333333333333333 0.0390625
0 0.6515151515151515 0.4265625 0.5606060606060606 0.046875
0 0.9015151515151515 0.45546875 0.19696969696969696 0.0421875
0 0.6590909090909091 0.909375 0.6818181818181818 0.04375
0 0.9242424242424242 0.9875 0.15151515151515152 0.025
0 0.3787878787878788 0.990625 0.25757575757575757 0.01875
0 0.25757575757575757 0.778125 0.13636363636363635 0.03125
0 0.25757575757575757 0.040625 0.45454545454545453 0.0375
0 0.06060606060606061 0.4109375 0.12121212121212122 0.01875
0 0.06060606060606061 0.5125 0.12121212121212122 0.01875
0 0.9772727272727273 0.81171875 0.045454545454545456 0.0234375
0 0.5909090909090909 0.7390625 0.15151515151515152 0.0171875