0 0.7692307692307693 0.9 0.09230769230769231 0.025
0 0.6461538461538462 0.571875 0.2 0.034375
0 0.9615384615384616 0.41796875 0.07692307692307693 0.0328125
0 0.046153846153846156 0.459375 0.07692307692307693 0.028125
0 0.15384615384615385 0.1828125 0.06153846153846154 0.0140625
0 0.36923076923076925 0.2328125 0.24615384615384617 0.0234375
0 0.9076923076923077 0.8359375 0.15384615384615385 0.015625
0 0.6461538461538462 0.153125 0.18461538461538463 0.075
0 0.27692307692307694 0.41875 0.24615384615384617 0.025
0 0.9461538461538461 0.16875 0.1076923076923077 0.071875
0 0.8615384615384616 0.3546875 0.26153846153846155 0.046875
0 0.9615384615384616 0.0421875 0.07692307692307693 0.025
0 0.9384615384615385 0.4 0.12307692307692308 0.0109375
0 0.47692307692307695 0.60625 0.12307692307692308 0.0109375