0 0.14666666666666667 0.865625 0.28 0.059375
0 0.6666666666666666 0.9796875 0.22666666666666666 0.028125
0 0.37333333333333335 0.5625 0.29333333333333333 0.028125
0 0.5733333333333334 0.615625 0.13333333333333333 0.01875
0 0.3466666666666667 0.621875 0.08 0.0203125
0 0.5066666666666667 0.659375 0.10666666666666667 0.0140625
0 0.6533333333333333 0.7421875 0.09333333333333334 0.0140625
0 0.02666666666666667 0.6625 0.04 0.0125
0 0.4 0.4375 0.49333333333333335 0.059375
0 0.4 0.8015625 0.8 0.0578125
0 0.2 0.9578125 0.3333333333333333 0.028125