0 0.07462686567164178 0.0015625 0.14925373134328357 0.003125
0 0.40298507462686567 0.0875 0.2835820895522388 0.0515625
0 0.9328358208955224 0.053125 0.13432835820895522 0.0375
0 0.5671641791044776 0.2421875 0.208955223880597 0.025
0 0.029850746268656716 0.1703125 0.04477611940298507 0.0171875
0 0.11940298507462686 0.696875 0.23880597014925373 0.0296875
0 0.8805970149253731 0.1390625 0.13432835820895522 0.009375
0 0.31343283582089554 0.1765625 0.14925373134328357 0.015625
0 0.8805970149253731 0.1921875 0.16417910447761194 0.015625
0 0.8507462686567164 0.284375 0.16417910447761194 0.0125
0 0.44776119402985076 0.509375 0.208955223880597 0.015625
0 0.9776119402985075 0.6109375 0.04477611940298507 0.015625
0 0.029850746268656716 0.6375 0.04477611940298507 0.0171875