0 0.5333333333333333 0.040625 0.06666666666666667 0.0203125
0 0.19047619047619047 0.034375 0.1523809523809524 0.0296875
0 0.7238095238095238 0.0796875 0.5523809523809524 0.1578125
0 0.009523809523809525 0.1671875 0.01904761904761905 0.0203125
0 0.2 0.20625 0.09523809523809523 0.021875
0 0.3904761904761905 0.215625 0.11428571428571428 0.0203125
0 0.7619047619047619 0.2890625 0.14285714285714285 0.0234375
0 0.21904761904761905 0.2875 0.2571428571428571 0.0421875
0 0.9333333333333333 0.2625 0.11428571428571428 0.0234375
0 0.2 0.35625 0.0761904761904762 0.0171875
0 0.3333333333333333 0.2421875 0.0761904761904762 0.015625
0 0.3047619047619048 0.1796875 0.08571428571428572 0.01875
0 0.5 0.75546875 1 0.4859375
0 0.09523809523809523 0.8953125 0.14285714285714285 0.034375
0 0.5 0.9046875 1 0.190625
0 0.5333333333333333 0.953125 0.08571428571428572 0.01875
0 0.9238095238095239 0.9921875 0.09523809523809523 0.015625