0 0.5 0.06640625 1 0.1328125
0 0.5 0.04765625 1 0.0953125
0 0.9428571428571428 0.4015625 0.10476190476190476 0.1015625
0 0.11428571428571428 0.7234375 0.22857142857142856 0.1171875
0 0.01904761904761905 0.4640625 0.0380952380952381 0.090625
0 0.3238095238095238 0.571875 0.37142857142857144 0.09375
0 0.9428571428571428 0.5984375 0.10476190476190476 0.0625
0 0.8571428571428571 0.490625 0.2857142857142857 0.1109375
0 0.29523809523809524 0.4765625 0.38095238095238093 0.06875
0 0.6095238095238096 0.234375 0.11428571428571428 0.0203125
0 0.2571428571428571 0.334375 0.09523809523809523 0.0203125
0 0.7238095238095238 0.7421875 0.5428571428571428 0.15625
0 0.5047619047619047 0.8875 0.5047619047619047 0.1203125
0 0.1523809523809524 0.9515625 0.29523809523809524 0.0859375
0 0.17142857142857143 0.98125 0.34285714285714286 0.0359375
0 0.8666666666666667 0.9734375 0.26666666666666666 0.0515625
0 0.6476190476190476 0.040625 0.12380952380952381 0.025
0 0.21904761904761905 0.290625 0.12380952380952381 0.0203125