0 0.10416666666666667 0.99375 0.20833333333333334 0.0125
0 0.3333333333333333 0.7640625 0.16666666666666666 0.04375
0 0.15625 0.9421875 0.17708333333333334 0.03125
0 0.041666666666666664 0.7078125 0.07291666666666667 0.0203125
0 0.020833333333333332 0.79375 0.03125 0.0328125
0 0.3333333333333333 0.909375 0.19791666666666666 0.021875
0 0.2916666666666667 0.4078125 0.17708333333333334 0.0171875
0 0.5625 0.471875 0.16666666666666666 0.01875
0 0.4479166666666667 0.5265625 0.16666666666666666 0.0078125
0 0.5104166666666666 0.5609375 0.11458333333333333 0.0171875
0 0.3333333333333333 0.5953125 0.16666666666666666 0.00625
0 0.19791666666666666 0.5046875 0.09375 0.021875
0 0.3333333333333333 0.6765625 0.08333333333333333 0.0203125
0 0.5625 0.8265625 0.052083333333333336 0.0171875
0 0.3333333333333333 0.196875 0.6666666666666666 0.39375
0 0.1875 0.15 0.13541666666666666 0.03125
0 0.28125 0.1296875 0.1875 0.009375