0 0.5913461538461539 0.0140625 0.8173076923076923 0.028125
0 0.36538461538461536 0.21875 0.5480769230769231 0.09375
0 0.5096153846153846 0.146875 0.20192307692307693 0.0296875
0 0.8173076923076923 0.484375 0.2403846153846154 0.0609375
0 0.3942307692307692 0.415625 0.14423076923076922 0.028125
0 0.46153846153846156 0.6078125 0.17307692307692307 0.0296875
0 0.009615384615384616 0.4953125 0.019230769230769232 0.028125
0 0.7596153846153846 0.8828125 0.125 0.03125
0 0.2980769230769231 0.884375 0.125 0.0234375
0 0.6826923076923077 0.8625 0.125 0.0234375
0 0.5961538461538461 0.9078125 0.6634615384615384 0.184375
0 0.8557692307692307 0.5734375 0.21153846153846154 0.10625
0 0.019230769230769232 0.5609375 0.038461538461538464 0.025
0 0.3942307692307692 0.5625 0.1346153846153846 0.0328125
0 0.5384615384615384 0.496875 0.9038461538461539 0.2609375
0 0.8173076923076923 0.1171875 0.34615384615384615 0.1203125
0 0.3076923076923077 0.1015625 0.6153846153846154 0.125
0 0.7692307692307693 0.728125 0.3557692307692308 0.1234375
0 0.3076923076923077 0.6875 0.1346153846153846 0.025
0 0.2692307692307692 0.4953125 0.11538461538461539 0.025
0 0.14423076923076922 0.3953125 0.11538461538461539 0.0296875
0 0.7980769230769231 0.4171875 0.27884615384615385 0.065625
0 0.6346153846153846 0.5390625 0.10576923076923077 0.028125
0 0.17307692307692307 0.8921875 0.33653846153846156 0.215625