0 0.9864864864864865 0.4241001564945227 0.02702702702702703 0.03442879499217527
0 0.9864864864864865 0.2378716744913928 0.02702702702702703 0.014084507042253521
0 0.527027027027027 0.2676056338028169 0.10810810810810811 0.010954616588419406
0 0.918918918918919 0.6134585289514867 0.10810810810810811 0.018779342723004695
0 0.9662162162162162 0.3137715179968701 0.06756756756756757 0.014084507042253521
0 0.9527027027027027 0.37871674491392804 0.0945945945945946 0.018779342723004695
0 0.7972972972972973 0.3755868544600939 0.12162162162162163 0.01564945226917058
0 0.22972972972972974 0.41471048513302033 0.22972972972972974 0.02034428794992175
0 0.6554054054054054 0.9773082942097027 0.6891891891891891 0.04538341158059468
0 0.2702702702702703 0.8278560250391236 0.17567567567567569 0.025039123630672927
0 0.6216216216216216 0.8967136150234741 0.1891891891891892 0.0297339593114241