0 0.10185185185185185 0.028125 0.2037037037037037 0.0546875
0 0.4722222222222222 0.003125 0.14814814814814814 0.00625
0 0.8148148148148148 0.1890625 0.1574074074074074 0.0453125
0 0.46296296296296297 0.0625 0.21296296296296297 0.05
0 0.6944444444444444 0.01875 0.2037037037037037 0.0375
0 0.49074074074074076 0.13125 0.14814814814814814 0.0328125
0 0.12962962962962962 0.1046875 0.17592592592592593 0.040625
0 0.3055555555555556 0.1640625 0.24074074074074073 0.034375
0 0.027777777777777776 0.2328125 0.05555555555555555 0.0375
0 0.1111111111111111 0.38125 0.2222222222222222 0.040625
0 0.5092592592592593 0.35625 0.19444444444444445 0.0359375
0 0.7777777777777778 0.365625 0.26851851851851855 0.1578125
0 0.3425925925925926 0.2359375 0.10185185185185185 0.0265625
0 0.046296296296296294 0.44375 0.09259259259259259 0.0625
0 0.14814814814814814 0.4984375 0.17592592592592593 0.0296875
0 0.19444444444444445 0.46875 0.1111111111111111 0.025
0 0.1574074074074074 0.796875 0.14814814814814814 0.028125
0 0.37962962962962965 0.7546875 0.12037037037037036 0.03125
0 0.37037037037037035 0.5859375 0.1388888888888889 0.0296875
0 0.6851851851851852 0.94375 0.19444444444444445 0.053125