0 0.030303030303030304 0.3578125 0.045454545454545456 0.0578125
0 0.045454545454545456 0.7296875 0.09090909090909091 0.0390625
0 0.2727272727272727 0.6859375 0.48484848484848486 0.040625
0 0.7878787878787878 0.25625 0.3484848484848485 0.046875
0 0.3939393939393939 0.3609375 0.2727272727272727 0.0390625
0 0.48484848484848486 0.428125 0.6212121212121212 0.0640625
0 0.06060606060606061 0.45625 0.12121212121212122 0.0421875
0 0.12121212121212122 0.909375 0.24242424242424243 0.04375
0 0.24242424242424243 0.9359375 0.045454545454545456 0.003125
0 0.16666666666666666 0.9875 0.3333333333333333 0.025
0 0.22727272727272727 0.0578125 0.19696969696969696 0.0140625
0 0.6818181818181818 0.1109375 0.2727272727272727 0.021875
0 0.07575757575757576 0.8125 0.13636363636363635 0.0234375
0 0.45454545454545453 0.3328125 0.22727272727272727 0.0125