0 0.8088235294117647 0.521875 0.38235294117647056 0.03125
0 0.9779411764705882 0.13125 0.04411764705882353 0.04375
0 0.6911764705882353 0.3859375 0.3088235294117647 0.01875
0 0.8823529411764706 0.321875 0.22058823529411764 0.01875
0 0.8014705882352942 0.80546875 0.39705882352941174 0.0453125
0 0.5882352941176471 0.9453125 0.3088235294117647 0.028125
0 0.029411764705882353 0.38125 0.058823529411764705 0.021875
0 0.45588235294117646 0.4375 0.25 0.0171875
0 0.4411764705882353 0.7453125 0.17647058823529413 0.025
0 0.7058823529411765 0.140625 0.20588235294117646 0.015625
0 0.9044117647058824 0.1953125 0.19117647058823528 0.025
0 0.3382352941176471 0.025 0.1323529411764706 0.0140625
0 0.17647058823529413 0.090625 0.27941176470588236 0.0125
0 0.04411764705882353 0.3484375 0.07352941176470588 0.015625
0 0.9779411764705882 0.46640625 0.04411764705882353 0.0140625
0 0.5441176470588235 0.078125 0.20588235294117646 0.0171875
0 0.4411764705882353 0.16875 0.14705882352941177 0.015625
0 0.9779411764705882 0.75546875 0.04411764705882353 0.0203125
0 0.5147058823529411 0.1953125 0.07352941176470588 0.0078125
0 0.7941176470588235 0.35625 0.11764705882352941 0.0125
0 0.1323529411764706 0.565625 0.2647058823529412 0.0875
0 0.04411764705882353 0.759375 0.08823529411764706 0.0125