0 0.20270270270270271 0.053208137715179966 0.2972972972972973 0.0297339593114241
0 0.4189189189189189 0.13928012519561817 0.3918918918918919 0.06259780907668232
0 0.8378378378378378 0.050078247261345854 0.32432432432432434 0.03755868544600939
0 0.6891891891891891 0.23630672926447574 0.33783783783783783 0.03912363067292645
0 0.5 0.6118935837245696 1 0.20031298904538342
0 0.0945945945945946 0.352112676056338 0.1891891891891892 0.03129890453834116
0 0.3783783783783784 0.7417840375586855 0.22972972972972974 0.0297339593114241
0 0.8378378378378378 0.8935837245696401 0.22972972972972974 0.018779342723004695
0 0.6216216216216216 0.8153364632237872 0.12162162162162163 0.025039123630672927
0 0.9932432432432432 0.8004694835680751 0.013513513513513514 0.010954616588419406
0 0.6351351351351351 0.7824726134585289 0.16216216216216217 0.014084507042253521
0 0.08108108108108109 0.7715179968701096 0.14864864864864866 0.018779342723004695
0 0.20270270270270271 0.8826291079812206 0.20270270270270271 0.028169014084507043
0 0.581081081081081 0.86697965571205 0.17567567567567569 0.018779342723004695
0 0.8918918918918919 0.9405320813771518 0.20270270270270271 0.01564945226917058
0 0.02702702702702703 0.7918622848200313 0.04054054054054054 0.017214397496087636
0 0.8445945945945946 0.9913928012519562 0.3108108108108108 0.017214397496087636