0 0.041666666666666664 0.05625 0.08333333333333333 0.0265625
0 0.8333333333333334 0.2234375 0.3333333333333333 0.025
0 0.3472222222222222 0.2359375 0.2361111111111111 0.0234375
0 0.4027777777777778 0.3046875 0.2361111111111111 0.0265625
0 0.5833333333333334 0.4234375 0.16666666666666666 0.034375
0 0.19444444444444445 0.60625 0.25 0.0296875
0 0.5138888888888888 0.5171875 0.2361111111111111 0.0265625
0 0.06944444444444445 0.3859375 0.1388888888888889 0.0234375
0 0.06944444444444445 0.425 0.125 0.0140625
0 0.19444444444444445 0.9640625 0.20833333333333334 0.0171875
0 0.3333333333333333 0.9859375 0.2361111111111111 0.0171875
0 0.4444444444444444 0.85 0.19444444444444445 0.021875
0 0.6944444444444444 0.553125 0.2361111111111111 0.01875
0 0.8611111111111112 0.5984375 0.1111111111111111 0.0203125
0 0.8194444444444444 0.7484375 0.3472222222222222 0.0328125
0 0.9027777777777778 0.790625 0.1388888888888889 0.0203125