0 0.11650485436893204 0.0390625 0.22330097087378642 0.04375
0 0.6893203883495146 0.1765625 0.1941747572815534 0.0328125
0 0.9660194174757282 0.26953125 0.06796116504854369 0.1640625
0 0.39805825242718446 0.2234375 0.22330097087378642 0.0421875
0 0.1553398058252427 0.3765625 0.1262135922330097 0.0234375
0 0.39805825242718446 0.3890625 0.1262135922330097 0.0234375
0 0.7572815533980582 0.3109375 0.11650485436893204 0.021875
0 0.2815533980582524 0.4640625 0.14563106796116504 0.028125
0 0.6310679611650486 0.4015625 0.11650485436893204 0.0265625
0 0.2912621359223301 0.3296875 0.14563106796116504 0.0265625
0 0.5339805825242718 0.9328125 0.6796116504854369 0.134375
0 0.6213592233009708 0.634375 0.2912621359223301 0.0703125
0 0.4854368932038835 0.715625 0.1650485436893204 0.0359375
0 0.1553398058252427 0.1796875 0.21359223300970873 0.0875
0 0.7281553398058253 0.0078125 0.10679611650485436 0.0140625
0 0.39805825242718446 0.071875 0.17475728155339806 0.0265625
0 0.1262135922330097 0.4953125 0.11650485436893204 0.021875
0 0.9563106796116505 0.52734375 0.08737864077669903 0.0578125
0 0.04854368932038835 0.621875 0.0970873786407767 0.028125
0 0.32038834951456313 0.7921875 0.11650485436893204 0.021875
0 0.5631067961165048 0.921875 0.08737864077669903 0.028125