0 0.7972972972972973 0.025 0.25675675675675674 0.034375
0 0.6621621621621622 0.0734375 0.28378378378378377 0.034375
0 0.8378378378378378 0.2109375 0.2702702702702703 0.0328125
0 0.7567567567567568 0.109375 0.2972972972972973 0.0296875
0 0.5405405405405406 0.240625 0.14864864864864866 0.0359375
0 0.7432432432432432 0.5953125 0.5135135135135135 0.1875
0 0.5945945945945946 0.3015625 0.1891891891891892 0.0265625
0 0.5945945945945946 0.340625 0.10810810810810811 0.0296875
0 0.6351351351351351 0.734375 0.28378378378378377 0.0375
0 0.7567567567567568 0.8609375 0.16216216216216217 0.021875
0 0.6756756756756757 0.8234375 0.16216216216216217 0.0140625
0 0.9324324324324325 0.7953125 0.12162162162162163 0.015625
0 0.9459459459459459 0.7625 0.10810810810810811 0.015625
0 0.6351351351351351 0.9171875 0.21621621621621623 0.034375