0 0.41818181818181815 0.025 0.16363636363636364 0.0484375
0 0.6 0.05 0.19090909090909092 0.0609375
0 0.4090909090909091 0.128125 0.14545454545454545 0.025
0 0.03636363636363636 0.1140625 0.06363636363636363 0.040625
0 0.16363636363636364 0.253125 0.11818181818181818 0.0234375
0 0.37272727272727274 0.38125 0.33636363636363636 0.0453125
0 0.2 0.453125 0.19090909090909092 0.034375
0 0.03636363636363636 0.60625 0.07272727272727272 0.053125
0 0.44545454545454544 0.515625 0.2 0.040625
0 0.5181818181818182 0.6640625 0.19090909090909092 0.0515625
0 0.5636363636363636 0.565625 0.13636363636363635 0.0484375
0 0.10909090909090909 0.71875 0.18181818181818182 0.0390625
0 0.39090909090909093 0.7359375 0.24545454545454545 0.0453125
0 0.33636363636363636 0.69375 0.14545454545454545 0.034375
0 0.4636363636363636 0.7984375 0.11818181818181818 0.0296875
0 0.13636363636363635 0.88125 0.22727272727272727 0.040625
0 0.4 0.859375 0.2545454545454545 0.0375
0 0.00909090909090909 0.965625 0.01818181818181818 0.0265625
0 0.33636363636363636 0.9296875 0.15454545454545454 0.028125
0 0.5272727272727272 0.9234375 0.12727272727272726 0.0390625
0 0.5363636363636364 0.9734375 0.11818181818181818 0.0515625