0 0.3142857142857143 0.021875 0.2 0.03125
0 0.35714285714285715 0.3484375 0.42857142857142855 0.0515625
0 0.07142857142857142 0.34375 0.12857142857142856 0.0328125
0 0.6285714285714286 0.1921875 0.15714285714285714 0.0359375
0 0.8142857142857143 0.9875 0.24285714285714285 0.025
0 0.5142857142857142 0.8703125 0.34285714285714286 0.0328125
0 0.2714285714285714 0.8734375 0.34285714285714286 0.0203125
0 0.11428571428571428 0.6609375 0.21428571428571427 0.021875
0 0.11428571428571428 0.484375 0.2 0.028125
0 0.9 0.6703125 0.18571428571428572 0.0296875
0 0.7857142857142857 0.21875 0.22857142857142856 0.0296875