0 0.7972972972972973 0.121875 0.17567567567567569 0.025
0 0.013513513513513514 0.1859375 0.02702702702702703 0.0265625
0 0.8378378378378378 0.3234375 0.13513513513513514 0.0171875
0 0.5405405405405406 0.4953125 0.6216216216216216 0.06875
0 0.972972972972973 0.359375 0.04054054054054054 0.0234375
0 0.6756756756756757 0.4296875 0.1891891891891892 0.025
0 0.10810810810810811 0.3828125 0.21621621621621623 0.0328125
0 0.43243243243243246 0.378125 0.1891891891891892 0.0265625
0 0.0945945945945946 0.6828125 0.1891891891891892 0.0453125
0 0.5540540540540541 0.6765625 0.2702702702702703 0.0390625
0 0.8243243243243243 0.78125 0.2702702702702703 0.0390625
0 0.8378378378378378 0.6265625 0.32432432432432434 0.0390625
0 0.6081081081081081 0.584375 0.2702702702702703 0.034375
0 0.21621621621621623 0.9359375 0.17567567567567569 0.021875
0 0.10810810810810811 0.7734375 0.20270270270270271 0.0328125
0 0.05405405405405406 0.5203125 0.10810810810810811 0.0546875
0 0.3108108108108108 0.2453125 0.20270270270270271 0.0375
0 0.16216216216216217 0.271875 0.12162162162162163 0.0203125
0 0.972972972972973 0.0109375 0.04054054054054054 0.021875
0 0.972972972972973 0.9625 0.05405405405405406 0.021875
0 0.8783783783783784 0.9 0.20270270270270271 0.03125
0 0.5675675675675675 0.8453125 0.24324324324324326 0.03125
0 0.0945945945945946 0.8765625 0.17567567567567569 0.03125