0 0.625 0.275 0.4807692307692308 0.15
0 0.8317307692307693 0.22421875 0.33653846153846156 0.1265625
0 0.9423076923076923 0.015625 0.11538461538461539 0.0296875
0 0.5480769230769231 0.44375 0.5384615384615384 0.1421875
0 0.8461538461538461 0.4484375 0.2692307692307692 0.0578125
0 0.9134615384615384 0.55 0.16346153846153846 0.0453125
0 0.6538461538461539 0.7765625 0.21153846153846154 0.04375
0 0.6923076923076923 0.578125 0.19230769230769232 0.0421875
0 0.41346153846153844 0.7734375 0.14423076923076922 0.0328125
0 0.8557692307692307 0.7703125 0.125 0.0234375
0 0.7548076923076923 0.44296875 0.49038461538461536 0.2515625
0 0.5288461538461539 0.653125 0.3076923076923077 0.0921875
0 0.9663461538461539 0.64140625 0.0673076923076923 0.0734375
0 0.46153846153846156 0.9484375 0.36538461538461536 0.103125
0 0.7596153846153846 0.8546875 0.21153846153846154 0.0609375
0 0.8653846153846154 0.96875 0.2692307692307692 0.0546875