0 0.5 0.01171875 1 0.0234375
0 0.28 0.3671875 0.3466666666666667 0.05625
0 0.5866666666666667 0.6390625 0.13333333333333333 0.0203125
0 0.64 0.9578125 0.14666666666666667 0.0125
0 0.9933333333333333 0.91796875 0.013333333333333334 0.0140625
0 0.22666666666666666 0.4484375 0.16 0.009375
0 0.68 0.5078125 0.10666666666666667 0.0109375
0 0.5333333333333333 0.8203125 0.16 0.01875
0 0.84 0.2390625 0.08 0.0109375
0 0.6 0.36875 0.14666666666666667 0.0203125
0 0.02666666666666667 0.5140625 0.05333333333333334 0.0109375
0 0.26666666666666666 0.9828125 0.08 0.0234375
0 0.49333333333333335 0.09375 0.18666666666666668 0.0171875