0 0.1282051282051282 0.0078125 0.11538461538461539 0.0140625
0 0.34615384615384615 0.3 0.07692307692307693 0.0125
0 0.20512820512820512 0.275 0.07692307692307693 0.0109375
0 0.8461538461538461 0.6546875 0.0641025641025641 0.009375
0 0.6923076923076923 0.634375 0.038461538461538464 0.00625
0 0.8333333333333334 0.678125 0.05128205128205128 0.009375
0 0.6410256410256411 0.50625 0.0641025641025641 0.0078125
0 0.23076923076923078 0.51875 0.05128205128205128 0.0078125
0 0.9807692307692307 0.77421875 0.038461538461538464 0.0109375
0 0.07692307692307693 0.6890625 0.0641025641025641 0.0109375
0 0.6282051282051282 0.9359375 0.2564102564102564 0.03125
0 0.8717948717948718 0.946875 0.0641025641025641 0.0078125
0 0.8974358974358975 0.9578125 0.05128205128205128 0.00625
0 0.38461538461538464 0.996875 0.05128205128205128 0.00625
0 0.5897435897435898 0.9953125 0.05128205128205128 0.00625