0 0.45588235294117646 0.3265625 0.25 0.028125
0 0.7205882352941176 0.4921875 0.29411764705882354 0.01875
0 0.5294117647058824 0.4515625 0.2647058823529412 0.021875
0 0.014705882352941176 0.3234375 0.014705882352941176 0.03125
0 0.20588235294117646 0.8375 0.39705882352941174 0.1078125
0 0.10294117647058823 0.934375 0.20588235294117646 0.0171875
0 0.22058823529411764 0.3328125 0.07352941176470588 0.015625
0 0.8235294117647058 0.3640625 0.2647058823529412 0.0171875
0 0.4264705882352941 0.0390625 0.19117647058823528 0.0203125
0 0.6764705882352942 0.7359375 0.17647058823529413 0.01875
0 0.1323529411764706 0.1765625 0.2647058823529412 0.1640625
0 0.36764705882352944 0.2828125 0.08823529411764706 0.009375
0 0.14705882352941177 0.69375 0.08823529411764706 0.0078125