0 0.1791044776119403 0.6828125 0.22388059701492538 0.03125
0 0.14925373134328357 0.86875 0.2537313432835821 0.021875
0 0.7761194029850746 0.85625 0.22388059701492538 0.0265625
0 0.7313432835820896 0.296875 0.14925373134328357 0.0171875
0 0.16417910447761194 0.2984375 0.31343283582089554 0.0109375
0 0.1044776119402985 0.415625 0.19402985074626866 0.0421875
0 0.7611940298507462 0.88125 0.23880597014925373 0.015625
0 0.26865671641791045 0.903125 0.16417910447761194 0.0109375
0 0.373134328358209 0.9625 0.1791044776119403 0.01875
0 0.11940298507462686 0.7703125 0.22388059701492538 0.0171875
0 0.9626865671641791 0.2328125 0.07462686567164178 0.01875
0 0.16417910447761194 0.259375 0.31343283582089554 0.0171875
0 0.029850746268656716 0.025 0.05970149253731343 0.01875
0 0.5522388059701493 0.1421875 0.23880597014925373 0.0203125
0 0.5223880597014925 0.253125 0.08955223880597014 0.0109375
0 0.5970149253731343 0.2640625 0.13432835820895522 0.00625
0 0.05970149253731343 0.3765625 0.11940298507462686 0.0125