0 0.19444444444444445 0.109375 0.3888888888888889 0.0421875
0 0.18055555555555555 0.171875 0.3611111111111111 0.0484375
0 0.9236111111111112 0.21171875 0.1527777777777778 0.0390625
0 0.4027777777777778 0.140625 0.3611111111111111 0.0328125
0 0.8888888888888888 0.1703125 0.20833333333333334 0.0296875
0 0.6111111111111112 0.1734375 0.3888888888888889 0.0390625
0 0.09722222222222222 0.2515625 0.19444444444444445 0.0375
0 0.027777777777777776 0.503125 0.041666666666666664 0.0375
0 0.9930555555555556 0.44765625 0.013888888888888888 0.0484375
0 0.8819444444444444 0.26640625 0.2361111111111111 0.0265625
0 0.8958333333333334 0.3 0.20833333333333334 0.025
0 0.1388888888888889 0.9046875 0.2638888888888889 0.0421875
0 0.05555555555555555 0.70625 0.1111111111111111 0.0265625
0 0.4444444444444444 0.8453125 0.2361111111111111 0.0328125
0 0.125 0.8640625 0.2361111111111111 0.0359375
0 0.6111111111111112 0.9375 0.2777777777777778 0.0453125
0 0.8263888888888888 0.603125 0.3472222222222222 0.03125
0 0.25 0.9984375 0.2638888888888889 0.003125
0 0.027777777777777776 0.4375 0.05555555555555555 0.0234375
0 0.4861111111111111 0.228125 0.2777777777777778 0.0234375
0 0.7916666666666666 0.128125 0.2361111111111111 0.028125
0 0.9930555555555556 0.925 0.013888888888888888 0.021875
0 0.4722222222222222 0.003125 0.18055555555555555 0.00625
0 0.041666666666666664 0.3125 0.08333333333333333 0.028125
0 0.6527777777777778 0.55625 0.2777777777777778 0.0265625
0 0.7361111111111112 0.5015625 0.125 0.021875
0 0.6805555555555556 0.35 0.25 0.03125
0 0.8888888888888888 0.371875 0.2222222222222222 0.0359375
0 0.16666666666666666 0.5609375 0.1527777777777778 0.028125
0 0.7361111111111112 0.653125 0.2222222222222222 0.01875