0 0.8108108108108109 0.010954616588419406 0.28378378378378377 0.02034428794992175
0 0.6621621621621622 0.054773082942097026 0.3108108108108108 0.03755868544600939
0 0.8513513513513513 0.20187793427230047 0.2972972972972973 0.03599374021909233
0 0.7702702702702703 0.09233176838810642 0.32432432432432434 0.03286384976525822
0 0.5405405405405406 0.23317683881064163 0.16216216216216217 0.03912363067292645
0 0.7364864864864865 0.6118935837245696 0.527027027027027 0.20031298904538342
0 0.5945945945945946 0.29890453834115804 0.20270270270270271 0.0297339593114241
0 0.5945945945945946 0.3411580594679186 0.12162162162162163 0.03286384976525822
0 0.6351351351351351 0.7621283255086072 0.3108108108108108 0.0406885758998435
0 0.7702702702702703 0.8967136150234741 0.17567567567567569 0.023474178403755867
0 0.6756756756756757 0.8560250391236307 0.17567567567567569 0.01564945226917058
0 0.9391891891891891 0.8255086071987481 0.12162162162162163 0.017214397496087636
0 0.9527027027027027 0.7910798122065728 0.0945945945945946 0.017214397496087636
0 0.6486486486486487 0.9561815336463224 0.24324324324324326 0.03755868544600939