0 0.45714285714285713 0.41875 0.9047619047619048 0.2625
0 0.8095238095238095 0.2203125 0.3523809523809524 0.0703125
0 0.8571428571428571 0.15 0.2857142857142857 0.0578125
0 0.1523809523809524 0.7875 0.2571428571428571 0.046875
0 0.8238095238095238 0.75859375 0.3523809523809524 0.0671875
0 0.3238095238095238 0.6234375 0.10476190476190476 0.021875
0 0.22857142857142856 0.628125 0.45714285714285713 0.090625
0 0.05714285714285714 0.5890625 0.11428571428571428 0.078125
0 0.05714285714285714 0.2578125 0.11428571428571428 0.103125
0 0.7333333333333333 0.8828125 0.5333333333333333 0.1109375
0 0.2 0.8390625 0.3904761904761905 0.059375
0 0.6285714285714286 0.9609375 0.3619047619047619 0.0640625
0 0.5714285714285714 0.7 0.2857142857142857 0.0546875
0 0.5 0.99453125 1 0.0078125