0 0.9615384615384616 0.1015625 0.07692307692307693 0.03125
0 0.6615384615384615 0.059375 0.23076923076923078 0.028125
0 0.015384615384615385 0.7875 0.03076923076923077 0.0640625
0 0.49230769230769234 0.4921875 0.4 0.0671875
0 0.9923076923076923 0.44453125 0.015384615384615385 0.0453125
0 0.9615384615384616 0.8265625 0.07692307692307693 0.08125
0 0.3384615384615385 0.4203125 0.24615384615384617 0.01875
0 0.06153846153846154 0.4015625 0.1076923076923077 0.021875
0 0.9769230769230769 0.60390625 0.046153846153846156 0.0203125
0 0.4153846153846154 0.9 0.23076923076923078 0.0171875
0 0.015384615384615385 0.1125 0.015384615384615385 0.0234375
0 0.6153846153846154 0.29375 0.2153846153846154 0.0328125
0 0.13846153846153847 0.23125 0.26153846153846155 0.05
0 0.6615384615384615 0.6921875 0.16923076923076924 0.0125
0 0.36923076923076925 0.859375 0.13846153846153847 0.0203125
0 0.47692307692307695 0.1828125 0.2 0.015625
0 0.5384615384615384 0.1390625 0.15384615384615385 0.01875
0 0.1076923076923077 0.0359375 0.2 0.0515625
0 0.3384615384615385 0.290625 0.23076923076923078 0.025
0 0.13846153846153847 0.1640625 0.26153846153846155 0.05
0 0.2923076923076923 0.1046875 0.15384615384615385 0.0078125
0 0.8846153846153846 0.7578125 0.23076923076923078 0.034375
0 0.7846153846153846 0.996875 0.23076923076923078 0.0046875