0 0.3670886075949367 0.0171875 0.13924050632911392 0.0171875
0 0.4430379746835443 0.0578125 0.13924050632911392 0.0203125
0 0.26582278481012656 0.1625 0.24050632911392406 0.025
0 0.45569620253164556 0.234375 0.12658227848101267 0.0171875
0 0.02531645569620253 0.3953125 0.0379746835443038 0.009375
0 0.759493670886076 0.421875 0.10126582278481013 0.0109375
0 0.9240506329113924 0.321875 0.13924050632911392 0.04375
0 0.9240506329113924 0.2328125 0.11392405063291139 0.0375
0 0.5189873417721519 0.521875 0.08860759493670886 0.0140625
0 0.5443037974683544 0.74375 0.13924050632911392 0.01875
0 0.6962025316455697 0.8765625 0.11392405063291139 0.01875
0 0.0759493670886076 0.8109375 0.08860759493670886 0.0109375
0 0.5063291139240507 0.6203125 0.06329113924050633 0.0109375
0 0.7974683544303798 0.58125 0.06329113924050633 0.009375
0 0.6582278481012658 0.2953125 0.1518987341772152 0.0265625
0 0.4050632911392405 0.99375 0.12658227848101267 0.0125
0 0.08860759493670886 0.671875 0.0759493670886076 0.009375