0 0.1553398058252427 0.5640625 0.30097087378640774 0.1390625
0 0.1262135922330097 0.421875 0.2524271844660194 0.121875
0 0.5145631067961165 0.465625 0.7475728155339806 0.115625
0 0.39805825242718446 0.3296875 0.6699029126213593 0.096875
0 0.24271844660194175 0.296875 0.17475728155339806 0.0453125
0 0.1262135922330097 0.01875 0.18446601941747573 0.0359375
0 0.42718446601941745 0.659375 0.44660194174757284 0.0859375
0 0.21359223300970873 0.1578125 0.42718446601941745 0.2015625
0 0.6019417475728155 0.7703125 0.44660194174757284 0.0953125
0 0.9320388349514563 0.6390625 0.13592233009708737 0.071875
0 0.04854368932038835 0.9515625 0.0970873786407767 0.096875
0 0.8446601941747572 0.85625 0.3106796116504854 0.1453125
0 0.7427184466019418 0.97578125 0.5145631067961165 0.0453125
0 0.9902912621359223 0.5125 0.009708737864077669 0.0265625
0 0.9563106796116505 0.24375 0.08737864077669903 0.015625
0 0.8932038834951457 0.19375 0.07766990291262135 0.015625