0 0.9307692307692308 0.98984375 0.13846153846153847 0.0171875
0 0.15384615384615385 0.64375 0.2923076923076923 0.0328125
0 0.13846153846153847 0.9328125 0.15384615384615385 0.015625
0 0.07692307692307693 0.4125 0.15384615384615385 0.0171875
0 0.5692307692307692 0.4625 0.2153846153846154 0.0171875
0 0.46153846153846156 0.565625 0.2 0.0171875
0 0.09230769230769231 0.1578125 0.16923076923076924 0.05
0 0.015384615384615385 0.0171875 0.03076923076923077 0.0171875
0 0.1076923076923077 0.89375 0.16923076923076924 0.01875
0 0.5384615384615384 0.265625 0.5384615384615384 0.028125
0 0.8076923076923077 0.31875 0.38461538461538464 0.03125
0 0.9615384615384616 0.40703125 0.07692307692307693 0.0453125
0 0.9769230769230769 0.03984375 0.046153846153846156 0.0609375
0 0.676923076923077 0.1453125 0.06153846153846154 0.0140625
0 0.4307692307692308 0.0375 0.12307692307692308 0.0296875
0 0.9 0.25859375 0.2 0.0296875
0 0.015384615384615385 0.0015625 0.015384615384615385 0.003125
0 0.38461538461538464 0.18125 0.15384615384615385 0.0140625
0 0.8153846153846154 0.1796875 0.24615384615384617 0.0140625
0 0.7846153846153846 0.0921875 0.2153846153846154 0.0140625
0 0.7692307692307693 0.509375 0.24615384615384617 0.0234375
0 0.13846153846153847 0.48125 0.26153846153846155 0.0515625