0 0.08943089430894309 0.05 0.17073170731707318 0.0484375
0 0.15447154471544716 0.1078125 0.16260162601626016 0.034375
0 0.18699186991869918 0.1859375 0.12195121951219512 0.03125
0 0.8861788617886179 0.1609375 0.21951219512195122 0.040625
0 0.44715447154471544 0.1015625 0.2682926829268293 0.0796875
0 0.5 0.1703125 1 0.340625
0 0.22764227642276422 0.3796875 0.24390243902439024 0.046875
0 0.991869918699187 0.2359375 0.016260162601626018 0.2796875
0 0.9105691056910569 0.36875 0.17886178861788618 0.04375
0 0.43089430894308944 0.515625 0.21951219512195122 0.0453125
0 0.943089430894309 0.515625 0.11382113821138211 0.0421875
0 0.3902439024390244 0.428125 0.16260162601626016 0.03125
0 0.3902439024390244 0.6484375 0.2601626016260163 0.0515625
0 0.8252032520325203 0.64453125 0.34959349593495936 0.0984375
0 0.07317073170731707 0.921875 0.13821138211382114 0.15625
0 0.43902439024390244 0.7546875 0.25203252032520324 0.0734375
0 0.23577235772357724 0.6890625 0.4634146341463415 0.1484375