0 0.6357142857142857 0.04375 0.7285714285714285 0.0875
0 0.34285714285714286 0.6984375 0.6714285714285714 0.08125
0 0.9642857142857143 0.84921875 0.07142857142857142 0.0203125
0 0.8142857142857143 0.8015625 0.21428571428571427 0.0296875
0 0.4857142857142857 0.8046875 0.17142857142857143 0.015625
0 0.6571428571428571 0.2578125 0.24285714285714285 0.0296875
0 0.2714285714285714 0.25625 0.15714285714285714 0.0203125
0 0.12857142857142856 0.1703125 0.2571428571428571 0.0046875
0 0.9928571428571429 0.15703125 0.014285714285714285 0.0171875
0 0.17142857142857143 0.109375 0.21428571428571427 0.0171875
0 0.15714285714285714 0.140625 0.22857142857142856 0.0109375
0 0.6714285714285714 0.3140625 0.3 0.0203125
0 0.7 0.56875 0.24285714285714285 0.0296875
0 0.8571428571428571 0.9046875 0.21428571428571427 0.0125
0 0.45714285714285713 0.890625 0.2 0.0125
0 0.3142857142857143 0.946875 0.11428571428571428 0.0125
0 0.17142857142857143 0.4984375 0.15714285714285714 0.0140625
0 0.9857142857142858 0.9890625 0.02857142857142857 0.0203125
0 0.8142857142857143 0.1859375 0.08571428571428572 0.0078125