0 0.990909090909091 0.2203125 0.01818181818181818 0.028125
0 0.2727272727272727 0.1359375 0.16363636363636364 0.0265625
0 0.5909090909090909 0.1375 0.16363636363636364 0.0234375
0 0.7 0.0921875 0.20909090909090908 0.0328125
0 0.14545454545454545 0.0359375 0.2818181818181818 0.0484375
0 0.8 0.4078125 0.17272727272727273 0.0328125
0 0.990909090909091 0.35625 0.01818181818181818 0.0203125
0 0.6272727272727273 0.334375 0.07272727272727272 0.0203125
0 0.8 0.2875 0.05454545454545454 0.015625
0 0.14545454545454545 0.290625 0.2818181818181818 0.121875
0 0.6 0.540625 0.2636363636363636 0.0453125
0 0.5454545454545454 0.4875 0.14545454545454545 0.0359375
0 0.34545454545454546 0.478125 0.1 0.0203125
0 0.9636363636363636 0.5671875 0.07272727272727272 0.040625
0 0.00909090909090909 0.5484375 0.01818181818181818 0.0296875
0 0.15454545454545454 0.4453125 0.12727272727272726 0.0234375
0 0.4636363636363636 0.4515625 0.14545454545454545 0.0265625
0 0.05454545454545454 0.725 0.1 0.0375
0 0.3090909090909091 0.70625 0.16363636363636364 0.0359375
0 0.6363636363636364 0.73125 0.2 0.040625
0 0.03636363636363636 0.921875 0.06363636363636363 0.0359375
0 0.3 0.93125 0.2818181818181818 0.040625
0 0.9409090909090909 0.82421875 0.11818181818181818 0.0265625
0 0.7545454545454545 0.834375 0.10909090909090909 0.021875
0 0.9090909090909091 0.878125 0.14545454545454545 0.0203125
0 0.9863636363636363 0.8390625 0.02727272727272727 0.025
0 0.4090909090909091 0.659375 0.11818181818181818 0.0203125
0 0.509090909090909 0.640625 0.10909090909090909 0.015625
0 0.7181818181818181 0.5953125 0.10909090909090909 0.021875
0 0.7545454545454545 0.571875 0.06363636363636363 0.0140625
0 0.39090909090909093 0.596875 0.12727272727272726 0.025
0 0.8909090909090909 0.653125 0.12727272727272726 0.025
0 0.6090909090909091 0.778125 0.15454545454545454 0.0265625
0 0.9181818181818182 0.9578125 0.16363636363636364 0.0265625
0 0.02727272727272727 0.9828125 0.05454545454545454 0.034375
0 0.4636363636363636 0.90625 0.09090909090909091 0.0234375