0 0.1 0.05 0.18571428571428572 0.1
0 0.22857142857142856 0.315625 0.44285714285714284 0.171875
0 0.5 0.8484375 1 0.20625
0 0.42857142857142855 0.525 0.4 0.0453125
0 0.12857142857142856 0.590625 0.24285714285714285 0.053125
0 0.12857142857142856 0.184375 0.2571428571428571 0.0796875
0 0.7 0.1328125 0.38571428571428573 0.021875
0 0.5285714285714286 0.16875 0.1 0.0125
0 0.7 0.2578125 0.32857142857142857 0.0296875
0 0.02857142857142857 0.44375 0.05714285714285714 0.0140625
0 0.44285714285714284 0.578125 0.24285714285714285 0.0203125
0 0.1 0.490625 0.14285714285714285 0.0140625