0 0.5 0.0078125 1 0.015625
0 0.5480769230769231 0.1484375 0.19230769230769232 0.028125
0 0.9278846153846154 0.1921875 0.14423076923076922 0.046875
0 0.9471153846153846 0.29296875 0.10576923076923077 0.0328125
0 0.057692307692307696 0.3203125 0.11538461538461539 0.0265625
0 0.4807692307692308 0.4484375 0.3557692307692308 0.0640625
0 0.09615384615384616 0.28125 0.19230769230769232 0.1140625
0 0.14423076923076922 0.2171875 0.21153846153846154 0.059375
0 0.8173076923076923 0.1296875 0.15384615384615385 0.0296875
0 0.49038461538461536 0.0921875 0.2692307692307692 0.04375
0 0.019230769230769232 0.0890625 0.038461538461538464 0.03125
0 0.15384615384615385 0.465625 0.23076923076923078 0.0515625
0 0.9423076923076923 0.35 0.09615384615384616 0.0265625
0 0.6826923076923077 0.3703125 0.25 0.05
0 0.8942307692307693 0.6421875 0.21153846153846154 0.0625
0 0.5913461538461539 0.87734375 0.8173076923076923 0.2421875
0 0.33653846153846156 0.4796875 0.6730769230769231 0.228125
0 0.11538461538461539 0.6578125 0.23076923076923078 0.0671875