0 0.20388349514563106 0.025 0.4077669902912621 0.0484375
0 0.6844660194174758 0.0859375 0.6310679611650486 0.1625
0 0.7233009708737864 0.003125 0.5533980582524272 0.00625
0 0.1262135922330097 0.2171875 0.11650485436893204 0.0203125
0 0.4174757281553398 0.49375 0.17475728155339806 0.0265625
0 0.5631067961165048 0.646875 0.1262135922330097 0.025
0 0.8932038834951457 0.575 0.1262135922330097 0.01875
0 0.1553398058252427 0.6296875 0.0970873786407767 0.015625
0 0.07766990291262135 0.8640625 0.1262135922330097 0.0203125
0 0.5922330097087378 0.890625 0.10679611650485436 0.01875
0 0.30097087378640774 0.9984375 0.0970873786407767 0.0015625
0 0.8155339805825242 0.828125 0.08737864077669903 0.01875