0 0.13513513513513514 0.15179968701095461 0.25675675675675674 0.08450704225352113
0 0.9054054054054054 0.28325508607198746 0.1891891891891892 0.06259780907668232
0 0.16216216216216217 0.24726134585289514 0.32432432432432434 0.04381846635367762
0 0.6621621621621622 0.38341158059467917 0.16216216216216217 0.04381846635367762
0 0.7905405405405406 0.0649452269170579 0.4189189189189189 0.0892018779342723
0 0.013513513513513514 0.0892018779342723 0.02702702702702703 0.03755868544600939
0 0.0945945945945946 0.4225352112676056 0.17567567567567569 0.03129890453834116
0 0.527027027027027 0.5258215962441315 0.25675675675675674 0.0594679186228482
0 0.6621621621621622 0.7965571205007824 0.6756756756756757 0.0782472613458529
0 0.9797297297297297 0.687793427230047 0.04054054054054054 0.15179968701095461
0 0.9864864864864865 0.838810641627543 0.02702702702702703 0.050078247261345854
0 0.10810810810810811 0.6463223787167449 0.21621621621621623 0.03912363067292645