0 0.5735294117647058 0.921875 0.29411764705882354 0.0234375
0 0.1323529411764706 0.371875 0.25 0.05
0 0.4852941176470588 0.421875 0.3382352941176471 0.03125
0 0.6029411764705882 0.3234375 0.22058823529411764 0.0265625
0 0.14705882352941177 0.8421875 0.25 0.0234375
0 0.23529411764705882 0.1078125 0.2647058823529412 0.0171875
0 0.6323529411764706 0.86875 0.19117647058823528 0.0140625
0 0.19117647058823528 0.6140625 0.38235294117647056 0.04375
0 0.8676470588235294 0.65 0.2647058823529412 0.01875
0 0.14705882352941177 0.8796875 0.20588235294117646 0.021875
0 0.3235294117647059 0.034375 0.07352941176470588 0.0125
0 0.4852941176470588 0.3140625 0.1323529411764706 0.015625
0 0.5441176470588235 0.8390625 0.10294117647058823 0.0109375