0 0.9807692307692307 0.175 0.038461538461538464 0.0796875
0 0.6826923076923077 0.08125 0.14423076923076922 0.034375
0 0.9855769230769231 0.059375 0.028846153846153848 0.01875
0 0.7211538461538461 0.5234375 0.3269230769230769 0.0609375
0 0.40384615384615385 0.428125 0.3076923076923077 0.2578125
0 0.8461538461538461 0.346875 0.16346153846153846 0.0375
0 0.9567307692307693 0.46953125 0.08653846153846154 0.0390625
0 0.3942307692307692 0.2390625 0.15384615384615385 0.03125
0 0.8894230769230769 0.01171875 0.22115384615384615 0.0234375
0 0.5961538461538461 0.8171875 0.5865384615384616 0.0828125
0 0.5961538461538461 0.725 0.15384615384615385 0.0234375
0 0.8942307692307693 0.63125 0.15384615384615385 0.021875
0 0.9038461538461539 0.9953125 0.16346153846153846 0.0078125