0 0.8513513513513513 0.15492957746478872 0.2702702702702703 0.03442879499217527
0 0.25675675675675674 0.1705790297339593 0.12162162162162163 0.018779342723004695
0 0.05405405405405406 0.30672926447574334 0.0945945945945946 0.023474178403755867
0 0.16216216216216217 0.26917057902973396 0.12162162162162163 0.018779342723004695
0 0.2972972972972973 0.13928012519561817 0.0945945945945946 0.012519561815336464
0 0.1891891891891892 0.4303599374021909 0.16216216216216217 0.02034428794992175
0 0.35135135135135137 0.30203442879499215 0.16216216216216217 0.014084507042253521
0 0.40540540540540543 0.5164319248826291 0.16216216216216217 0.02190923317683881
0 0.6756756756756757 0.5774647887323944 0.13513513513513514 0.018779342723004695
0 0.8378378378378378 0.5117370892018779 0.14864864864864866 0.02034428794992175
0 0.22972972972972974 0.7386541471048513 0.14864864864864866 0.017214397496087636