0 0.27941176470588236 0.0453125 0.5588235294117647 0.090625
0 0.6029411764705882 0.378125 0.25 0.034375
0 0.08823529411764706 0.928125 0.07352941176470588 0.015625
0 0.4264705882352941 0.49375 0.2647058823529412 0.0328125
0 0.4411764705882353 0.5265625 0.1323529411764706 0.0203125
0 0.04411764705882353 0.696875 0.07352941176470588 0.0171875
0 0.75 0.1421875 0.22058823529411764 0.0328125
0 0.9191176470588235 0.65390625 0.16176470588235295 0.0453125
0 0.9779411764705882 0.265625 0.04411764705882353 0.01875
0 0.9632352941176471 0.36953125 0.07352941176470588 0.0109375
0 0.9779411764705882 0.4546875 0.04411764705882353 0.009375
0 0.8970588235294118 0.396875 0.07352941176470588 0.0078125
0 0.6764705882352942 0.5359375 0.10294117647058823 0.0125
0 0.20588235294117646 0.8875 0.4117647058823529 0.0421875
0 0.2647058823529412 0.95625 0.16176470588235295 0.0125
0 0.029411764705882353 0.96875 0.058823529411764705 0.0109375
0 0.058823529411764705 0.9515625 0.07352941176470588 0.0078125