0 0.9490740740740741 0.1828125 0.10185185185185185 0.040625
0 0.5648148148148148 0.021875 0.17592592592592593 0.0421875
0 0.5277777777777778 0.190625 0.25 0.05
0 0.5092592592592593 0.2328125 0.16666666666666666 0.03125
0 0.7685185185185185 0.2421875 0.12962962962962962 0.028125
0 0.6851851851851852 0.1125 0.3333333333333333 0.0671875
0 0.8842592592592593 0.08125 0.23148148148148148 0.06875
0 0.8148148148148148 0.3828125 0.2222222222222222 0.0390625
0 0.46296296296296297 0.4078125 0.1388888888888889 0.03125
0 0.6481481481481481 0.5359375 0.7037037037037037 0.1390625
0 0.4722222222222222 0.3171875 0.18518518518518517 0.0328125
0 0.7870370370370371 0.321875 0.23148148148148148 0.04375
0 0.35185185185185186 0.7109375 0.23148148148148148 0.1109375
0 0.7870370370370371 0.7046875 0.24074074074074073 0.046875
0 0.5648148148148148 0.6671875 0.14814814814814814 0.03125
0 0.6666666666666666 0.6375 0.17592592592592593 0.0328125
0 0.8981481481481481 0.65625 0.16666666666666666 0.0203125
0 0.6481481481481481 0.771875 0.24074074074074073 0.0421875
0 0.9675925925925926 0.74609375 0.06481481481481481 0.0359375
0 0.9675925925925926 0.7921875 0.06481481481481481 0.021875
0 0.7083333333333334 0.91640625 0.5833333333333334 0.1234375
0 0.28703703703703703 0.8734375 0.1388888888888889 0.0921875
0 0.4444444444444444 0.7875 0.4351851851851852 0.0890625
0 0.6203703703703703 0.990625 0.7592592592592593 0.0171875