0 0.8985507246376812 0.996875 0.18840579710144928 0.00625
0 0.6086956521739131 0.609375 0.2028985507246377 0.028125
0 0.9565217391304348 0.8390625 0.07246376811594203 0.0359375
0 0.2318840579710145 0.8375 0.2463768115942029 0.04375
0 0.4927536231884058 0.0609375 0.4927536231884058 0.0296875
0 0.2753623188405797 0.021875 0.2608695652173913 0.0328125
0 0.7101449275362319 0.278125 0.5072463768115942 0.0515625
0 0.17391304347826086 0.9640625 0.15942028985507245 0.01875
0 0.9710144927536232 0.9484375 0.043478260869565216 0.0265625
0 0.8840579710144928 0.9171875 0.14492753623188406 0.015625
0 0.782608695652174 0.8328125 0.18840579710144928 0.025
0 0.9710144927536232 0.071875 0.043478260869565216 0.0265625