0 0.8161764705882353 0.60078125 0.36764705882352944 0.0453125
0 0.16176470588235295 0.55625 0.2647058823529412 0.0234375
0 0.1323529411764706 0.9703125 0.19117647058823528 0.03125
0 0.9191176470588235 0.834375 0.16176470588235295 0.034375
0 0.3382352941176471 0.9375 0.2647058823529412 0.0265625
0 0.36764705882352944 0.8875 0.11764705882352941 0.015625
0 0.27941176470588236 0.8125 0.36764705882352944 0.0234375
0 0.7352941176470589 0.9296875 0.20588235294117646 0.01875
0 0.9338235294117647 0.17578125 0.1323529411764706 0.1640625
0 0.27941176470588236 0.7046875 0.07352941176470588 0.00625
0 0.9632352941176471 0.70859375 0.07352941176470588 0.0078125
0 0.4411764705882353 0.7828125 0.11764705882352941 0.0125
0 0.9632352941176471 0.9234375 0.07352941176470588 0.0125
0 0.19117647058823528 0.8875 0.10294117647058823 0.0109375
0 0.9338235294117647 0.87734375 0.1323529411764706 0.0140625
0 0.7058823529411765 0.9578125 0.11764705882352941 0.0109375