0 0.6105769230769231 0.03828125 0.7788461538461539 0.0765625
0 0.4807692307692308 0.3125 0.46153846153846156 0.0875
0 0.625 0.1125 0.7307692307692307 0.0875
0 0.9951923076923077 0.19375 0.009615384615384616 0.2375
0 0.9807692307692307 0.5953125 0.038461538461538464 0.0484375
0 0.625 0.515625 0.15384615384615385 0.028125
0 0.9278846153846154 0.81171875 0.14423076923076922 0.0609375
0 0.40384615384615385 0.6640625 0.16346153846153846 0.028125
0 0.6538461538461539 0.66875 0.21153846153846154 0.0359375
0 0.28846153846153844 0.959375 0.33653846153846156 0.08125
0 0.7836538461538461 0.8890625 0.4326923076923077 0.221875
0 0.6442307692307693 0.990625 0.11538461538461539 0.01875
0 0.8461538461538461 0.965625 0.3076923076923077 0.0671875