0 0.5 0.7890625 1 0.4203125
0 0.17647058823529413 0.8515625 0.3382352941176471 0.0625
0 0.7573529411764706 0.88828125 0.4852941176470588 0.0796875
0 0.25 0.4015625 0.4852941176470588 0.0609375
0 0.014705882352941176 0.9484375 0.029411764705882353 0.03125
0 0.6764705882352942 0.8140625 0.14705882352941177 0.0203125
0 0.6617647058823529 0.7640625 0.2647058823529412 0.0203125
0 0.23529411764705882 0.7484375 0.20588235294117646 0.0171875
0 0.9191176470588235 0.81953125 0.16176470588235295 0.0296875
0 0.16176470588235295 0.8125 0.17647058823529413 0.01875
0 0.8676470588235294 0.79375 0.23529411764705882 0.0203125
0 0.8529411764705882 0.053125 0.20588235294117646 0.0203125