0 0.47761194029850745 0.25625 0.746268656716418 0.0671875
0 0.746268656716418 0.3640625 0.4925373134328358 0.05625
0 0.8432835820895522 0.5578125 0.31343283582089554 0.05
0 0.1791044776119403 0.6296875 0.3582089552238806 0.0359375
0 0.8283582089552238 0.728125 0.34328358208955223 0.0375
0 0.6417910447761194 0.43125 0.5373134328358209 0.0453125
0 0.8955223880597015 0.459375 0.208955223880597 0.040625
0 0.6567164179104478 0.903125 0.6865671641791045 0.0421875
0 0.917910447761194 0.98203125 0.16417910447761194 0.0328125
0 0.373134328358209 0.9859375 0.2537313432835821 0.0265625
0 0.2537313432835821 0.775 0.13432835820895522 0.03125
0 0.26865671641791045 0.053125 0.43283582089552236 0.0375
0 0.07462686567164178 0.415625 0.13432835820895522 0.01875
0 0.07462686567164178 0.515625 0.13432835820895522 0.01875
0 0.9701492537313433 0.809375 0.05970149253731343 0.0234375
0 0.014925373134328358 0.6984375 0.014925373134328358 0.015625
0 0.582089552238806 0.7359375 0.14925373134328357 0.0171875