0 0.35064935064935066 0.0640625 0.2987012987012987 0.034375
0 0.38961038961038963 0.378125 0.5454545454545454 0.04375
0 0.8181818181818182 0.3421875 0.18181818181818182 0.034375
0 0.961038961038961 0.0140625 0.07792207792207792 0.01875
0 0.9090909090909091 0.40625 0.16883116883116883 0.01875
0 0.7662337662337663 0.45 0.12987012987012986 0.01875
0 0.8571428571428571 0.5296875 0.12987012987012986 0.025
0 0.7532467532467533 0.5671875 0.12987012987012986 0.021875
0 0.6103896103896104 0.55625 0.14285714285714285 0.0171875
0 0.012987012987012988 0.40625 0.012987012987012988 0.015625
0 0.8051948051948052 0.6234375 0.22077922077922077 0.021875
0 0.07792207792207792 0.5796875 0.15584415584415584 0.025
0 0.935064935064935 0.7171875 0.12987012987012986 0.0796875
0 0.18181818181818182 0.9296875 0.36363636363636365 0.0515625
0 0.2727272727272727 0.1109375 0.5454545454545454 0.221875
0 0.935064935064935 0.078125 0.11688311688311688 0.0109375