0 0.2601626016260163 0.0609375 0.5121951219512195 0.121875
0 0.8902439024390244 0.11875 0.21951219512195122 0.084375
0 0.2764227642276423 0.4296875 0.44715447154471544 0.0890625
0 0.9065040650406504 0.253125 0.18699186991869918 0.08125
0 0.7520325203252033 0.62421875 0.4959349593495935 0.1015625
0 0.8536585365853658 0.471875 0.2926829268292683 0.0875
0 0.4715447154471545 0.2875 0.9349593495934959 0.1609375
0 0.3008130081300813 0.803125 0.3252032520325203 0.0609375
0 0.10569105691056911 0.7046875 0.21138211382113822 0.0828125
0 0.5447154471544715 0.75 0.35772357723577236 0.0734375
0 0.5 0.81796875 1 0.3609375
0 0.8780487804878049 0.85625 0.24390243902439024 0.0453125
0 0.5934959349593496 0.9421875 0.34146341463414637 0.06875