0 0.14285714285714285 0.803125 0.2857142857142857 0.05
0 0.2857142857142857 0.31875 0.33766233766233766 0.025
0 0.961038961038961 0.4375 0.07792207792207792 0.0375
0 0.012987012987012988 0.5578125 0.012987012987012988 0.05
0 0.5844155844155844 0.04375 0.12987012987012986 0.01875
0 0.07792207792207792 0.4625 0.15584415584415584 0.0265625
0 0.44155844155844154 0.3609375 0.23376623376623376 0.015625
0 0.012987012987012988 0.3484375 0.025974025974025976 0.0171875
0 0.6493506493506493 0.346875 0.14285714285714285 0.0109375
0 0.5 0.3734375 1 0.746875
0 0.3246753246753247 0.459375 0.18181818181818182 0.0375
0 0.7792207792207793 0.9140625 0.3246753246753247 0.028125
0 0.14285714285714285 0.8390625 0.2857142857142857 0.0453125