0 0.09090909090909091 0.3359375 0.12987012987012986 0.0171875
0 0.19480519480519481 0.30625 0.2987012987012987 0.0203125
0 0.4935064935064935 0.178125 0.2077922077922078 0.034375
0 0.8571428571428571 0.1609375 0.12987012987012986 0.0265625
0 0.03896103896103896 0.0140625 0.06493506493506493 0.01875
0 0.03896103896103896 0.40625 0.07792207792207792 0.01875
0 0.2597402597402597 0.4625 0.18181818181818182 0.025
0 0.5194805194805194 0.3921875 0.18181818181818182 0.025
0 0.7532467532467533 0.26875 0.16883116883116883 0.01875
0 0.8831168831168831 0.2234375 0.16883116883116883 0.0296875
0 0.4025974025974026 0.4859375 0.16883116883116883 0.0203125
0 0.7142857142857143 0.41875 0.14285714285714285 0.0203125
0 0.24675324675324675 0.7171875 0.4805194805194805 0.0796875
0 0.05194805194805195 0.078125 0.09090909090909091 0.0109375