0 0.013513513513513514 0.29375 0.02702702702702703 0.01875
0 0.1891891891891892 0.6015625 0.12162162162162163 0.0140625
0 0.02702702702702703 0.69375 0.05405405405405406 0.0140625
0 0.17567567567567569 0.640625 0.13513513513513514 0.0140625
0 0.06756756756756757 0.5703125 0.12162162162162163 0.0171875
0 0.17567567567567569 0.7734375 0.17567567567567569 0.0171875
0 0.33783783783783783 0.7640625 0.06756756756756757 0.01875
0 0.44594594594594594 0.721875 0.12162162162162163 0.0234375
0 0.527027027027027 0.8109375 0.33783783783783783 0.040625
0 0.013513513513513514 0.790625 0.02702702702702703 0.0171875
0 0.6486486486486487 0.96875 0.14864864864864866 0.0234375