0 0.9594594594594594 0.2 0.06756756756756757 0.01875
0 0.4189189189189189 0.159375 0.20270270270270271 0.025
0 0.9864864864864865 0.040625 0.02702702702702703 0.028125
0 0.5945945945945946 0.3515625 0.08108108108108109 0.0171875
0 0.20270270270270271 0.475 0.25675675675675674 0.03125
0 0.7837837837837838 0.29375 0.13513513513513514 0.01875
0 0.17567567567567569 0.0375 0.25675675675675674 0.0328125
0 0.14864864864864866 0.6375 0.28378378378378377 0.059375
0 0.14864864864864866 0.7625 0.2972972972972973 0.05
0 0.7162162162162162 0.7890625 0.16216216216216217 0.01875
0 0.47297297297297297 0.7578125 0.12162162162162163 0.021875
0 0.5540540540540541 0.6109375 0.21621621621621623 0.0375
0 0.7702702702702703 0.4546875 0.12162162162162163 0.015625
0 0.6351351351351351 0.8890625 0.20270270270270271 0.0375
0 0.06756756756756757 0.871875 0.13513513513513514 0.0203125
0 0.581081081081081 0.85625 0.4189189189189189 0.028125
0 0.972972972972973 0.853125 0.05405405405405406 0.025
0 0.32432432432432434 0.975 0.2702702702702703 0.0296875
0 0.8378378378378378 0.9796875 0.1891891891891892 0.0328125
0 0.16216216216216217 0.940625 0.32432432432432434 0.034375