0 0.9928571428571429 0.00859375 0.014285714285714285 0.0171875
0 0.75 0.07421875 0.5 0.1109375
0 0.7928571428571428 0.3390625 0.4142857142857143 0.165625
0 0.38571428571428573 0.4515625 0.38571428571428573 0.0578125
0 0.5571428571428572 0.5140625 0.37142857142857144 0.0375
0 0.5571428571428572 0.946875 0.38571428571428573 0.0640625
0 0.8857142857142857 0.8515625 0.21428571428571427 0.1984375
0 0.8571428571428571 0.603125 0.2857142857142857 0.05
0 0.7857142857142857 0.2109375 0.42857142857142855 0.0765625
0 0.5428571428571428 0.6921875 0.32857142857142857 0.025
0 0.014285714285714285 0.1265625 0.014285714285714285 0.015625
0 0.44285714285714284 0.2109375 0.07142857142857142 0.0078125
0 0.9928571428571429 0.46015625 0.014285714285714285 0.0140625
0 0.02857142857142857 0.71875 0.05714285714285714 0.034375
0 0.5142857142857142 0.8703125 0.2714285714285714 0.05