0 0.2857142857142857 0.275 0.23376623376623376 0.0203125
0 0.14285714285714285 0.734375 0.24675324675324675 0.04375
0 0.44155844155844154 0.9703125 0.36363636363636365 0.0421875
0 0.9935064935064936 0.73828125 0.012987012987012988 0.0328125
0 0.3246753246753247 0.1046875 0.6363636363636364 0.2078125
0 0.03896103896103896 0.5015625 0.06493506493506493 0.025
0 0.025974025974025976 0.5609375 0.05194805194805195 0.0328125
0 0.8831168831168831 0.009375 0.23376623376623376 0.01875
0 0.974025974025974 0.075 0.05194805194805195 0.0125
0 0.948051948051948 0.29375 0.1038961038961039 0.0140625
0 0.6883116883116883 0.6 0.15584415584415584 0.01875