0 0.8088235294117647 0.5546875 0.3382352941176471 0.0296875
0 0.9779411764705882 0.19609375 0.04411764705882353 0.0390625
0 0.6911764705882353 0.4296875 0.29411764705882354 0.0171875
0 0.8676470588235294 0.371875 0.20588235294117646 0.0171875
0 0.8014705882352942 0.8171875 0.39705882352941174 0.040625
0 0.6029411764705882 0.9453125 0.29411764705882354 0.0265625
0 0.058823529411764705 0.4265625 0.10294117647058823 0.0203125
0 0.4852941176470588 0.4796875 0.23529411764705882 0.015625
0 0.47058823529411764 0.7609375 0.16176470588235295 0.0234375
0 0.9926470588235294 0.43359375 0.014705882352941176 0.0140625
0 0.7058823529411765 0.2046875 0.19117647058823528 0.0140625
0 0.8970588235294118 0.25625 0.17647058823529413 0.0234375
0 0.36764705882352944 0.0984375 0.11764705882352941 0.0125
0 0.22058823529411764 0.1609375 0.2647058823529412 0.0109375
0 0.058823529411764705 0.396875 0.11764705882352941 0.0140625
0 0.9632352941176471 0.5046875 0.07352941176470588 0.0125
0 0.5588235294117647 0.1484375 0.19117647058823528 0.015625
0 0.47058823529411764 0.23125 0.1323529411764706 0.0140625
0 0.9779411764705882 0.771875 0.04411764705882353 0.01875
0 0.5294117647058824 0.25625 0.058823529411764705 0.00625
0 0.7794117647058824 0.4046875 0.10294117647058823 0.0109375
0 0.16176470588235295 0.5953125 0.3088235294117647 0.0796875
0 0.08823529411764706 0.7734375 0.10294117647058823 0.0109375