0 0.8380952380952381 0.1625 0.2 0.0296875
0 0.0761904761904762 0.2 0.14285714285714285 0.028125
0 0.009523809523809525 0.0890625 0.009523809523809525 0.025
0 0.8095238095238095 0.453125 0.19047619047619047 0.034375
0 0.009523809523809525 0.3875 0.01904761904761905 0.0609375
0 0.6476190476190476 0.578125 0.4 0.0609375
0 0.4857142857142857 0.5375 0.18095238095238095 0.03125
0 0.0380952380952381 0.6265625 0.06666666666666667 0.0296875
0 0.21904761904761905 0.55625 0.22857142857142856 0.03125
0 0.0761904761904762 0.6703125 0.14285714285714285 0.025
0 0.638095238095238 0.81875 0.19047619047619047 0.034375
0 0.5047619047619047 0.784375 0.1619047619047619 0.0265625
0 0.1619047619047619 0.7734375 0.19047619047619047 0.034375
0 0.21904761904761905 0.8359375 0.17142857142857143 0.0265625
0 0.2571428571428571 0.4375 0.12380952380952381 0.025
0 0.09523809523809523 0.4375 0.10476190476190476 0.01875
0 0.24761904761904763 0.4796875 0.10476190476190476 0.0203125
0 0.24761904761904763 0.240625 0.4857142857142857 0.1515625
0 0.0761904761904762 0.0875 0.14285714285714285 0.0671875
0 0.38095238095238093 0.090625 0.3904761904761905 0.0765625