0 0.47761194029850745 0.2546875 0.746268656716418 0.065625
0 0.753731343283582 0.35859375 0.4925373134328358 0.0546875
0 0.8432835820895522 0.5515625 0.31343283582089554 0.05
0 0.19402985074626866 0.6203125 0.373134328358209 0.034375
0 0.8283582089552238 0.71875 0.34328358208955223 0.0375
0 0.6417910447761194 0.4265625 0.5223880597014925 0.0453125
0 0.8880597014925373 0.4546875 0.22388059701492538 0.040625
0 0.664179104477612 0.88984375 0.6716417910447762 0.0421875
0 0.917910447761194 0.975 0.16417910447761194 0.04375
0 0.373134328358209 0.978125 0.23880597014925373 0.0390625
0 0.26865671641791045 0.7640625 0.13432835820895522 0.0296875
0 0.26865671641791045 0.0546875 0.43283582089552236 0.0359375
0 0.07462686567164178 0.4109375 0.14925373134328357 0.01875
0 0.07462686567164178 0.509375 0.14925373134328357 0.01875
0 0.9626865671641791 0.79765625 0.07462686567164178 0.0234375
0 0.014925373134328358 0.6890625 0.029850746268656716 0.015625
0 0.5970149253731343 0.7265625 0.14925373134328357 0.0171875