0 0.7341772151898734 0.25 0.08860759493670886 0.0140625
0 0.6455696202531646 0.28125 0.0759493670886076 0.009375
0 0.8354430379746836 0.3125 0.05063291139240506 0.0078125
0 0.9873417721518988 0.60625 0.02531645569620253 0.0046875
0 0.9620253164556962 0.653125 0.0759493670886076 0.009375
0 0.6455696202531646 0.4171875 0.0379746835443038 0.0078125
0 0.6075949367088608 0.8171875 0.11392405063291139 0.0140625
0 0.2911392405063291 0.8265625 0.0759493670886076 0.0125
0 0.4050632911392405 0.8125 0.0759493670886076 0.0109375
0 0.7974683544303798 0.7890625 0.06329113924050633 0.00625
0 0.6708860759493671 0.7796875 0.02531645569620253 0.0046875
0 0.810126582278481 0.94375 0.0759493670886076 0.00625
0 0.8987341772151899 0.8984375 0.05063291139240506 0.009375
0 0.9620253164556962 0.9953125 0.05063291139240506 0.0078125