0 0.33783783783783783 0.0406885758998435 0.40540540540540543 0.050078247261345854
0 0.3918918918918919 0.12363067292644757 0.33783783783783783 0.03442879499217527
0 0.6081081081081081 0.35837245696400627 0.14864864864864866 0.017214397496087636
0 0.36486486486486486 0.20344287949921752 0.40540540540540543 0.04225352112676056
0 0.7972972972972973 0.009389671361502348 0.35135135135135137 0.018779342723004695
0 0.06756756756756757 0.6118935837245696 0.13513513513513514 0.20031298904538342
0 0.8175675675675675 0.4405320813771518 0.36486486486486486 0.06729264475743349
0 0.44594594594594594 0.3145539906103286 0.21621621621621623 0.028169014084507043
0 0.6486486486486487 0.701095461658842 0.20270270270270271 0.023474178403755867
0 0.05405405405405406 0.8309859154929577 0.10810810810810811 0.02190923317683881
0 0.4189189189189189 0.7793427230046949 0.14864864864864866 0.026604068857589983
0 0.8783783783783784 0.863849765258216 0.16216216216216217 0.057902973395931145
0 0.21621621621621623 0.8716744913928013 0.22972972972972974 0.02190923317683881
0 0.05405405405405406 0.7777777777777778 0.0945945945945946 0.025039123630672927
0 0.02702702702702703 0.8012519561815337 0.04054054054054054 0.010954616588419406
0 0.7972972972972973 0.9835680751173709 0.24324324324324326 0.03286384976525822