0 0.7162162162162162 0.0109375 0.35135135135135137 0.0203125
0 0.12162162162162163 0.4390625 0.21621621621621623 0.025
0 0.6351351351351351 0.4375 0.22972972972972974 0.021875
0 0.04054054054054054 0.475 0.06756756756756757 0.0203125
0 0.4864864864864865 0.4859375 0.24324324324324326 0.0203125
0 0.5135135135135135 0.559375 0.0945945945945946 0.0171875
0 0.43243243243243246 0.6078125 0.0945945945945946 0.01875
0 0.9459459459459459 0.5421875 0.0945945945945946 0.0234375
0 0.0945945945945946 0.5515625 0.17567567567567569 0.021875
0 0.8243243243243243 0.665625 0.12162162162162163 0.01875
0 0.9391891891891891 0.62421875 0.12162162162162163 0.0265625
0 0.3783783783783784 0.75625 0.14864864864864866 0.01875
0 0.013513513513513514 0.609375 0.02702702702702703 0.0203125