0 0.5 0.071875 1 0.14375
0 0.5 0.053125 1 0.10625
0 0.9380952380952381 0.4078125 0.12380952380952381 0.1
0 0.11428571428571428 0.7234375 0.22857142857142856 0.115625
0 0.01904761904761905 0.46875 0.0380952380952381 0.0890625
0 0.3142857142857143 0.575 0.3619047619047619 0.0921875
0 0.9380952380952381 0.60078125 0.12380952380952381 0.0609375
0 0.8476190476190476 0.4953125 0.29523809523809524 0.109375
0 0.2857142857142857 0.48125 0.37142857142857144 0.06875
0 0.6 0.24375 0.11428571428571428 0.0203125
0 0.24761904761904763 0.3421875 0.09523809523809523 0.0203125
0 0.7238095238095238 0.7421875 0.5523809523809524 0.153125
0 0.49523809523809526 0.884375 0.49523809523809526 0.11875
0 0.14285714285714285 0.9484375 0.2857142857142857 0.084375
0 0.17142857142857143 0.9796875 0.3333333333333333 0.040625
0 0.8571428571428571 0.971875 0.2857142857142857 0.0546875
0 0.638095238095238 0.053125 0.12380952380952381 0.0234375
0 0.21904761904761905 0.2984375 0.12380952380952381 0.0203125