0 0.7313432835820896 0.578125 0.34328358208955223 0.0265625
0 0.05970149253731343 0.6828125 0.1044776119402985 0.03125
0 0.6716417910447762 0.809375 0.22388059701492538 0.025
0 0.8208955223880597 0.9390625 0.31343283582089554 0.0375
0 0.07462686567164178 0.9953125 0.13432835820895522 0.009375
0 0.5074626865671642 0.4765625 0.417910447761194 0.0296875
0 0.8283582089552238 0.1703125 0.34328358208955223 0.0875
0 0.43283582089552236 0.3671875 0.208955223880597 0.0109375
0 0.3582089552238806 0.809375 0.23880597014925373 0.0234375
0 0.34328358208955223 0.61875 0.2537313432835821 0.021875
0 0.7313432835820896 0.7078125 0.208955223880597 0.0265625