0 0.5 0.78125 1 0.4375
0 0.2604166666666667 0.4078125 0.2604166666666667 0.0375
0 0.5729166666666666 0.44375 0.2916666666666667 0.0375
0 0.8802083333333334 0.29765625 0.23958333333333334 0.0328125
0 0.041666666666666664 0.525 0.08333333333333333 0.046875
0 0.5 0.515625 0.2708333333333333 0.0375
0 0.984375 0.53359375 0.03125 0.0328125
0 0.4270833333333333 0.6125 0.4270833333333333 0.0453125
0 0.13541666666666666 0.58125 0.2708333333333333 0.0578125
0 0.3541666666666667 0.3515625 0.21875 0.0375
0 0.020833333333333332 0.453125 0.041666666666666664 0.0328125
0 0.6354166666666666 0.3328125 0.22916666666666666 0.0296875
0 0.8958333333333334 0.3359375 0.16666666666666666 0.01875
0 0.7291666666666666 0.125 0.4270833333333333 0.04375
0 0.3541666666666667 0.06875 0.3645833333333333 0.034375
0 0.5416666666666666 0.00625 0.19791666666666666 0.0109375
0 0.3645833333333333 0.0328125 0.13541666666666666 0.015625
0 0.041666666666666664 0.0390625 0.08333333333333333 0.0171875
0 0.11458333333333333 0.178125 0.13541666666666666 0.015625
0 0.3333333333333333 0.26875 0.19791666666666666 0.0171875
0 0.3229166666666667 0.303125 0.17708333333333334 0.021875