0 0.1794871794871795 0.1609375 0.2948717948717949 0.0296875
0 0.32051282051282054 0.0125 0.14102564102564102 0.0203125
0 0.41025641025641024 0.303125 0.15384615384615385 0.01875
0 0.48717948717948717 0.35 0.11538461538461539 0.0171875
0 0.3076923076923077 0.41875 0.1282051282051282 0.0125
0 0.8846153846153846 0.4171875 0.14102564102564102 0.0140625
0 0.7307692307692307 0.4875 0.14102564102564102 0.015625
0 0.717948717948718 0.5171875 0.15384615384615385 0.021875
0 0.10256410256410256 0.6359375 0.1282051282051282 0.0171875
0 0.9423076923076923 0.64453125 0.11538461538461539 0.0265625
0 0.20512820512820512 0.8265625 0.20512820512820512 0.0234375
0 0.5512820512820513 0.7203125 0.10256410256410256 0.0140625
0 0.01282051282051282 0.9796875 0.01282051282051282 0.0171875
0 0.01282051282051282 0.921875 0.01282051282051282 0.01875
0 0.38461538461538464 0.9421875 0.10256410256410256 0.0140625
0 0.6923076923076923 0.9703125 0.11538461538461539 0.0109375
0 0.2564102564102564 0.8609375 0.1282051282051282 0.015625
0 0.2948717948717949 0.965625 0.11538461538461539 0.0125