0 0.7239583333333334 0.78125 0.5520833333333334 0.4375
0 0.3958333333333333 0.521875 0.53125 0.0484375
0 0.28125 0.584375 0.3333333333333333 0.0421875
0 0.9010416666666666 0.525 0.19791666666666666 0.046875
0 0.4479166666666667 0.684375 0.3125 0.034375
0 0.8333333333333334 0.5953125 0.28125 0.03125
0 0.9791666666666666 0.58125 0.041666666666666664 0.0578125
0 0.4583333333333333 0.6171875 0.28125 0.0375
0 0.859375 0.36328125 0.28125 0.0515625
0 0.9010416666666666 0.45234375 0.19791666666666666 0.0328125
0 0.7291666666666666 0.0390625 0.2708333333333333 0.021875
0 0.3854166666666667 0.1609375 0.2708333333333333 0.0171875
0 0.6145833333333334 0.1140625 0.19791666666666666 0.0171875