0 0.3047619047619048 0.0203125 0.12380952380952381 0.025
0 0.22857142857142856 0.2609375 0.18095238095238095 0.0296875
0 0.3619047619047619 0.346875 0.1619047619047619 0.028125
0 0.6190476190476191 0.2671875 0.10476190476190476 0.025
0 0.9523809523809523 0.45 0.09523809523809523 0.040625
0 0.05714285714285714 0.5171875 0.10476190476190476 0.034375
0 0.10476190476190476 0.4203125 0.13333333333333333 0.025
0 0.45714285714285713 0.6734375 0.1523809523809524 0.0359375
0 0.7238095238095238 0.546875 0.14285714285714285 0.028125
0 0.7904761904761904 0.575 0.14285714285714285 0.03125
0 0.1619047619047619 0.6125 0.1523809523809524 0.028125
0 0.47619047619047616 0.8359375 0.22857142857142856 0.040625
0 0.047619047619047616 0.8875 0.08571428571428572 0.028125
0 0.8761904761904762 0.7328125 0.24761904761904763 0.0984375
0 0.861904761904762 0.83359375 0.2761904761904762 0.0859375
0 0.9095238095238095 0.1234375 0.18095238095238095 0.1125
0 0.7 0.99140625 0.6 0.0140625