0 0.9861111111111112 0.109375 0.027777777777777776 0.0421875
0 0.9652777777777778 0.17109375 0.06944444444444445 0.0484375
0 0.9791666666666666 0.2515625 0.041666666666666664 0.0375
0 0.5555555555555556 0.2515625 0.375 0.028125
0 0.8263888888888888 0.503125 0.3472222222222222 0.0375
0 0.8472222222222222 0.3390625 0.25 0.034375
0 0.9513888888888888 0.90390625 0.09722222222222222 0.0421875
0 0.9097222222222222 0.70546875 0.18055555555555555 0.0265625
0 0.9791666666666666 0.86328125 0.041666666666666664 0.0359375
0 0.6666666666666666 0.6109375 0.3333333333333333 0.0265625
0 0.5 0.6578125 0.19444444444444445 0.0140625
0 0.9097222222222222 0.43671875 0.18055555555555555 0.0234375
0 0.9097222222222222 0.3125 0.18055555555555555 0.028125
0 0.4444444444444444 0.2875 0.20833333333333334 0.021875