0 0.9558823529411765 0.996875 0.07352941176470588 0.0046875
0 0.9411764705882353 0.89375 0.10294117647058823 0.0265625
0 0.4264705882352941 0.1359375 0.35294117647058826 0.021875
0 0.8970588235294118 0.4359375 0.20588235294117646 0.0328125
0 0.5882352941176471 0.3078125 0.25 0.0265625
0 0.04411764705882353 0.109375 0.07352941176470588 0.021875
0 0.39705882352941174 0.203125 0.19117647058823528 0.0296875
0 0.6617647058823529 0.3453125 0.25 0.021875
0 0.14705882352941177 0.503125 0.10294117647058823 0.01875
0 0.5588235294117647 0.628125 0.10294117647058823 0.0171875
0 0.19117647058823528 0.271875 0.14705882352941177 0.0265625
0 0.7941176470588235 0.221875 0.14705882352941177 0.01875
0 0.5735294117647058 0.9046875 0.25 0.0265625
0 0.9411764705882353 0.775 0.11764705882352941 0.0140625
0 0.6617647058823529 0.9421875 0.20588235294117646 0.0140625
0 0.9117647058823529 0.3296875 0.17647058823529413 0.0203125
0 0.36764705882352944 0.4578125 0.20588235294117646 0.0140625
0 0.6323529411764706 0.5234375 0.1323529411764706 0.0203125