0 0.75 0.07265625 0.5 0.1109375
0 0.8 0.3390625 0.4 0.165625
0 0.38571428571428573 0.453125 0.38571428571428573 0.0578125
0 0.5714285714285714 0.515625 0.37142857142857144 0.0375
0 0.5571428571428572 0.953125 0.38571428571428573 0.0640625
0 0.8857142857142857 0.85625 0.21428571428571427 0.2
0 0.8571428571428571 0.60625 0.2714285714285714 0.0515625
0 0.7857142857142857 0.2109375 0.4142857142857143 0.078125
0 0.5428571428571428 0.6953125 0.32857142857142857 0.0265625
0 0.014285714285714285 0.1265625 0.014285714285714285 0.015625
0 0.45714285714285713 0.2109375 0.07142857142857142 0.0078125
0 0.02857142857142857 0.7234375 0.05714285714285714 0.034375
0 0.5142857142857142 0.875 0.2714285714285714 0.0515625