0 0.17142857142857143 0.0859375 0.34285714285714286 0.171875
0 0.8095238095238095 0.0671875 0.38095238095238093 0.0828125
0 0.8666666666666667 0.009375 0.26666666666666666 0.01875
0 0.49523809523809526 0.125 0.24761904761904763 0.046875
0 0.5619047619047619 0.2796875 0.17142857142857143 0.034375
0 0.26666666666666666 0.653125 0.5333333333333333 0.2828125
0 0.780952380952381 0.5671875 0.42857142857142855 0.121875
0 0.45714285714285713 0.4421875 0.4380952380952381 0.1140625
0 0.0761904761904762 0.3578125 0.1523809523809524 0.04375
0 0.11428571428571428 0.28125 0.21904761904761905 0.0484375
0 0.8476190476190476 0.325 0.3047619047619048 0.1078125
0 0.8571428571428571 0.4703125 0.24761904761904763 0.0625
0 0.8285714285714286 0.74375 0.34285714285714286 0.1296875
0 0.638095238095238 0.871875 0.0761904761904762 0.0171875
0 0.6666666666666666 0.8171875 0.0761904761904762 0.0109375
0 0.3333333333333333 0.8453125 0.24761904761904763 0.0828125