0 0.7923076923076923 0.78671875 0.4153846153846154 0.0640625
0 0.6461538461538462 0.06875 0.6 0.0546875
0 0.6923076923076923 0.321875 0.2153846153846154 0.025
0 0.8846153846153846 0.11171875 0.23076923076923078 0.0234375
0 0.38461538461538464 0.7640625 0.09230769230769231 0.01875
0 0.46153846153846156 0.978125 0.12307692307692308 0.0171875
0 0.4 0.175 0.12307692307692308 0.0265625
0 0.7384615384615385 0.253125 0.2 0.0171875
0 0.36923076923076925 0.003125 0.16923076923076924 0.0046875
0 0.9 0.03515625 0.2 0.0515625
0 0.36923076923076925 0.246875 0.12307692307692308 0.03125
0 0.5538461538461539 0.709375 0.26153846153846155 0.0390625
0 0.46153846153846156 0.8515625 0.4 0.028125
0 0.47692307692307695 0.921875 0.13846153846153847 0.015625