0 0.782608695652174 0.5515625 0.3333333333333333 0.028125
0 0.9565217391304348 0.196875 0.07246376811594203 0.0390625
0 0.6811594202898551 0.428125 0.2753623188405797 0.0171875
0 0.855072463768116 0.3703125 0.2028985507246377 0.0171875
0 0.7971014492753623 0.8109375 0.4057971014492754 0.040625
0 0.5797101449275363 0.9375 0.2753623188405797 0.0265625
0 0.057971014492753624 0.425 0.10144927536231885 0.0203125
0 0.463768115942029 0.4765625 0.2318840579710145 0.015625
0 0.4492753623188406 0.7546875 0.15942028985507245 0.0234375
0 0.9855072463768116 0.43125 0.028985507246376812 0.0140625
0 0.6811594202898551 0.20625 0.18840579710144928 0.0140625
0 0.8695652173913043 0.25625 0.17391304347826086 0.0234375
0 0.36231884057971014 0.1 0.11594202898550725 0.0125
0 0.21739130434782608 0.1609375 0.2463768115942029 0.0109375
0 0.057971014492753624 0.3953125 0.11594202898550725 0.0140625
0 0.9565217391304348 0.5015625 0.08695652173913043 0.0125
0 0.5362318840579711 0.15 0.18840579710144928 0.015625
0 0.4492753623188406 0.23125 0.13043478260869565 0.0140625
0 0.9565217391304348 0.765625 0.07246376811594203 0.01875
0 0.5217391304347826 0.25625 0.057971014492753624 0.00625
0 0.7681159420289855 0.403125 0.10144927536231885 0.0109375
0 0.14492753623188406 0.5921875 0.2898550724637681 0.0796875
0 0.08695652173913043 0.7671875 0.10144927536231885 0.0109375