0 0.9117647058823529 0.3203125 0.16176470588235295 0.0265625
0 0.1323529411764706 0.9203125 0.25 0.0203125
0 0.7647058823529411 0.5875 0.3235294117647059 0.034375
0 0.5294117647058824 0.003125 0.16176470588235295 0.00625
0 0.5147058823529411 0.7265625 0.23529411764705882 0.0234375
0 0.5441176470588235 0.64375 0.16176470588235295 0.0234375
0 0.11764705882352941 0.6953125 0.22058823529411764 0.021875
0 0.17647058823529413 0.0046875 0.19117647058823528 0.0078125
0 0.3088235294117647 0.05 0.19117647058823528 0.015625
0 0.75 0.1765625 0.16176470588235295 0.028125
0 0.8897058823529411 0.5265625 0.22058823529411764 0.025