0 0.5652173913043478 0.815625 0.4782608695652174 0.05625
0 0.4927536231884058 0.1765625 0.34782608695652173 0.034375
0 0.5217391304347826 0.0609375 0.2028985507246377 0.0140625
0 0.4927536231884058 0.1390625 0.2753623188405797 0.021875
0 0.36231884057971014 0.0046875 0.21739130434782608 0.0078125
0 0.855072463768116 0.165625 0.2318840579710145 0.03125
0 0.463768115942029 0.475 0.2608695652173913 0.0265625
0 0.11594202898550725 0.7609375 0.2028985507246377 0.0296875
0 0.8985507246376812 0.9703125 0.18840579710144928 0.0265625
0 0.21739130434782608 0.3296875 0.17391304347826086 0.0171875
0 0.10144927536231885 0.4421875 0.2028985507246377 0.028125
0 0.30434782608695654 0.7125 0.15942028985507245 0.0140625
0 0.8695652173913043 0.81875 0.14492753623188406 0.015625
0 0.463768115942029 0.9796875 0.057971014492753624 0.0078125