0 0.22666666666666666 0.2078125 0.41333333333333333 0.0484375
0 0.7066666666666667 0.046875 0.22666666666666666 0.0234375
0 0.3333333333333333 0.065625 0.18666666666666668 0.0203125
0 0.9733333333333334 0.1671875 0.04 0.0125
0 0.56 0.44375 0.09333333333333334 0.009375
0 0.5733333333333334 0.8984375 0.26666666666666666 0.0265625
0 0.04 0.821875 0.08 0.0203125
0 0.7733333333333333 0.1671875 0.17333333333333334 0.0125
0 0.04 0.309375 0.05333333333333334 0.0125
0 0.6 0.415625 0.10666666666666667 0.0140625
0 0.6666666666666666 0.4328125 0.08 0.0140625