0 0.5384615384615384 0.0125 0.14102564102564102 0.0203125
0 0.10256410256410256 0.1203125 0.07692307692307693 0.0140625
0 0.2564102564102564 0.1203125 0.15384615384615385 0.0234375
0 0.9743589743589743 0.003125 0.038461538461538464 0.0046875
0 0.2948717948717949 0.4703125 0.10256410256410256 0.0125
0 0.5128205128205128 0.4984375 0.08974358974358974 0.0109375
0 0.7435897435897436 0.4859375 0.08974358974358974 0.009375
0 0.9230769230769231 0.475 0.0641025641025641 0.009375
0 0.8333333333333334 0.615625 0.11538461538461539 0.0140625
0 0.07692307692307693 0.8640625 0.08974358974358974 0.009375
0 0.3076923076923077 0.7890625 0.0641025641025641 0.0109375
0 0.3333333333333333 0.821875 0.16666666666666666 0.0125
0 0.11538461538461539 0.8140625 0.10256410256410256 0.0109375
0 0.14102564102564102 0.76875 0.08974358974358974 0.0109375
0 0.4230769230769231 0.8828125 0.038461538461538464 0.00625