0 0.9054054054054054 0.0125 0.1891891891891892 0.0234375
0 0.8378378378378378 0.1671875 0.24324324324324326 0.03125
0 0.28378378378378377 0.18125 0.10810810810810811 0.0171875
0 0.06756756756756757 0.309375 0.12162162162162163 0.021875
0 0.1891891891891892 0.2734375 0.10810810810810811 0.0171875
0 0.3108108108108108 0.1515625 0.08108108108108109 0.0109375
0 0.21621621621621623 0.425 0.14864864864864866 0.01875
0 0.36486486486486486 0.3046875 0.14864864864864866 0.0125
0 0.4189189189189189 0.5046875 0.14864864864864866 0.0203125
0 0.6621621621621622 0.5609375 0.12162162162162163 0.0171875
0 0.8243243243243243 0.5 0.13513513513513514 0.01875
0 0.25675675675675674 0.7140625 0.13513513513513514 0.015625