0 0.5 0.7640625 1 0.471875
0 0.24742268041237114 0.3625 0.26804123711340205 0.0390625
0 0.5773195876288659 0.4015625 0.30927835051546393 0.0390625
0 0.8865979381443299 0.2453125 0.21649484536082475 0.034375
0 0.041237113402061855 0.4890625 0.07216494845360824 0.0515625
0 0.5051546391752577 0.478125 0.27835051546391754 0.0390625
0 0.4329896907216495 0.58125 0.4536082474226804 0.0484375
0 0.13402061855670103 0.5484375 0.25773195876288657 0.0625
0 0.35051546391752575 0.3015625 0.2268041237113402 0.0390625
0 0.020618556701030927 0.4109375 0.030927835051546393 0.034375
0 0.6494845360824743 0.28125 0.23711340206185566 0.03125
0 0.9175257731958762 0.284375 0.16494845360824742 0.0203125
0 0.7525773195876289 0.059375 0.4536082474226804 0.046875
0 0.35051546391752575 0.0078125 0.3917525773195876 0.015625
0 0.10309278350515463 0.115625 0.14432989690721648 0.0171875
0 0.32989690721649484 0.2140625 0.20618556701030927 0.01875
0 0.31958762886597936 0.2515625 0.18556701030927836 0.0234375