0 0.2753623188405797 0.046875 0.5362318840579711 0.0921875
0 0.5942028985507246 0.3765625 0.2463768115942029 0.034375
0 0.08695652173913043 0.9203125 0.07246376811594203 0.015625
0 0.42028985507246375 0.490625 0.2463768115942029 0.03125
0 0.42028985507246375 0.5234375 0.13043478260869565 0.0203125
0 0.043478260869565216 0.690625 0.07246376811594203 0.0171875
0 0.7246376811594203 0.14375 0.21739130434782608 0.03125
0 0.9130434782608695 0.65 0.17391304347826086 0.0453125
0 0.9565217391304348 0.265625 0.07246376811594203 0.01875
0 0.4057971014492754 0.0015625 0.07246376811594203 0.003125
0 0.9565217391304348 0.36875 0.08695652173913043 0.0109375
0 0.9710144927536232 0.4515625 0.057971014492753624 0.009375
0 0.8840579710144928 0.3953125 0.07246376811594203 0.0078125
0 0.6666666666666666 0.5328125 0.10144927536231885 0.0125
0 0.2028985507246377 0.8796875 0.4057971014492754 0.0421875
0 0.2608695652173913 0.9484375 0.15942028985507245 0.0125
0 0.028985507246376812 0.959375 0.057971014492753624 0.0109375
0 0.057971014492753624 0.94375 0.07246376811594203 0.0078125