0 0.6585365853658537 0.0234375 0.4146341463414634 0.0453125
0 0.3089430894308943 0.03125 0.35772357723577236 0.0609375
0 0.056910569105691054 0.08125 0.11382113821138211 0.05
0 0.5 0.2515625 1 0.503125
0 0.16260162601626016 0.015625 0.3170731707317073 0.0296875
0 0.8048780487804879 0.3390625 0.3902439024390244 0.1171875
0 0.10569105691056911 0.284375 0.2032520325203252 0.0515625
0 0.5040650406504065 0.2515625 0.24390243902439024 0.0546875
0 0.6016260162601627 0.1703125 0.22764227642276422 0.053125
0 0.9227642276422764 0.05859375 0.15447154471544716 0.0703125
0 0.2032520325203252 0.2796875 0.3983739837398374 0.209375
0 0.15447154471544716 0.5265625 0.2845528455284553 0.0953125
0 0.44715447154471544 0.5140625 0.34146341463414637 0.0671875
0 0.967479674796748 0.6265625 0.06504065040650407 0.1171875
0 0.2845528455284553 0.684375 0.13008130081300814 0.0328125
0 0.7886178861788617 0.709375 0.13821138211382114 0.034375
0 0.8943089430894309 0.7796875 0.15447154471544716 0.03125
0 0.032520325203252036 0.8984375 0.056910569105691054 0.0375
0 0.5284552845528455 0.79375 0.34959349593495936 0.08125
0 0.9024390243902439 0.9125 0.16260162601626016 0.040625
0 0.8861788617886179 0.83125 0.22764227642276422 0.0953125
0 0.06504065040650407 0.8703125 0.12195121951219512 0.0859375