0 0.7884615384615384 0.2484375 0.4230769230769231 0.075
0 0.5480769230769231 0.175 0.3173076923076923 0.0640625
0 0.41346153846153844 0.0828125 0.25961538461538464 0.0578125
0 0.9326923076923077 0.4609375 0.1346153846153846 0.03125
0 0.7980769230769231 0.7625 0.3269230769230769 0.0625
0 0.375 0.6984375 0.15384615384615385 0.0296875
0 0.7019230769230769 0.64375 0.14423076923076922 0.025
0 0.9711538461538461 0.5328125 0.057692307692307696 0.0265625
0 0.40384615384615385 0.25625 0.28846153846153844 0.11875
0 0.6826923076923077 0.0203125 0.625 0.040625
0 0.8942307692307693 0.0484375 0.20192307692307693 0.096875
0 0.6105769230769231 0.53125 0.7788461538461539 0.371875
0 0.6634615384615384 0.425 0.28846153846153844 0.0875
0 0.5865384615384616 0.8890625 0.8173076923076923 0.221875