0 0.967948717948718 0.01328125 0.0641025641025641 0.0109375
0 0.5128205128205128 0.2640625 0.07692307692307693 0.0109375
0 0.0641025641025641 0.39375 0.1282051282051282 0.0140625
0 0.14102564102564102 0.365625 0.10256410256410256 0.0125
0 0.2692307692307692 0.4015625 0.0641025641025641 0.0078125
0 0.34615384615384615 0.4140625 0.10256410256410256 0.0171875
0 0.8076923076923077 0.3875 0.07692307692307693 0.0078125
0 0.782051282051282 0.3984375 0.0641025641025641 0.0078125
0 0.6282051282051282 0.4 0.07692307692307693 0.0109375
0 0.8589743589743589 0.4671875 0.10256410256410256 0.0109375
0 0.01282051282051282 0.4859375 0.02564102564102564 0.0140625
0 0.9358974358974359 0.8921875 0.0641025641025641 0.009375