0 0.6285714285714286 0.04375 0.7285714285714285 0.0859375
0 0.34285714285714286 0.703125 0.6857142857142857 0.0828125
0 0.9714285714285714 0.8546875 0.05714285714285714 0.0203125
0 0.8142857142857143 0.80625 0.22857142857142856 0.0296875
0 0.4857142857142857 0.809375 0.17142857142857143 0.015625
0 0.6571428571428571 0.259375 0.24285714285714285 0.0296875
0 0.2714285714285714 0.25625 0.15714285714285714 0.0203125
0 0.12857142857142856 0.1703125 0.2571428571428571 0.0046875
0 0.17142857142857143 0.109375 0.22857142857142856 0.0171875
0 0.15714285714285714 0.1390625 0.24285714285714285 0.0109375
0 0.6714285714285714 0.3140625 0.3 0.0203125
0 0.7142857142857143 0.5703125 0.24285714285714285 0.0296875
0 0.8714285714285714 0.909375 0.21428571428571427 0.0125
0 0.4714285714285714 0.896875 0.2 0.0125
0 0.3142857142857143 0.953125 0.11428571428571428 0.0125
0 0.17142857142857143 0.5 0.15714285714285714 0.0140625
0 0.9857142857142858 0.9921875 0.014285714285714285 0.0140625
0 0.8285714285714286 0.1859375 0.08571428571428572 0.0078125