0 0.19230769230769232 0.175 0.375 0.0796875
0 0.028846153846153848 0.059375 0.057692307692307696 0.01875
0 0.5865384615384616 0.1484375 0.1346153846153846 0.0265625
0 0.5961538461538461 0.1859375 0.10576923076923077 0.025
0 0.3942307692307692 0.109375 0.20192307692307693 0.04375
0 0.5865384615384616 0.3296875 0.3076923076923077 0.0671875
0 0.7884615384615384 0.3359375 0.09615384615384616 0.025
0 0.7788461538461539 0.3796875 0.14423076923076922 0.0265625
0 0.5769230769230769 0.4296875 0.16346153846153846 0.034375
0 0.17307692307692307 0.378125 0.15384615384615385 0.0265625
0 0.07692307692307693 0.4703125 0.15384615384615385 0.0390625
0 0.009615384615384616 0.0125 0.009615384615384616 0.0234375
0 0.17307692307692307 0.7890625 0.11538461538461539 0.021875
0 0.5673076923076923 0.7328125 0.08653846153846154 0.0171875
0 0.5096153846153846 0.6921875 0.125 0.025
0 0.7884615384615384 0.665625 0.1346153846153846 0.021875
0 0.7884615384615384 0.6296875 0.07692307692307693 0.015625
0 0.47115384615384615 0.9640625 0.10576923076923077 0.0203125