0 0.8266666666666667 0.865625 0.3466666666666667 0.059375
0 0.5333333333333333 0.9640625 0.4266666666666667 0.0421875
0 0.7066666666666667 0.7703125 0.4 0.021875
0 0.5333333333333333 0.59375 0.3333333333333333 0.0359375
0 0.7066666666666667 0.746875 0.16 0.0203125
0 0.36 0.5296875 0.26666666666666666 0.0234375
0 0.38666666666666666 0.8 0.17333333333333334 0.01875
0 0.9866666666666667 0.6625 0.013333333333333334 0.0125
0 0.7466666666666667 0.3453125 0.2 0.034375
0 0.6666666666666666 0.40625 0.22666666666666666 0.03125
0 0.9066666666666666 0.4953125 0.18666666666666668 0.01875
0 0.92 0.8015625 0.16 0.0578125
0 0.6533333333333333 0.9140625 0.5866666666666667 0.053125
0 0.06666666666666667 0.95 0.13333333333333333 0.0265625