0 0.4925373134328358 0.196875 0.3582089552238806 0.046875
0 0.1044776119402985 0.2859375 0.19402985074626866 0.03125
0 0.014925373134328358 0.14375 0.029850746268656716 0.0171875
0 0.6716417910447762 0.0984375 0.19402985074626866 0.021875
0 0.208955223880597 0.13125 0.29850746268656714 0.025
0 0.08955223880597014 0.1546875 0.1791044776119403 0.0171875
0 0.029850746268656716 0.2453125 0.05970149253731343 0.034375
0 0.40298507462686567 0.2609375 0.31343283582089554 0.0421875
0 0.4626865671641791 0.484375 0.4925373134328358 0.0234375
0 0.26865671641791045 0.3453125 0.3283582089552239 0.0265625
0 0.40298507462686567 0.6921875 0.23880597014925373 0.025
0 0.14925373134328357 0.95625 0.208955223880597 0.0171875
0 0.16417910447761194 0.9265625 0.23880597014925373 0.0125
0 0.1791044776119403 0.7578125 0.19402985074626866 0.021875
0 0.7313432835820896 0.7234375 0.13432835820895522 0.0125
0 0.2537313432835821 0.4375 0.23880597014925373 0.01875
0 0.05970149253731343 0.6 0.11940298507462686 0.0234375
0 0.07462686567164178 0.8890625 0.13432835820895522 0.01875