0 0.14864864864864866 0.0109375 0.2972972972972973 0.0203125
0 0.6081081081081081 0.065625 0.24324324324324326 0.0234375
0 0.36486486486486486 0.04375 0.0945945945945946 0.0234375
0 0.04054054054054054 0.0859375 0.06756756756756757 0.0203125
0 0.4189189189189189 0.1203125 0.16216216216216217 0.01875
0 0.12162162162162163 0.128125 0.22972972972972974 0.0359375
0 0.8378378378378378 0.2375 0.13513513513513514 0.0203125
0 0.05405405405405406 0.2234375 0.0945945945945946 0.034375
0 0.6081081081081081 0.459375 0.33783783783783783 0.040625
0 0.972972972972973 0.40625 0.05405405405405406 0.0296875
0 0.24324324324324326 0.26875 0.12162162162162163 0.025
0 0.7702702702702703 0.521875 0.20270270270270271 0.040625
0 0.40540540540540543 0.78125 0.43243243243243246 0.0625
0 0.13513513513513514 0.678125 0.25675675675675674 0.0390625
0 0.4189189189189189 0.625 0.21621621621621623 0.03125
0 0.7432432432432432 0.6484375 0.1891891891891892 0.028125
0 0.04054054054054054 0.9078125 0.06756756756756757 0.0328125
0 0.7432432432432432 0.9796875 0.36486486486486486 0.03125
0 0.3108108108108108 0.8484375 0.20270270270270271 0.01875