0 0.7792207792207793 0.4796875 0.37662337662337664 0.0171875
0 0.6363636363636364 0.3828125 0.24675324675324675 0.0140625
0 0.6623376623376623 0.5234375 0.2597402597402597 0.021875
0 0.7662337662337663 0.509375 0.2727272727272727 0.01875
0 0.8441558441558441 0.8109375 0.16883116883116883 0.0125
0 0.14285714285714285 0.7671875 0.14285714285714285 0.0125
0 0.4675324675324675 0.3015625 0.22077922077922077 0.0203125
0 0.2857142857142857 0.359375 0.2857142857142857 0.028125
0 0.8311688311688312 0.865625 0.3246753246753247 0.0265625
0 0.9090909090909091 0.915625 0.18181818181818182 0.0203125
0 0.5324675324675324 0.603125 0.935064935064935 0.79375
0 0.8311688311688312 0.071875 0.3246753246753247 0.14375
0 0.5194805194805194 0.0609375 0.961038961038961 0.1203125
0 0.922077922077922 0.7703125 0.15584415584415584 0.0328125