0 0.875 0.234375 0.25 0.0625
0 0.25 0.2625 0.22115384615384615 0.0359375
0 0.40384615384615385 0.0640625 0.7211538461538461 0.1265625
0 0.4230769230769231 0.5109375 0.34615384615384615 0.053125
0 0.9038461538461539 0.1390625 0.14423076923076922 0.03125
0 0.19230769230769232 0.4359375 0.38461538461538464 0.0953125
0 0.8365384615384616 0.4484375 0.3269230769230769 0.06875
0 0.9711538461538461 0.609375 0.057692307692307696 0.0828125
0 0.4230769230769231 0.4078125 0.8365384615384616 0.45
0 0.5384615384615384 0.9421875 0.34615384615384615 0.059375
0 0.3173076923076923 0.928125 0.625 0.14375
0 0.9134615384615384 0.9125 0.17307692307692307 0.175
0 0.5576923076923077 0.715625 0.75 0.1296875
0 0.4326923076923077 0.575 0.19230769230769232 0.0359375
0 0.25 0.903125 0.18269230769230768 0.034375
0 0.20192307692307693 0.325 0.18269230769230768 0.0359375
0 0.5961538461538461 0.0890625 0.16346153846153846 0.0265625
0 0.3269230769230769 0.0734375 0.14423076923076922 0.028125
0 0.9471153846153846 0.046875 0.10576923076923077 0.03125