0 0.08 0.7234375 0.14666666666666667 0.0234375
0 0.17333333333333334 0.546875 0.21333333333333335 0.028125
0 0.30666666666666664 0.6 0.26666666666666666 0.0234375
0 0.5866666666666667 0.7953125 0.4533333333333333 0.1109375
0 0.3466666666666667 0.3375 0.41333333333333333 0.05625
0 0.68 0.540625 0.2 0.03125
0 0.13333333333333333 0.20625 0.22666666666666666 0.0453125
0 0.49333333333333335 0.240625 0.2 0.03125
0 0.32 0.5109375 0.24 0.028125
0 0.3466666666666667 0.81875 0.49333333333333335 0.0484375
0 0.36 0.65 0.26666666666666666 0.01875
0 0.6666666666666666 0.0609375 0.18666666666666668 0.0234375
0 0.12 0.2859375 0.09333333333333334 0.0125