0 0.28 0.0125 0.12 0.0203125
0 0.26666666666666666 0.1609375 0.28 0.03125
0 0.76 0.490625 0.10666666666666667 0.01875
0 0.88 0.4953125 0.10666666666666667 0.01875
0 0.5333333333333333 0.8140625 0.10666666666666667 0.0125
0 0.5866666666666667 0.9953125 0.06666666666666667 0.0078125
0 0.05333333333333334 0.2625 0.09333333333333334 0.0078125
0 0.6266666666666667 0.5171875 0.06666666666666667 0.0125
0 0.04 0.875 0.06666666666666667 0.0171875
0 0.04 0.896875 0.08 0.0125
0 0.26666666666666666 0.9875 0.12 0.0125
0 0.06666666666666667 0.853125 0.10666666666666667 0.0171875