0 0.5135135135135135 0.184375 0.20270270270270271 0.0234375
0 0.6891891891891891 0.2359375 0.20270270270270271 0.028125
0 0.7972972972972973 0.3078125 0.16216216216216217 0.021875
0 0.9864864864864865 0.61875 0.013513513513513514 0.021875
0 0.8918918918918919 0.7328125 0.13513513513513514 0.0171875
0 0.32432432432432434 0.703125 0.17567567567567569 0.0359375
0 0.5540540540540541 0.7578125 0.16216216216216217 0.028125
0 0.6216216216216216 0.8375 0.20270270270270271 0.021875
0 0.6486486486486487 0.8078125 0.12162162162162163 0.0140625
0 0.5945945945945946 0.865625 0.12162162162162163 0.01875
0 0.8243243243243243 0.9 0.13513513513513514 0.0296875
0 0.9324324324324325 0.90625 0.08108108108108109 0.0140625
0 0.9054054054054054 0.9390625 0.1891891891891892 0.0234375
0 0.5540540540540541 0.9828125 0.13513513513513514 0.0203125
0 0.40540540540540543 0.9953125 0.12162162162162163 0.009375