0 0.16666666666666666 0.69375 0.22727272727272727 0.0328125
0 0.13636363636363635 0.8859375 0.25757575757575757 0.021875
0 0.7878787878787878 0.875 0.22727272727272727 0.028125
0 0.7424242424242424 0.2921875 0.15151515151515152 0.0171875
0 0.15151515151515152 0.2921875 0.30303030303030304 0.0109375
0 0.09090909090909091 0.415625 0.16666666666666666 0.04375
0 0.7727272727272727 0.9 0.24242424242424243 0.015625
0 0.25757575757575757 0.921875 0.16666666666666666 0.0109375
0 0.36363636363636365 0.984375 0.18181818181818182 0.01875
0 0.10606060606060606 0.784375 0.19696969696969696 0.0171875
0 0.9772727272727273 0.225 0.045454545454545456 0.01875
0 0.15151515151515152 0.253125 0.30303030303030304 0.0171875
0 0.015151515151515152 0.009375 0.030303030303030304 0.0171875
0 0.5454545454545454 0.13125 0.25757575757575757 0.0203125
0 0.5151515151515151 0.246875 0.09090909090909091 0.0109375
0 0.6060606060606061 0.2578125 0.13636363636363635 0.00625
0 0.045454545454545456 0.375 0.09090909090909091 0.0125