0 0.6029411764705882 0.3296875 0.2647058823529412 0.0390625
0 0.04411764705882353 0.9265625 0.07352941176470588 0.0171875
0 0.4117647058823529 0.453125 0.27941176470588236 0.034375
0 0.4117647058823529 0.4890625 0.14705882352941177 0.021875
0 0.014705882352941176 0.675 0.029411764705882353 0.01875
0 0.75 0.071875 0.23529411764705882 0.034375
0 0.9338235294117647 0.6296875 0.1323529411764706 0.05
0 0.9779411764705882 0.20546875 0.04411764705882353 0.0203125
0 0.9779411764705882 0.31875 0.04411764705882353 0.0125
0 0.9926470588235294 0.41015625 0.014705882352941176 0.0109375
0 0.9264705882352942 0.3484375 0.08823529411764706 0.009375
0 0.6764705882352942 0.5015625 0.11764705882352941 0.0140625
0 0.20588235294117646 0.88125 0.39705882352941174 0.046875
0 0.22058823529411764 0.9578125 0.17647058823529413 0.0140625
0 0.014705882352941176 0.9703125 0.014705882352941176 0.0125
0 0.029411764705882353 0.953125 0.04411764705882353 0.009375