0 0.26605504587155965 0.090625 0.1834862385321101 0.0296875
0 0.6238532110091743 0.0921875 0.1834862385321101 0.025
0 0.7431192660550459 0.04375 0.22935779816513763 0.0359375
0 0.8532110091743119 0.3890625 0.1926605504587156 0.0359375
0 0.6605504587155964 0.3078125 0.08256880733944955 0.021875
0 0.8532110091743119 0.25625 0.06422018348623854 0.0171875
0 0.13761467889908258 0.2609375 0.27522935779816515 0.1328125
0 0.6330275229357798 0.5328125 0.29357798165137616 0.05
0 0.5688073394495413 0.4765625 0.1651376146788991 0.0390625
0 0.3577981651376147 0.465625 0.11009174311926606 0.021875
0 0.14678899082568808 0.428125 0.13761467889908258 0.025
0 0.48623853211009177 0.4359375 0.1651376146788991 0.0296875
0 0.045871559633027525 0.7359375 0.08256880733944955 0.040625
0 0.3211009174311927 0.7140625 0.1834862385321101 0.0390625
0 0.6697247706422018 0.740625 0.22018348623853212 0.04375
0 0.027522935779816515 0.9515625 0.045871559633027525 0.0390625
0 0.30275229357798167 0.959375 0.3119266055045872 0.04375
0 0.9724770642201835 0.84375 0.05504587155963303 0.0296875
0 0.7981651376146789 0.8546875 0.11926605504587157 0.0234375
0 0.944954128440367 0.9015625 0.11009174311926606 0.021875
0 0.42201834862385323 0.6640625 0.12844036697247707 0.021875
0 0.5321100917431193 0.6421875 0.11926605504587157 0.0171875
0 0.7706422018348624 0.5921875 0.11926605504587157 0.0234375
0 0.8073394495412844 0.5671875 0.07339449541284404 0.015625
0 0.4036697247706422 0.5953125 0.13761467889908258 0.0265625
0 0.9403669724770642 0.65546875 0.11926605504587157 0.0265625
0 0.6513761467889908 0.79375 0.1743119266055046 0.0296875
0 0.944954128440367 0.9875 0.11009174311926606 0.025
0 0.48623853211009177 0.9328125 0.10091743119266056 0.025