0 0.8333333333333334 0.9265625 0.15625 0.025
0 0.5104166666666666 0.96875 0.07291666666666667 0.00625
0 0.9479166666666666 0.9921875 0.09375 0.0140625
0 0.9583333333333334 0.8375 0.08333333333333333 0.0203125
0 0.625 0.425 0.19791666666666666 0.0171875
0 0.7604166666666666 0.4984375 0.28125 0.01875
0 0.8125 0.409375 0.3125 0.0328125
0 0.84375 0.059375 0.2916666666666667 0.021875
0 0.5625 0.140625 0.10416666666666667 0.0171875
0 0.5520833333333334 0.2625 0.16666666666666666 0.0140625
0 0.9947916666666666 0.271875 0.010416666666666666 0.0125
0 0.9375 0.18125 0.125 0.0140625
0 0.4583333333333333 0.3453125 0.125 0.009375
0 0.5104166666666666 0.3640625 0.28125 0.009375
0 0.53125 0.496875 0.10416666666666667 0.009375
0 0.9270833333333334 0.00625 0.14583333333333334 0.0109375
0 0.6875 0.1015625 0.16666666666666666 0.025
0 0.8541666666666666 0.2671875 0.11458333333333333 0.0203125
0 0.9791666666666666 0.340625 0.041666666666666664 0.0109375