0 0.46153846153846156 0.98125 0.9230769230769231 0.0375
0 0.046153846153846156 0.1875 0.07692307692307693 0.0515625
0 0.5076923076923077 0.2265625 0.26153846153846155 0.0265625
0 0.4 0.6078125 0.6307692307692307 0.075
0 0.47692307692307695 0.859375 0.9384615384615385 0.125
0 0.6307692307692307 0.046875 0.16923076923076924 0.0125
0 0.1076923076923077 0.071875 0.2153846153846154 0.01875
0 0.676923076923077 0.165625 0.2923076923076923 0.0265625
0 0.26153846153846155 0.75 0.2153846153846154 0.0234375
0 0.7923076923076923 0.5046875 0.4153846153846154 0.034375
0 0.35384615384615387 0.1015625 0.23076923076923078 0.015625