0 0.06422018348623854 0.10625 0.11926605504587157 0.028125
0 0.11009174311926606 0.046875 0.12844036697247707 0.0328125
0 0.6422018348623854 0.0265625 0.1651376146788991 0.028125
0 0.8853211009174312 0.3625 0.22935779816513763 0.090625
0 0.1834862385321101 0.23125 0.13761467889908258 0.034375
0 0.09174311926605505 0.3375 0.1651376146788991 0.0328125
0 0.30275229357798167 0.303125 0.14678899082568808 0.0296875
0 0.43119266055045874 0.4203125 0.1743119266055046 0.0375
0 0.6605504587155964 0.396875 0.13761467889908258 0.025
0 0.6146788990825688 0.2859375 0.09174311926605505 0.028125
0 0.5045871559633027 0.3125 0.08256880733944955 0.0265625
0 0.981651376146789 0.4671875 0.03669724770642202 0.028125
0 0.045871559633027525 0.490625 0.08256880733944955 0.025
0 0.08256880733944955 0.4375 0.08256880733944955 0.01875
0 0.1651376146788991 0.4609375 0.10091743119266056 0.0203125
0 0.3486238532110092 0.49375 0.12844036697247707 0.0296875
0 0.8165137614678899 0.459375 0.1743119266055046 0.0296875
0 0.3669724770642202 0.5671875 0.1834862385321101 0.0296875
0 0.981651376146789 0.5703125 0.03669724770642202 0.0234375
0 0.08256880733944955 0.6109375 0.14678899082568808 0.0296875
0 0.3761467889908257 0.6578125 0.11009174311926606 0.0171875
0 0.13761467889908258 0.7265625 0.1651376146788991 0.034375
0 0.8073394495412844 0.684375 0.11926605504587157 0.0421875
0 0.9403669724770642 0.74453125 0.11926605504587157 0.0453125
0 0.44954128440366975 0.95625 0.24770642201834864 0.05
0 0.47706422018348627 0.8890625 0.1743119266055046 0.0359375
0 0.9495412844036697 0.86015625 0.10091743119266056 0.0296875
0 0.8532110091743119 0.8921875 0.1651376146788991 0.028125
0 0.6788990825688074 0.8140625 0.21100917431192662 0.0375
0 0.7706422018348624 0.8484375 0.13761467889908258 0.0171875
0 0.11926605504587157 0.7875 0.22935779816513763 0.0359375
0 0.41284403669724773 0.753125 0.1834862385321101 0.034375
0 0.6972477064220184 0.7359375 0.1651376146788991 0.0296875
0 0.03669724770642202 0.8921875 0.07339449541284404 0.0296875
0 0.22018348623853212 0.8328125 0.1834862385321101 0.0296875
0 0.43119266055045874 0.8296875 0.11009174311926606 0.0265625