0 0.1875 0.615625 0.3125 0.0390625
0 0.08333333333333333 0.4609375 0.15625 0.0453125
0 0.15625 0.753125 0.19791666666666666 0.03125
0 0.03125 0.7046875 0.052083333333333336 0.0390625
0 0.19791666666666666 0.6625 0.22916666666666666 0.0421875
0 0.03125 0.4015625 0.052083333333333336 0.034375
0 0.052083333333333336 0.3640625 0.10416666666666667 0.0328125
0 0.10416666666666667 0.0015625 0.20833333333333334 0.003125
0 0.041666666666666664 0.2296875 0.08333333333333333 0.021875
0 0.34375 0.2171875 0.23958333333333334 0.03125
0 0.4166666666666667 0.0703125 0.13541666666666666 0.021875