0 0.18666666666666668 0.009375 0.36 0.0171875
0 0.7333333333333333 0.7140625 0.2 0.01875
0 0.13333333333333333 0.00625 0.26666666666666666 0.0109375
0 0.8933333333333333 0.9703125 0.2 0.0203125
0 0.72 0.2546875 0.16 0.01875
0 0.09333333333333334 0.16875 0.18666666666666668 0.0296875
0 0.24 0.3515625 0.21333333333333335 0.0171875
0 0.92 0.4703125 0.14666666666666667 0.0203125
0 0.13333333333333333 0.4046875 0.25333333333333335 0.0375
0 0.04 0.8953125 0.06666666666666667 0.028125
0 0.18666666666666668 0.753125 0.36 0.0484375
0 0.6 0.3875 0.3466666666666667 0.04375
0 0.06666666666666667 0.0828125 0.13333333333333333 0.015625
0 0.76 0.15625 0.2 0.0296875
0 0.9466666666666667 0.3390625 0.10666666666666667 0.0234375
0 0.5866666666666667 0.2734375 0.05333333333333334 0.0109375
0 0.13333333333333333 0.85 0.06666666666666667 0.0125