0 0.5961538461538461 0.0609375 0.6634615384615384 0.1203125
0 0.11538461538461539 0.046875 0.19230769230769232 0.0375
0 0.0673076923076923 0.1 0.125 0.0234375
0 0.17307692307692307 0.0375 0.33653846153846156 0.075
0 0.6538461538461539 0.15625 0.2980769230769231 0.0421875
0 0.25961538461538464 0.275 0.16346153846153846 0.03125
0 0.4326923076923077 0.1921875 0.8557692307692307 0.2390625
0 0.6442307692307693 0.475 0.15384615384615385 0.028125
0 0.5384615384615384 0.565625 0.18269230769230768 0.040625
0 0.09615384615384616 0.596875 0.19230769230769232 0.0484375
0 0.08653846153846154 0.815625 0.17307692307692307 0.0609375
0 0.36538461538461536 0.634375 0.1346153846153846 0.028125
0 0.34615384615384615 0.696875 0.17307692307692307 0.028125
0 0.4423076923076923 0.703125 0.7692307692307693 0.2375
0 0.6538461538461539 0.9859375 0.18269230769230768 0.0265625
0 0.3269230769230769 0.890625 0.6538461538461539 0.21875
0 0.27884615384615385 0.96875 0.28846153846153844 0.0625
0 0.07692307692307693 0.96875 0.15384615384615385 0.0625
0 0.2692307692307692 0.8796875 0.38461538461538464 0.0828125