0 0.6029411764705882 0.3578125 0.47058823529411764 0.0703125
0 0.23529411764705882 0.746875 0.3235294117647059 0.0328125
0 0.6176470588235294 0.421875 0.17647058823529413 0.01875
0 0.4852941176470588 0.7921875 0.38235294117647056 0.0296875
0 0.7205882352941176 0.4875 0.1323529411764706 0.015625
0 0.17647058823529413 0.6546875 0.3382352941176471 0.0453125
0 0.058823529411764705 0.265625 0.11764705882352941 0.01875
0 0.29411764705882354 0.228125 0.27941176470588236 0.025
0 0.47058823529411764 0.3 0.10294117647058823 0.0109375
0 0.014705882352941176 0.3703125 0.014705882352941176 0.0109375
0 0.1323529411764706 0.44375 0.07352941176470588 0.0078125
0 0.014705882352941176 0.4546875 0.014705882352941176 0.009375
0 0.36764705882352944 0.4078125 0.04411764705882353 0.003125