0 0.9398148148148148 0.02734375 0.12037037037037036 0.0546875
0 0.7592592592592593 0.0125 0.17592592592592593 0.025
0 0.2777777777777778 0.0484375 0.4074074074074074 0.0953125
0 0.37962962962962965 0.059375 0.12037037037037036 0.034375
0 0.3425925925925926 0.128125 0.21296296296296297 0.0421875
0 0.6111111111111112 0.1390625 0.1388888888888889 0.0265625
0 0.24074074074074073 0.246875 0.3888888888888889 0.0890625
0 0.9398148148148148 0.14140625 0.12037037037037036 0.0328125
0 0.9398148148148148 0.2328125 0.12037037037037036 0.0375
0 0.32407407407407407 0.3421875 0.28703703703703703 0.059375
0 0.9305555555555556 0.44375 0.1388888888888889 0.0625
0 0.4444444444444444 0.5765625 0.2222222222222222 0.04375
0 0.7870370370370371 0.5859375 0.23148148148148148 0.040625
0 0.17592592592592593 0.5265625 0.17592592592592593 0.0265625
0 0.9490740740740741 0.3546875 0.10185185185185185 0.021875
0 0.75 0.2171875 0.1574074074074074 0.0296875
0 0.28703703703703703 0.2390625 0.1111111111111111 0.021875
0 0.3333333333333333 0.9796875 0.17592592592592593 0.040625
0 0.24074074074074073 0.6765625 0.1388888888888889 0.028125
0 0.9675925925925926 0.6421875 0.06481481481481481 0.03125
0 0.1111111111111111 0.6015625 0.19444444444444445 0.0875
0 0.08333333333333333 0.8109375 0.16666666666666666 0.0640625
0 0.09259259259259259 0.9375 0.17592592592592593 0.115625
0 0.42592592592592593 0.8875 0.2962962962962963 0.040625
0 0.5648148148148148 0.7734375 0.32407407407407407 0.0390625