0 0.8933333333333333 0.034375 0.2 0.0171875
0 0.36 0.271875 0.24 0.0265625
0 0.84 0.6109375 0.30666666666666664 0.0453125
0 0.37333333333333335 0.1578125 0.14666666666666667 0.0171875
0 0.05333333333333334 0.4375 0.09333333333333334 0.0171875
0 0.02666666666666667 0.1671875 0.04 0.0125
0 0.05333333333333334 0.3078125 0.10666666666666667 0.0171875
0 0.22666666666666666 0.0453125 0.16 0.015625
0 0.72 0.0421875 0.16 0.009375
0 0.6 0.41875 0.09333333333333334 0.0171875
0 0.68 0.4484375 0.12 0.015625
0 0.26666666666666666 0.5078125 0.16 0.0140625