0 0.19047619047619047 0.009375 0.0761904761904762 0.015625
0 0.7619047619047619 0.190625 0.38095238095238093 0.0671875
0 0.5904761904761905 0.2578125 0.09523809523809523 0.01875
0 0.3333333333333333 0.2625 0.0761904761904762 0.01875
0 0.6666666666666666 0.328125 0.23809523809523808 0.0375
0 0.20952380952380953 0.3921875 0.4095238095238095 0.1765625
0 0.8285714285714286 0.5265625 0.3333333333333333 0.0984375
0 0.6952380952380952 0.640625 0.23809523809523808 0.0390625
0 0.14285714285714285 0.71875 0.21904761904761905 0.0328125
0 0.5904761904761905 0.46875 0.44761904761904764 0.0609375
0 0.6571428571428571 0.6125 0.6761904761904762 0.4140625
0 0.5523809523809524 0.9484375 0.8476190476190476 0.1015625