0 0.2764227642276423 0.059375 0.4959349593495935 0.11875
0 0.8861788617886179 0.115625 0.22764227642276422 0.0796875
0 0.2926829268292683 0.4109375 0.42276422764227645 0.084375
0 0.9024390243902439 0.24375 0.1951219512195122 0.0765625
0 0.7560975609756098 0.5984375 0.4878048780487805 0.096875
0 0.8536585365853658 0.4515625 0.2926829268292683 0.0828125
0 0.4796747967479675 0.2765625 0.8943089430894309 0.153125
0 0.3170731707317073 0.7671875 0.3089430894308943 0.0578125
0 0.12195121951219512 0.6734375 0.23577235772357724 0.078125
0 0.5528455284552846 0.715625 0.34146341463414637 0.0703125
0 0.5 0.80390625 1 0.3890625
0 0.5609756097560976 0.9796875 0.2845528455284553 0.040625
0 0.8699186991869918 0.8171875 0.24390243902439024 0.04375
0 0.5934959349593496 0.8984375 0.3252032520325203 0.065625