0 0.3333333333333333 0.303125 0.44 0.1234375
0 0.9666666666666667 0.009375 0.06666666666666667 0.01875
0 0.82 0.00625 0.36 0.0125
0 0.6666666666666666 0.6890625 0.14666666666666667 0.0296875
0 0.94 0.1671875 0.12 0.028125
0 0.4666666666666667 0.1328125 0.44 0.0421875
0 0.7733333333333333 0.2265625 0.4533333333333333 0.05
0 0.8333333333333334 0.39921875 0.3333333333333333 0.0359375
0 0.28 0.71875 0.4266666666666667 0.0390625
0 0.94 0.8828125 0.12 0.028125
0 0.94 0.74140625 0.12 0.0484375
0 0.24 0.9 0.36 0.04375
0 0.6666666666666666 0.7765625 0.14666666666666667 0.0265625
0 0.98 0.0828125 0.04 0.015625
0 0.8133333333333334 0.7 0.13333333333333333 0.0171875