0 0.04807692307692308 0.234375 0.09615384615384616 0.0625
0 0.23076923076923078 0.034375 0.17307692307692307 0.0390625
0 0.18269230769230768 0.4015625 0.1346153846153846 0.0265625
0 0.5 0.184375 0.14423076923076922 0.0375
0 0.057692307692307696 0.4484375 0.10576923076923077 0.06875
0 0.4519230769230769 0.4265625 0.25961538461538464 0.2234375
0 0.2403846153846154 0.6078125 0.47115384615384615 0.08125
0 0.11538461538461539 0.784375 0.125 0.028125
0 0.25 0.9109375 0.49038461538461536 0.178125
0 0.18269230769230768 0.5296875 0.18269230769230768 0.0375
0 0.28846153846153844 0.9875 0.14423076923076922 0.0234375
0 0.3942307692307692 0.8953125 0.15384615384615385 0.0609375
0 0.009615384615384616 0.05 0.009615384615384616 0.03125
0 0.11538461538461539 0.065625 0.125 0.0390625
0 0.38461538461538464 0.0078125 0.1346153846153846 0.015625