0 0.1559633027522936 0.015625 0.13761467889908258 0.0296875
0 0.5596330275229358 0.0484375 0.12844036697247707 0.03125
0 0.7706422018348624 0.065625 0.1834862385321101 0.0328125
0 0.41284403669724773 0.0125 0.2018348623853211 0.0234375
0 0.6146788990825688 0.215625 0.22018348623853212 0.05
0 0.7155963302752294 0.1609375 0.1651376146788991 0.028125
0 0.3853211009174312 0.1390625 0.12844036697247707 0.028125
0 0.25688073394495414 0.371875 0.22018348623853212 0.053125
0 0.5504587155963303 0.3265625 0.1743119266055046 0.040625
0 0.9174311926605505 0.4328125 0.08256880733944955 0.01875
0 0.10091743119266056 0.4328125 0.12844036697247707 0.0265625
0 0.01834862385321101 0.4546875 0.027522935779816515 0.0296875
0 0.9357798165137615 0.60625 0.12844036697247707 0.059375
0 0.12844036697247707 0.490625 0.12844036697247707 0.028125
0 0.24770642201834864 0.4484375 0.11009174311926606 0.021875
0 0.5137614678899083 0.528125 0.13761467889908258 0.0296875
0 0.8348623853211009 0.5328125 0.13761467889908258 0.01875
0 0.22018348623853212 0.6296875 0.2018348623853211 0.0375
0 0.5688073394495413 0.66875 0.1651376146788991 0.0296875
0 0.7522935779816514 0.6828125 0.11926605504587157 0.025
0 0.045871559633027525 0.6859375 0.09174311926605505 0.0390625
0 0.5045871559633027 0.7734375 0.1651376146788991 0.0359375
0 0.8532110091743119 0.7578125 0.1834862385321101 0.0296875
0 0.3394495412844037 0.734375 0.13761467889908258 0.0296875
0 0.09174311926605505 0.83125 0.1651376146788991 0.0359375
0 0.3486238532110092 0.9234375 0.3669724770642202 0.0640625
0 0.5321100917431193 0.8359375 0.12844036697247707 0.025
0 0.3761467889908257 0.821875 0.13761467889908258 0.0234375
0 0.3761467889908257 0.8484375 0.09174311926605505 0.01875
0 0.1559633027522936 0.8609375 0.11926605504587157 0.01875
0 0.9495412844036697 0.80859375 0.10091743119266056 0.0296875
0 0.7706422018348624 0.7890625 0.2018348623853211 0.021875
0 0.6697247706422018 0.8453125 0.11009174311926606 0.0203125
0 0.8440366972477065 0.9453125 0.23853211009174313 0.04375
0 0.8532110091743119 0.846875 0.11926605504587157 0.0203125
0 0.9770642201834863 0.98984375 0.045871559633027525 0.0171875
0 0.7064220183486238 0.903125 0.11926605504587157 0.0234375
0 0.9862385321100917 0.90859375 0.027522935779816515 0.0203125