0 0.04065040650406504 0.0625 0.07317073170731707 0.0390625
0 0.3089430894308943 0.1046875 0.17073170731707318 0.0359375
0 0.43902439024390244 0.11875 0.8780487804878049 0.2359375
0 0.7804878048780488 0.23125 0.2682926829268293 0.0625
0 0.24390243902439024 0.3890625 0.34959349593495936 0.0671875
0 0.056910569105691054 0.334375 0.11382113821138211 0.046875
0 0.10569105691056911 0.4203125 0.17073170731707318 0.0375
0 0.7073170731707317 0.3625 0.22764227642276422 0.0515625
0 0.9959349593495935 0.33359375 0.008130081300813009 0.0296875
0 0.7764227642276422 0.3484375 0.44715447154471544 0.125
0 0.34146341463414637 0.4328125 0.6747967479674797 0.3390625
0 0.5365853658536586 0.4609375 0.14634146341463414 0.053125
0 0.3821138211382114 0.5578125 0.24390243902439024 0.0390625
0 0.2032520325203252 0.5078125 0.13008130081300814 0.040625
0 0.06504065040650407 0.5671875 0.12195121951219512 0.0515625
0 0.21138211382113822 0.659375 0.24390243902439024 0.046875
0 0.36585365853658536 0.6921875 0.7235772357723578 0.1890625
0 0.6504065040650406 0.7671875 0.34146341463414637 0.0671875
0 0.42276422764227645 0.834375 0.2682926829268293 0.05625
0 0.11382113821138211 0.784375 0.21951219512195122 0.065625
0 0.9349593495934959 0.60625 0.13008130081300814 0.215625
0 0.4146341463414634 0.9078125 0.14634146341463414 0.0359375
0 0.9796747967479674 0.98359375 0.04065040650406504 0.0296875
0 0.9390243902439024 0.96015625 0.12195121951219512 0.0765625
0 0.42276422764227645 0.9796875 0.8373983739837398 0.0390625