0 0.4722222222222222 0.00625 0.5277777777777778 0.0125
0 0.6527777777777778 0.228125 0.3472222222222222 0.034375
0 0.18055555555555555 0.153125 0.2638888888888889 0.0234375
0 0.9375 0.33984375 0.125 0.0546875
0 0.09722222222222222 0.30625 0.18055555555555555 0.0265625
0 0.09722222222222222 0.2328125 0.18055555555555555 0.0328125
0 0.8958333333333334 0.1359375 0.20833333333333334 0.021875
0 0.05555555555555555 0.446875 0.1111111111111111 0.0234375
0 0.013888888888888888 0.49375 0.027777777777777776 0.0234375
0 0.2222222222222222 0.9015625 0.4305555555555556 0.096875
0 0.05555555555555555 0.2640625 0.09722222222222222 0.0140625