0 0.9855769230769231 0.1734375 0.028846153846153848 0.08125
0 0.6923076923076923 0.0796875 0.14423076923076922 0.034375
0 0.9903846153846154 0.0578125 0.019230769230769232 0.01875
0 0.7307692307692307 0.525 0.33653846153846156 0.0609375
0 0.41346153846153844 0.428125 0.3173076923076923 0.2609375
0 0.8461538461538461 0.346875 0.17307692307692307 0.0375
0 0.9615384615384616 0.4703125 0.07692307692307693 0.0390625
0 0.40384615384615385 0.2375 0.16346153846153846 0.03125
0 0.8942307692307693 0.0109375 0.21153846153846154 0.0203125
0 0.5961538461538461 0.8203125 0.5865384615384616 0.084375
0 0.6057692307692307 0.7265625 0.15384615384615385 0.0234375
0 0.9038461538461539 0.6328125 0.16346153846153846 0.021875
0 0.9038461538461539 0.9984375 0.17307692307692307 0.003125