0 0.4050632911392405 0.0015625 0.12658227848101267 0.003125
0 0.7848101265822784 0.0796875 0.12658227848101267 0.0125
0 0.34177215189873417 0.1484375 0.1518987341772152 0.0203125
0 0.1518987341772152 0.1953125 0.11392405063291139 0.015625
0 0.6582278481012658 0.215625 0.10126582278481013 0.015625
0 0.10126582278481013 0.090625 0.11392405063291139 0.0171875
0 0.08860759493670886 0.3046875 0.11392405063291139 0.015625
0 0.10126582278481013 0.3328125 0.12658227848101267 0.01875
0 0.4430379746835443 0.34375 0.08860759493670886 0.0125
0 0.8227848101265823 0.3328125 0.25316455696202533 0.0390625
0 0.8734177215189873 0.296875 0.11392405063291139 0.01875
0 0.5063291139240507 0.253125 0.16455696202531644 0.0140625
0 0.12658227848101267 0.215625 0.16455696202531644 0.0171875
0 0.6329113924050633 0.5703125 0.0759493670886076 0.0109375
0 0.4936708860759494 0.5921875 0.08860759493670886 0.0140625
0 0.379746835443038 0.63125 0.16455696202531644 0.0234375
0 0.012658227848101266 0.6734375 0.012658227848101266 0.021875
0 0.16455696202531644 0.853125 0.08860759493670886 0.0109375
0 0.012658227848101266 0.940625 0.02531645569620253 0.015625
0 0.7848101265822784 0.8234375 0.16455696202531644 0.0359375