0 0.9485294117647058 0.43671875 0.10294117647058823 0.0265625
0 0.5735294117647058 0.028125 0.4117647058823529 0.0265625
0 0.25 0.8578125 0.25 0.01875
0 0.6470588235294118 0.878125 0.27941176470588236 0.0203125
0 0.5588235294117647 0.9171875 0.25 0.0140625
0 0.5735294117647058 0.6609375 0.17647058823529413 0.0234375
0 0.9044117647058824 0.62421875 0.19117647058823528 0.0296875
0 0.29411764705882354 0.6609375 0.22058823529411764 0.0234375
0 0.6617647058823529 0.5359375 0.23529411764705882 0.015625
0 0.3382352941176471 0.4390625 0.20588235294117646 0.015625
0 0.22058823529411764 0.590625 0.11764705882352941 0.01875
0 0.4852941176470588 0.0640625 0.17647058823529413 0.009375
0 0.6176470588235294 0.2765625 0.11764705882352941 0.015625
0 0.9632352941176471 0.38515625 0.07352941176470588 0.0140625