0 0.10126582278481013 0.159375 0.20253164556962025 0.08125
0 0.02531645569620253 0.078125 0.0379746835443038 0.0109375
0 0.9620253164556962 0.09375 0.0759493670886076 0.0109375
0 0.9873417721518988 0.0734375 0.012658227848101266 0.009375
0 0.9367088607594937 0.1734375 0.08860759493670886 0.0109375
0 0.5569620253164557 0.1375 0.02531645569620253 0.003125
0 0.8354430379746836 0.140625 0.06329113924050633 0.0078125
0 0.3291139240506329 0.325 0.06329113924050633 0.0078125
0 0.012658227848101266 0.278125 0.02531645569620253 0.0078125
0 0.9620253164556962 0.3515625 0.0759493670886076 0.0125
0 0.34177215189873417 0.3578125 0.08860759493670886 0.0109375
0 0.9240506329113924 0.040625 0.0759493670886076 0.01875
0 0.25316455696202533 0.6078125 0.0379746835443038 0.0078125
0 0.7088607594936709 0.6125 0.06329113924050633 0.0078125
0 0.759493670886076 0.61875 0.05063291139240506 0.0078125
0 0.4810126582278481 0.6671875 0.06329113924050633 0.009375
0 0.9367088607594937 0.6671875 0.0759493670886076 0.0140625
0 0.9367088607594937 0.6359375 0.06329113924050633 0.0125
0 0.810126582278481 0.7359375 0.13924050632911392 0.01875
0 0.3670886075949367 0.7515625 0.06329113924050633 0.009375
0 0.620253164556962 0.7578125 0.05063291139240506 0.0046875
0 0.43037974683544306 0.615625 0.06329113924050633 0.0078125
0 0.5949367088607594 0.884375 0.10126582278481013 0.0140625
0 0.3670886075949367 0.8359375 0.05063291139240506 0.0078125
0 0.21518987341772153 0.8640625 0.0759493670886076 0.0109375
0 0.21518987341772153 0.91875 0.05063291139240506 0.009375
0 0.31645569620253167 0.884375 0.06329113924050633 0.009375