0 0.75 0.05 0.5 0.1
0 0.8 0.315625 0.4 0.171875
0 0.38571428571428573 0.4328125 0.4 0.0609375
0 0.5714285714285714 0.4984375 0.38571428571428573 0.0390625
0 0.5714285714285714 0.9484375 0.4 0.065625
0 0.9 0.8484375 0.2 0.20625
0 0.8571428571428571 0.590625 0.2714285714285714 0.053125
0 0.7928571428571428 0.18359375 0.4142857142857143 0.0796875
0 0.5428571428571428 0.684375 0.34285714285714286 0.0265625
0 0.45714285714285713 0.184375 0.07142857142857142 0.0078125
0 0.02857142857142857 0.7125 0.04285714285714286 0.0359375
0 0.5142857142857142 0.86875 0.2857142857142857 0.053125