0 0.22916666666666666 0.965625 0.2708333333333333 0.05
0 0.10416666666666667 0.9859375 0.16666666666666666 0.028125
0 0.5208333333333334 0.5796875 0.34375 0.040625
0 0.20833333333333334 0.5453125 0.34375 0.0296875
0 0.1875 0.6453125 0.3645833333333333 0.0296875
0 0.10416666666666667 0.7359375 0.19791666666666666 0.05
0 0.4479166666666667 0.7390625 0.4583333333333333 0.046875
0 0.4791666666666667 0.809375 0.2916666666666667 0.0609375
0 0.4270833333333333 0.1 0.5833333333333334 0.1828125
0 0.0625 0.1328125 0.11458333333333333 0.1421875
0 0.3020833333333333 0.459375 0.6041666666666666 0.1796875
0 0.17708333333333334 0.3109375 0.34375 0.0484375
0 0.53125 0.3265625 0.3020833333333333 0.04375