0 0.06481481481481481 0.1765625 0.12962962962962962 0.03125
0 0.1388888888888889 0.1078125 0.26851851851851855 0.0421875
0 0.037037037037037035 0.321875 0.07407407407407407 0.021875
0 0.17592592592592593 0.2015625 0.18518518518518517 0.0421875
0 0.37962962962962965 0.2203125 0.1111111111111111 0.03125
0 0.6574074074074074 0.196875 0.12962962962962962 0.021875
0 0.19444444444444445 0.409375 0.1388888888888889 0.025
0 0.6388888888888888 0.2859375 0.2962962962962963 0.1296875
0 0.5185185185185185 0.55 0.5092592592592593 0.19375
0 0.037037037037037035 0.546875 0.07407407407407407 0.04375
0 0.23148148148148148 0.828125 0.16666666666666666 0.0234375
0 0.6759259259259259 0.803125 0.12962962962962962 0.025
0 0.35185185185185186 0.871875 0.2777777777777778 0.0390625
0 0.046296296296296294 0.8359375 0.08333333333333333 0.0265625
0 0.6851851851851852 0.6875 0.16666666666666666 0.0703125
0 0.4444444444444444 0.771875 0.18518518518518517 0.0546875
0 0.4444444444444444 0.996875 0.18518518518518517 0.0046875
0 0.6296296296296297 0.9109375 0.19444444444444445 0.0734375