0 0.8173076923076923 0.1203125 0.17307692307692307 0.0234375
0 0.9711538461538461 0.04375 0.057692307692307696 0.028125
0 0.7644230769230769 0.1984375 0.47115384615384615 0.13125
0 0.9855769230769231 0.46953125 0.028846153846153848 0.1515625
0 0.7211538461538461 0.4640625 0.4326923076923077 0.1765625
0 0.9423076923076923 0.728125 0.11538461538461539 0.0296875
0 0.8365384615384616 0.7640625 0.16346153846153846 0.03125
0 0.6826923076923077 0.6171875 0.15384615384615385 0.0375
0 0.9711538461538461 0.9640625 0.057692307692307696 0.0390625
0 0.5576923076923077 0.9625 0.14423076923076922 0.0375
0 0.9663461538461539 0.9109375 0.0673076923076923 0.046875
0 0.7307692307692307 0.7859375 0.5384615384615384 0.4265625
0 0.9134615384615384 0.6609375 0.17307692307692307 0.034375
0 0.5961538461538461 0.7453125 0.14423076923076922 0.0328125
0 0.5384615384615384 0.771875 0.11538461538461539 0.2671875