0 0.08256880733944955 0.003125 0.12844036697247707 0.00625
0 0.2018348623853211 0.015625 0.11926605504587157 0.025
0 0.6605504587155964 0.0140625 0.14678899082568808 0.0265625
0 0.22935779816513763 0.1171875 0.14678899082568808 0.03125
0 0.1834862385321101 0.1515625 0.2018348623853211 0.0375
0 0.7431192660550459 0.1578125 0.1559633027522936 0.040625
0 0.9311926605504587 0.17734375 0.13761467889908258 0.0453125
0 0.5412844036697247 0.1359375 0.11009174311926606 0.0234375
0 0.07339449541284404 0.340625 0.13761467889908258 0.040625
0 0.07339449541284404 0.2484375 0.13761467889908258 0.025
0 0.23853211009174313 0.25 0.11926605504587157 0.0234375
0 0.8715596330275229 0.2859375 0.24770642201834864 0.08125
0 0.9587155963302753 0.359375 0.08256880733944955 0.040625
0 0.01834862385321101 0.4734375 0.027522935779816515 0.125
0 0.43119266055045874 0.4015625 0.1926605504587156 0.0296875
0 0.7247706422018348 0.425 0.12844036697247707 0.0296875
0 0.26605504587155965 0.471875 0.46788990825688076 0.134375
0 0.908256880733945 0.4953125 0.11926605504587157 0.0265625
0 0.8165137614678899 0.4640625 0.11009174311926606 0.0203125
0 0.5779816513761468 0.559375 0.2018348623853211 0.0390625
0 0.5412844036697247 0.603125 0.43119266055045874 0.075
0 0.09174311926605505 0.5796875 0.1743119266055046 0.0515625
0 0.1651376146788991 0.6390625 0.1926605504587156 0.0390625
0 0.8532110091743119 0.6625 0.1743119266055046 0.028125
0 0.7247706422018348 0.709375 0.29357798165137616 0.040625
0 0.9678899082568807 0.7984375 0.06422018348623854 0.046875
0 0.5596330275229358 0.7640625 0.1651376146788991 0.03125
0 0.8165137614678899 0.965625 0.11926605504587157 0.0234375
0 0.9770642201834863 0.9703125 0.045871559633027525 0.01875
0 0.11009174311926606 0.9828125 0.21100917431192662 0.0328125