0 0.18556701030927836 0.946875 0.08247422680412371 0.015625
0 0.030927835051546393 0.9546875 0.05154639175257732 0.0140625
0 0.27835051546391754 0.9015625 0.061855670103092786 0.009375
0 0.28865979381443296 0.971875 0.05154639175257732 0.0140625
0 0.010309278350515464 0.8265625 0.010309278350515464 0.015625
0 0.13402061855670103 0.7875 0.1134020618556701 0.0125
0 0.061855670103092786 0.728125 0.09278350515463918 0.0109375
0 0.030927835051546393 0.9984375 0.061855670103092786 0.0015625
0 0.20618556701030927 0.8015625 0.09278350515463918 0.0140625
0 0.26804123711340205 0.5375 0.44329896907216493 0.0453125
0 0.4536082474226804 0.3453125 0.32989690721649484 0.0328125
0 0.21649484536082475 0.396875 0.13402061855670103 0.046875
0 0.041237113402061855 0.2671875 0.08247422680412371 0.0265625
0 0.2268041237113402 0.1625 0.31958762886597936 0.03125
0 0.010309278350515464 0.2390625 0.020618556701030927 0.021875
0 0.09278350515463918 0.3109375 0.17525773195876287 0.01875
0 0.21649484536082475 0.50625 0.18556701030927836 0.0171875
0 0.30927835051546393 0.4515625 0.13402061855670103 0.025
0 0.1134020618556701 0.35 0.13402061855670103 0.0171875