0 0.35135135135135137 0.0921875 0.33783783783783783 0.0421875
0 0.40540540540540543 0.0125 0.21621621621621623 0.025
0 0.08108108108108109 0.590625 0.16216216216216217 0.034375
0 0.5 0.6109375 0.20270270270270271 0.025
0 0.02702702702702703 0.5421875 0.04054054054054054 0.0234375
0 0.6756756756756757 0.6 0.3108108108108108 0.140625
0 0.3108108108108108 0.65 0.1891891891891892 0.0234375
0 0.3108108108108108 0.609375 0.08108108108108109 0.0171875
0 0.7567567567567568 0.7734375 0.14864864864864866 0.1171875
0 0.06756756756756757 0.625 0.12162162162162163 0.0265625
0 0.47297297297297297 0.7078125 0.14864864864864866 0.0375