0 0.3835616438356164 0.4390625 0.136986301369863 0.01875
0 0.0410958904109589 0.434375 0.0821917808219178 0.0140625
0 0.0410958904109589 0.3703125 0.0821917808219178 0.0140625
0 0.5753424657534246 0.334375 0.1232876712328767 0.015625
0 0.2054794520547945 0.284375 0.1917808219178082 0.0203125
0 0.4931506849315068 0.0984375 0.0958904109589041 0.0125
0 0.6164383561643836 0.715625 0.1917808219178082 0.0296875
0 0.3835616438356164 0.58125 0.0821917808219178 0.0140625
0 0.6164383561643836 0.5078125 0.0958904109589041 0.015625
0 0.5753424657534246 0.478125 0.0958904109589041 0.0109375
0 0.3287671232876712 0.51875 0.0958904109589041 0.0140625
0 0.7671232876712328 0.5375 0.0684931506849315 0.0125
0 0.7397260273972602 0.559375 0.0684931506849315 0.0109375
0 0.136986301369863 0.8 0.1917808219178082 0.028125
0 0.6712328767123288 0.8125 0.2328767123287671 0.134375