0 0.2 0.0078125 0.38571428571428573 0.015625
0 0.1 0.0734375 0.2 0.1109375
0 0.22857142857142856 0.3390625 0.44285714285714284 0.165625
0 0.5 0.85625 1 0.2
0 0.42857142857142855 0.5421875 0.38571428571428573 0.04375
0 0.12857142857142856 0.60625 0.24285714285714285 0.0515625
0 0.12857142857142856 0.2109375 0.2571428571428571 0.078125
0 0.7142857142857143 0.015625 0.32857142857142857 0.0296875
0 0.7 0.1625 0.37142857142857144 0.021875
0 0.5285714285714286 0.196875 0.1 0.0125
0 0.7 0.2828125 0.3142857142857143 0.028125
0 0.04285714285714286 0.4625 0.07142857142857142 0.0140625
0 0.44285714285714284 0.59375 0.24285714285714285 0.0203125
0 0.11428571428571428 0.5078125 0.14285714285714285 0.0140625