0 0.21428571428571427 0.0203125 0.24285714285714285 0.040625
0 0.9428571428571428 0.0234375 0.11428571428571428 0.028125
0 0.7571428571428571 0.2890625 0.4857142857142857 0.2421875
0 0.7928571428571428 0.44296875 0.4142857142857143 0.0421875
0 0.7571428571428571 0.54375 0.35714285714285715 0.040625
0 0.7142857142857143 0.490625 0.32857142857142857 0.04375
0 0.04285714285714286 0.2328125 0.08571428571428572 0.0390625
0 0.8142857142857143 0.8734375 0.37142857142857144 0.05
0 0.6857142857142857 0.9984375 0.6142857142857143 0.003125
0 0.2571428571428571 0.5421875 0.5 0.06875
0 0.12857142857142856 0.6828125 0.2571428571428571 0.0625