0 0.6865671641791045 0.1859375 0.34328358208955223 0.0296875
0 0.5671641791044776 0.3421875 0.2537313432835821 0.0359375
0 0.9328358208955224 0.471875 0.13432835820895522 0.040625
0 0.9477611940298507 0.8546875 0.1044776119402985 0.0875
0 0.2537313432835821 0.7375 0.31343283582089554 0.03125
0 0.14925373134328357 0.178125 0.1791044776119403 0.0125
0 0.40298507462686567 0.25 0.19402985074626866 0.0140625
0 0.7910447761194029 0.540625 0.16417910447761194 0.0203125
0 0.6865671641791045 0.9375 0.19402985074626866 0.028125
0 0.6716417910447762 0.0796875 0.1044776119402985 0.0171875
0 0.7313432835820896 0.115625 0.1044776119402985 0.0125
0 0.9477611940298507 0.7984375 0.1044776119402985 0.0125