0 0.05454545454545454 0.0859375 0.1 0.025
0 0.32727272727272727 0.021875 0.19090909090909092 0.03125
0 0.5636363636363636 0.2546875 0.13636363636363635 0.04375
0 0.9545454545454546 0.290625 0.09090909090909091 0.034375
0 0.5181818181818182 0.20625 0.12727272727272726 0.0265625
0 0.5363636363636364 0.2515625 0.6636363636363637 0.1546875
0 0.8 0.6109375 0.35454545454545455 0.1296875
0 0.13636363636363635 0.44375 0.2545454545454545 0.040625
0 0.23636363636363636 0.378125 0.1 0.0171875
0 0.2909090909090909 0.396875 0.07272727272727272 0.0140625
0 0.38181818181818183 0.371875 0.11818181818181818 0.01875
0 0.7818181818181819 0.378125 0.11818181818181818 0.015625
0 0.8954545454545455 0.40859375 0.20909090909090908 0.0734375
0 0.045454545454545456 0.3484375 0.09090909090909091 0.0421875
0 0.24545454545454545 0.1 0.16363636363636364 0.04375
0 0.5181818181818182 0.0921875 0.23636363636363636 0.0484375
0 0.17272727272727273 0.615625 0.17272727272727273 0.034375
0 0.6363636363636364 0.5046875 0.19090909090909092 0.0390625
0 0.8545454545454545 0.5234375 0.09090909090909091 0.021875
0 0.6545454545454545 0.534375 0.09090909090909091 0.0171875
0 0.17272727272727273 0.575 0.14545454545454545 0.0265625
0 0.07272727272727272 0.525 0.14545454545454545 0.053125
0 0.36363636363636365 0.4734375 0.14545454545454545 0.028125
0 0.22727272727272727 0.66875 0.19090909090909092 0.028125
0 0.4090909090909091 0.6359375 0.10909090909090909 0.025
0 0.01818181818181818 0.75625 0.02727272727272727 0.0328125
0 0.15454545454545454 0.790625 0.12727272727272726 0.028125
0 0.37272727272727274 0.7140625 0.17272727272727273 0.0375
0 0.44545454545454544 0.8359375 0.2 0.040625
0 0.9181818181818182 0.7234375 0.13636363636363635 0.0828125
0 0.6363636363636364 0.746875 0.3 0.0546875
0 0.8909090909090909 0.878125 0.14545454545454545 0.06875
0 0.02727272727272727 0.915625 0.05454545454545454 0.115625
0 0.6909090909090909 0.821875 0.14545454545454545 0.025
0 0.7363636363636363 0.9328125 0.14545454545454545 0.0375
0 0.5636363636363636 0.88125 0.15454545454545454 0.03125
0 0.34545454545454546 0.946875 0.18181818181818182 0.0359375
0 0.3181818181818182 0.8796875 0.12727272727272726 0.025
0 0.2727272727272727 0.9109375 0.10909090909090909 0.0234375
0 0.15454545454545454 0.9875 0.3 0.0234375