0 0.18699186991869918 0.00625 0.17073170731707318 0.0125
0 0.06504065040650407 0.071875 0.12195121951219512 0.0359375
0 0.34146341463414637 0.1109375 0.16260162601626016 0.0328125
0 0.43089430894308944 0.1171875 0.8617886178861789 0.2328125
0 0.7723577235772358 0.228125 0.25203252032520324 0.0578125
0 0.2845528455284553 0.375 0.3252032520325203 0.0625
0 0.08130081300813008 0.325 0.16260162601626016 0.04375
0 0.15447154471544716 0.4046875 0.16260162601626016 0.034375
0 0.7073170731707317 0.35 0.21138211382113822 0.0484375
0 0.9878048780487805 0.3234375 0.024390243902439025 0.028125
0 0.7845528455284553 0.3375 0.43089430894308944 0.115625
0 0.34146341463414637 0.415625 0.6747967479674797 0.3125
0 0.5528455284552846 0.4421875 0.13821138211382114 0.05
0 0.4065040650406504 0.53125 0.22764227642276422 0.0359375
0 0.24390243902439024 0.484375 0.12195121951219512 0.0375
0 0.08130081300813008 0.5390625 0.16260162601626016 0.0484375
0 0.25203252032520324 0.625 0.22764227642276422 0.04375
0 0.36585365853658536 0.65625 0.7235772357723578 0.175
0 0.6585365853658537 0.725 0.3170731707317073 0.0625
0 0.44715447154471544 0.7859375 0.25203252032520324 0.0515625
0 0.14634146341463414 0.740625 0.23577235772357724 0.0609375
0 0.9308943089430894 0.5765625 0.13821138211382114 0.2
0 0.008130081300813009 0.8546875 0.016260162601626018 0.05625
0 0.43902439024390244 0.85625 0.13821138211382114 0.0328125
0 0.3252032520325203 0.9765625 0.24390243902439024 0.046875
0 0.7235772357723578 0.9671875 0.16260162601626016 0.03125
0 0.6585365853658537 0.99375 0.16260162601626016 0.0109375
0 0.8455284552845529 0.9953125 0.10569105691056911 0.009375
0 0.9715447154471545 0.93828125 0.056910569105691054 0.0546875
0 0.9308943089430894 0.93359375 0.13821138211382114 0.1296875
0 0.4146341463414634 0.9515625 0.8292682926829268 0.0953125