0 0.6153846153846154 0.1734375 0.2403846153846154 0.05
0 0.4519230769230769 0.15625 0.625 0.1203125
0 0.8557692307692307 0.1765625 0.28846153846153844 0.309375
0 0.4423076923076923 0.3375 0.375 0.075
0 0.028846153846153848 0.04375 0.057692307692307696 0.028125
0 0.47115384615384615 0.00625 0.625 0.0125
0 0.019230769230769232 0.1984375 0.028846153846153848 0.13125
0 0.47115384615384615 0.4703125 0.9326923076923077 0.1515625
0 0.9759615384615384 0.809375 0.04807692307692308 0.0375
0 0.28846153846153844 0.7484375 0.4230769230769231 0.06875
0 0.4230769230769231 0.821875 0.19230769230769232 0.0359375
0 0.009615384615384616 0.728125 0.009615384615384616 0.0296875
0 0.75 0.6234375 0.23076923076923078 0.0375
0 0.23076923076923078 0.8734375 0.10576923076923077 0.0234375
0 0.40384615384615385 0.871875 0.125 0.0234375
0 0.5769230769230769 0.959375 0.17307692307692307 0.03125
0 0.8365384615384616 0.9484375 0.17307692307692307 0.040625
0 0.04807692307692308 0.9640625 0.09615384615384616 0.0390625
0 0.04807692307692308 0.9109375 0.08653846153846154 0.046875
0 0.7211538461538461 0.75625 0.20192307692307693 0.0375
0 0.5 0.7859375 1 0.4265625
0 0.009615384615384616 0.6609375 0.009615384615384616 0.034375
0 0.46153846153846156 0.63125 0.16346153846153846 0.0375