0 0.6153846153846154 0.0375 0.7692307692307693 0.075
0 0.49038461538461536 0.3109375 0.46153846153846156 0.0875
0 0.6346153846153846 0.1109375 0.7307692307692307 0.0875
0 0.9855769230769231 0.59609375 0.028846153846153848 0.0484375
0 0.625 0.5171875 0.15384615384615385 0.028125
0 0.9278846153846154 0.81484375 0.14423076923076922 0.0609375
0 0.40384615384615385 0.665625 0.17307692307692307 0.028125
0 0.6538461538461539 0.671875 0.21153846153846154 0.0359375
0 0.28846153846153844 0.9609375 0.34615384615384615 0.078125
0 0.7884615384615384 0.890625 0.4230769230769231 0.21875
0 0.6538461538461539 0.9921875 0.11538461538461539 0.0140625
0 0.8461538461538461 0.96875 0.3076923076923077 0.0625