0 0.49333333333333335 0.496875 0.14666666666666667 0.0203125
0 0.16 0.415625 0.28 0.0265625
0 0.04 0.1859375 0.08 0.01875
0 0.2 0.796875 0.13333333333333333 0.015625
0 0.17333333333333334 0.8578125 0.22666666666666666 0.0265625
0 0.7466666666666667 0.1609375 0.10666666666666667 0.0109375
0 0.29333333333333333 0.5046875 0.13333333333333333 0.015625
0 0.4 0.565625 0.09333333333333334 0.015625
0 0.7733333333333333 0.7171875 0.24 0.01875
0 0.9733333333333334 0.865625 0.04 0.0171875
0 0.9866666666666667 0.8875 0.013333333333333334 0.0125
0 0.29333333333333333 0.9453125 0.08 0.009375
0 0.96 0.990625 0.06666666666666667 0.0078125