0 0.08 0.734375 0.14666666666666667 0.0234375
0 0.17333333333333334 0.5546875 0.21333333333333335 0.0296875
0 0.32 0.609375 0.28 0.0234375
0 0.5866666666666667 0.8078125 0.4533333333333333 0.1125
0 0.3466666666666667 0.340625 0.41333333333333333 0.0578125
0 0.6933333333333334 0.5484375 0.2 0.0328125
0 0.14666666666666667 0.2078125 0.22666666666666666 0.0453125
0 0.5066666666666667 0.24375 0.2 0.0328125
0 0.32 0.51875 0.24 0.0296875
0 0.3466666666666667 0.83125 0.5066666666666667 0.0484375
0 0.36 0.659375 0.28 0.01875
0 0.68 0.0609375 0.18666666666666668 0.0234375
0 0.12 0.2890625 0.09333333333333334 0.0125