0 0.25773195876288657 0.9109375 0.5154639175257731 0.0734375
0 0.7938144329896907 0.8890625 0.27835051546391754 0.0234375
0 0.09278350515463918 0.784375 0.18556701030927836 0.03125
0 0.9278350515463918 0.7140625 0.14432989690721648 0.0546875
0 0.5670103092783505 0.7296875 0.15463917525773196 0.0328125
0 0.6494845360824743 0.60625 0.38144329896907214 0.0421875
0 0.15463917525773196 0.496875 0.28865979381443296 0.0421875
0 0.07216494845360824 0.578125 0.14432989690721648 0.0609375
0 0.010309278350515464 0.671875 0.020618556701030927 0.0484375
0 0.5154639175257731 0.6578125 0.36082474226804123 0.0234375
0 0.6804123711340206 0.6875 0.16494845360824742 0.021875
0 0.9072164948453608 0.071875 0.18556701030927836 0.14375
0 0.9536082474226805 0.41796875 0.09278350515463918 0.1921875