0 0.3238095238095238 0.103125 0.45714285714285713 0.071875
0 0.7904761904761904 0.1109375 0.1619047619047619 0.034375
0 0.9428571428571428 0.1546875 0.11428571428571428 0.0375
0 0.8666666666666667 0.3078125 0.2571428571428571 0.0609375
0 0.9619047619047619 0.434375 0.0761904761904762 0.0359375
0 0.3904761904761905 0.5015625 0.2 0.0328125
0 0.49523809523809526 0.640625 0.20952380952380953 0.0390625
0 0.7714285714285715 0.6046875 0.45714285714285713 0.2171875
0 0.009523809523809525 0.7953125 0.009523809523809525 0.0859375
0 0.02857142857142857 0.3484375 0.047619047619047616 0.0296875
0 0.1619047619047619 0.196875 0.047619047619047616 0.0140625
0 0.10476190476190476 0.5046875 0.11428571428571428 0.01875
0 0.638095238095238 0.9953125 0.12380952380952381 0.0078125
0 0.7333333333333333 0.875 0.5333333333333333 0.25
0 0.20952380952380953 0.6625 0.21904761904761905 0.0546875
0 0.2761904761904762 0.35 0.14285714285714285 0.0390625