0 0.72 0.178125 0.56 0.0859375
0 0.06666666666666667 0.5609375 0.13333333333333333 0.04375
0 0.05333333333333334 0.4234375 0.10666666666666667 0.03125
0 0.6533333333333333 0.815625 0.12 0.0125
0 0.92 0.3921875 0.16 0.0203125
0 0.96 0.50625 0.08 0.04375
0 0.5066666666666667 0.021875 0.4666666666666667 0.04375
0 0.16 0.0421875 0.30666666666666664 0.075
0 0.17333333333333334 0.61875 0.13333333333333333 0.0125
0 0.5866666666666667 0.7015625 0.5333333333333333 0.0421875
0 0.92 0.6046875 0.14666666666666667 0.0296875
0 0.05333333333333334 0.771875 0.09333333333333334 0.0171875
0 0.56 0.9765625 0.26666666666666666 0.025
0 0.9066666666666666 0.9953125 0.17333333333333334 0.009375
0 0.36 0.665625 0.14666666666666667 0.015625
0 0.08 0.4484375 0.14666666666666667 0.0140625
0 0.08 0.140625 0.13333333333333333 0.0203125