0 0.07407407407407407 0.1015625 0.1388888888888889 0.028125
0 0.12962962962962962 0.0453125 0.12962962962962962 0.0328125
0 0.6481481481481481 0.025 0.16666666666666666 0.028125
0 0.8842592592592593 0.35078125 0.23148148148148148 0.0890625
0 0.2037037037037037 0.2234375 0.1388888888888889 0.034375
0 0.1111111111111111 0.328125 0.16666666666666666 0.0328125
0 0.3148148148148148 0.29375 0.14814814814814814 0.0296875
0 0.4444444444444444 0.4078125 0.17592592592592593 0.0375
0 0.6666666666666666 0.3859375 0.1388888888888889 0.025
0 0.6203703703703703 0.2765625 0.09259259259259259 0.028125
0 0.5185185185185185 0.303125 0.08333333333333333 0.0265625
0 0.9861111111111112 0.4546875 0.027777777777777776 0.028125
0 0.06481481481481481 0.4765625 0.09259259259259259 0.025
0 0.10185185185185185 0.425 0.08333333333333333 0.01875
0 0.17592592592592593 0.446875 0.10185185185185185 0.0203125
0 0.3611111111111111 0.4796875 0.12962962962962962 0.0296875
0 0.8240740740740741 0.446875 0.17592592592592593 0.0296875
0 0.37962962962962965 0.5515625 0.18518518518518517 0.0296875
0 0.9861111111111112 0.55390625 0.027777777777777776 0.0234375
0 0.10185185185185185 0.59375 0.14814814814814814 0.0296875
0 0.3888888888888889 0.640625 0.1111111111111111 0.0171875
0 0.1574074074074074 0.70625 0.16666666666666666 0.034375
0 0.8148148148148148 0.665625 0.12037037037037036 0.0421875
0 0.9398148148148148 0.72421875 0.12037037037037036 0.0453125
0 0.46296296296296297 0.9296875 0.25 0.0484375
0 0.49074074074074076 0.8640625 0.17592592592592593 0.0359375
0 0.9490740740740741 0.83671875 0.10185185185185185 0.0296875
0 0.8611111111111112 0.8671875 0.16666666666666666 0.028125
0 0.6851851851851852 0.7921875 0.21296296296296297 0.0375
0 0.7777777777777778 0.8265625 0.1388888888888889 0.0171875
0 0.1388888888888889 0.7671875 0.24074074074074073 0.0359375
0 0.42592592592592593 0.7328125 0.18518518518518517 0.034375
0 0.7037037037037037 0.715625 0.16666666666666666 0.0296875
0 0.046296296296296294 0.86875 0.09259259259259259 0.0296875
0 0.24074074074074073 0.8109375 0.18518518518518517 0.0296875
0 0.4444444444444444 0.80625 0.1111111111111111 0.0265625