0 0.6298076923076923 0.0734375 0.7403846153846154 0.146875
0 0.8942307692307693 0.2296875 0.16346153846153846 0.0375
0 0.6730769230769231 0.284375 0.3076923076923077 0.053125
0 0.9807692307692307 0.6078125 0.038461538461538464 0.0328125
0 0.28846153846153844 0.7328125 0.2403846153846154 0.04375
0 0.5384615384615384 0.6578125 0.18269230769230768 0.0453125
0 0.4423076923076923 0.6796875 0.875 0.428125
0 0.4519230769230769 0.7953125 0.16346153846153846 0.0375
0 0.057692307692307696 0.7640625 0.11538461538461539 0.0265625
0 0.3942307692307692 0.996875 0.7211538461538461 0.00625
0 0.9663461538461539 0.9265625 0.0673076923076923 0.065625
0 0.125 0.915625 0.09615384615384616 0.028125
0 0.9134615384615384 0.6953125 0.17307692307692307 0.1078125