0 0.44776119402985076 0.0078125 0.5970149253731343 0.0140625
0 0.7611940298507462 0.3359375 0.47761194029850745 0.0515625
0 0.05970149253731343 0.484375 0.11940298507462686 0.05
0 0.4626865671641791 0.4125 0.26865671641791045 0.025
0 0.6119402985074627 0.4453125 0.29850746268656714 0.0296875
0 0.08955223880597014 0.7453125 0.1791044776119403 0.0953125
0 0.2835820895522388 0.790625 0.2537313432835821 0.03125
0 0.7910447761194029 0.6015625 0.19402985074626866 0.0140625
0 0.8208955223880597 0.9453125 0.29850746268656714 0.01875
0 0.014925373134328358 0.3015625 0.029850746268656716 0.0265625
0 0.6119402985074627 0.2859375 0.2537313432835821 0.0234375
0 0.4626865671641791 0.753125 0.13432835820895522 0.0125
0 0.05970149253731343 0.846875 0.1044776119402985 0.009375
0 0.5373134328358209 0.2140625 0.13432835820895522 0.0109375
0 0.44776119402985076 0.0484375 0.1791044776119403 0.0125
0 0.6268656716417911 0.11875 0.16417910447761194 0.021875
0 0.8656716417910447 0.1640625 0.22388059701492538 0.025
0 0.14925373134328357 0.25 0.208955223880597 0.0234375
0 0.3880597014925373 0.703125 0.08955223880597014 0.0140625