0 0.948051948051948 0.803125 0.1038961038961039 0.05
0 0.24675324675324675 0.80625 0.18181818181818182 0.0171875
0 0.7272727272727273 0.0421875 0.2987012987012987 0.021875
0 0.8181818181818182 0.3390625 0.2077922077922078 0.0109375
0 0.5584415584415584 0.496875 0.16883116883116883 0.0140625
0 0.7272727272727273 0.45 0.23376623376623376 0.0125
0 0.6623376623376623 0.5578125 0.6753246753246753 0.05
0 0.922077922077922 0.4625 0.15584415584415584 0.0265625
0 0.922077922077922 0.3484375 0.15584415584415584 0.0171875
0 0.5324675324675324 0.3734375 0.935064935064935 0.746875
0 0.8831168831168831 0.8390625 0.23376623376623376 0.0453125