0 0.3333333333333333 0.0328125 0.2037037037037037 0.0640625
0 0.07407407407407407 0.190625 0.1388888888888889 0.0421875
0 0.35185185185185186 0.10625 0.1111111111111111 0.0625
0 0.07407407407407407 0.3515625 0.14814814814814814 0.0890625
0 0.018518518518518517 0.4546875 0.027777777777777776 0.028125
0 0.3055555555555556 0.403125 0.17592592592592593 0.03125
0 0.12962962962962962 0.4796875 0.1388888888888889 0.025
0 0.2962962962962963 0.50625 0.12037037037037036 0.0359375
0 0.027777777777777776 0.5546875 0.046296296296296294 0.0234375
0 0.12962962962962962 0.6046875 0.1388888888888889 0.028125
0 0.32407407407407407 0.5734375 0.12037037037037036 0.04375
0 0.2962962962962963 0.65625 0.1111111111111111 0.05625
0 0.1574074074074074 0.690625 0.12037037037037036 0.025
0 0.3055555555555556 0.70625 0.1111111111111111 0.0234375
0 0.05555555555555555 0.725 0.1111111111111111 0.0453125
0 0.046296296296296294 0.8984375 0.08333333333333333 0.0265625
0 0.06481481481481481 0.796875 0.12962962962962962 0.0421875