0 0.13513513513513514 0.1640625 0.2702702702702703 0.078125
0 0.8986486486486487 0.28515625 0.20270270270270271 0.0578125
0 0.013513513513513514 0.2296875 0.013513513513513514 0.025
0 0.17567567567567569 0.2546875 0.33783783783783783 0.040625
0 0.6621621621621622 0.38125 0.14864864864864866 0.040625
0 0.7905405405405406 0.08203125 0.4189189189189189 0.0828125
0 0.02702702702702703 0.10625 0.05405405405405406 0.034375
0 0.10810810810810811 0.4171875 0.20270270270270271 0.028125
0 0.527027027027027 0.5125 0.22972972972972974 0.0546875
0 0.9864864864864865 0.678125 0.013513513513513514 0.034375
0 0.6756756756756757 0.7671875 0.6486486486486487 0.071875
0 0.972972972972973 0.665625 0.05405405405405406 0.1421875
0 0.972972972972973 0.80625 0.04054054054054054 0.046875
0 0.12162162162162163 0.6265625 0.22972972972972974 0.0359375
0 0.013513513513513514 0.9515625 0.02702702702702703 0.0265625