0 0.2845528455284553 0.08125 0.23577235772357724 0.059375
0 0.06504065040650407 0.3203125 0.12195121951219512 0.028125
0 0.23577235772357724 0.2375 0.25203252032520324 0.0515625
0 0.5447154471544715 0.5171875 0.12195121951219512 0.0453125
0 0.25203252032520324 0.4375 0.2032520325203252 0.0375
0 0.2926829268292683 0.5796875 0.5853658536585366 0.20625
0 0.43902439024390244 0.5984375 0.17073170731707318 0.0421875
0 0.23577235772357724 0.8765625 0.17073170731707318 0.0484375
0 0.4959349593495935 0.9390625 0.13821138211382114 0.053125
0 0.15447154471544716 0.996875 0.17073170731707318 0.00625
0 0.04878048780487805 0.953125 0.08943089430894309 0.05625
0 0.2601626016260163 0.940625 0.5121951219512195 0.11875