0 0.5671641791044776 0.0390625 0.3582089552238806 0.03125
0 0.14925373134328357 0.2953125 0.2835820895522388 0.0453125
0 0.9253731343283582 0.2890625 0.13432835820895522 0.0328125
0 0.9253731343283582 0.1421875 0.14925373134328357 0.0171875
0 0.9104477611940298 0.246875 0.1791044776119403 0.0359375
0 0.5074626865671642 0.3609375 0.31343283582089554 0.0234375
0 0.16417910447761194 0.54375 0.29850746268656714 0.0328125
0 0.34328358208955223 0.1703125 0.208955223880597 0.01875
0 0.07462686567164178 0.334375 0.13432835820895522 0.0171875
0 0.07462686567164178 0.440625 0.13432835820895522 0.0296875
0 0.5522388059701493 0.9296875 0.31343283582089554 0.03125
0 0.6716417910447762 0.8140625 0.11940298507462686 0.0125
0 0.9104477611940298 0.740625 0.08955223880597014 0.01875
0 0.43283582089552236 0.459375 0.19402985074626866 0.0125
0 0.582089552238806 0.1328125 0.208955223880597 0.0109375
0 0.05970149253731343 0.14375 0.1044776119402985 0.0078125
0 0.9552238805970149 0.6078125 0.07462686567164178 0.0234375
0 0.6268656716417911 0.63125 0.13432835820895522 0.0140625
0 0.208955223880597 0.678125 0.16417910447761194 0.015625
0 0.9552238805970149 0.9015625 0.07462686567164178 0.01875