0 0.22972972972972974 0.1578125 0.22972972972972974 0.028125
0 0.3918918918918919 0.0890625 0.14864864864864866 0.0234375
0 0.8108108108108109 0.29375 0.21621621621621623 0.028125
0 0.7027027027027027 0.2078125 0.17567567567567569 0.0296875
0 0.22972972972972974 0.3234375 0.21621621621621623 0.046875
0 0.9594594594594594 0.36875 0.08108108108108109 0.021875
0 0.7567567567567568 0.390625 0.13513513513513514 0.0203125
0 0.5 0.5390625 0.0945945945945946 0.0203125
0 0.28378378378378377 0.4703125 0.0945945945945946 0.0140625
0 0.5675675675675675 0.5984375 0.20270270270270271 0.028125
0 0.12162162162162163 0.61875 0.24324324324324326 0.021875
0 0.5 0.73125 0.25675675675675674 0.034375
0 0.9594594594594594 0.740625 0.08108108108108109 0.015625
0 0.972972972972973 0.759375 0.04054054054054054 0.0203125
0 0.7702702702702703 0.6953125 0.14864864864864866 0.021875
0 0.6486486486486487 0.859375 0.1891891891891892 0.0296875
0 0.24324324324324326 0.9 0.08108108108108109 0.0171875