0 0.6216216216216216 0.056338028169014086 0.08108108108108109 0.012519561815336464
0 0.36486486486486486 0.081377151799687 0.0945945945945946 0.012519561815336464
0 0.7162162162162162 0.08294209702660407 0.12162162162162163 0.02034428794992175
0 0.40540540540540543 0.2895148669796557 0.5 0.026604068857589983
0 0.6824324324324325 0.26369327073552423 0.6351351351351351 0.026604068857589983
0 0.9391891891891891 0.29107981220657275 0.12162162162162163 0.02190923317683881
0 0.9324324324324325 0.7433489827856025 0.13513513513513514 0.04225352112676056
0 0.5135135135135135 0.568075117370892 0.13513513513513514 0.017214397496087636
0 0.7432432432432432 0.5555555555555556 0.20270270270270271 0.018779342723004695
0 0.9256756756756757 0.5954616588419406 0.14864864864864866 0.017214397496087636
0 0.918918918918919 0.7887323943661971 0.14864864864864866 0.02034428794992175
0 0.6756756756756757 0.9765258215962441 0.13513513513513514 0.018779342723004695
0 0.8851351351351351 0.9960876369327074 0.12162162162162163 0.00782472613458529