0 0.8533333333333334 0.35 0.28 0.0421875
0 0.92 0.5609375 0.16 0.04375
0 0.32 0.3953125 0.18666666666666668 0.0296875
0 0.9733333333333334 0.4234375 0.05333333333333334 0.03125
0 0.4666666666666667 0.7359375 0.26666666666666666 0.0359375
0 0.3466666666666667 0.4515625 0.14666666666666667 0.0140625
0 0.9333333333333333 0.0421875 0.13333333333333333 0.075
0 0.7333333333333333 0.63125 0.08 0.00625
0 0.38666666666666666 0.7890625 0.16 0.009375
0 0.24 0.809375 0.17333333333333334 0.0203125
0 0.32 0.765625 0.25333333333333335 0.0265625
0 0.9733333333333334 0.771875 0.04 0.0171875