0 0.2753623188405797 0.996875 0.5362318840579711 0.00625
0 0.7101449275362319 0.7875 0.5797101449275363 0.059375
0 0.14492753623188406 0.8390625 0.2753623188405797 0.0359375
0 0.2028985507246377 0.6859375 0.3333333333333333 0.0328125
0 0.463768115942029 0.3609375 0.2463768115942029 0.0296875
0 0.7246376811594203 0.9078125 0.2898550724637681 0.0140625
0 0.13043478260869565 0.9484375 0.2463768115942029 0.0265625
0 0.10144927536231885 0.071875 0.18840579710144928 0.0265625
0 0.4057971014492754 0.9984375 0.07246376811594203 0.0015625
0 0.13043478260869565 0.96875 0.07246376811594203 0.0078125
0 0.8115942028985508 0.953125 0.043478260869565216 0.00625