0 0.42028985507246375 0.49375 0.15942028985507245 0.028125
0 0.014492753623188406 0.625 0.028985507246376812 0.040625
0 0.927536231884058 0.3734375 0.14492753623188406 0.028125
0 0.5217391304347826 0.8390625 0.9565217391304348 0.0984375
0 0.4782608695652174 0.94375 0.2463768115942029 0.0140625
0 0.3333333333333333 0.9859375 0.08695652173913043 0.0125
0 0.057971014492753624 0.8359375 0.11594202898550725 0.03125
0 0.9130434782608695 0.9265625 0.15942028985507245 0.015625
0 0.463768115942029 0.25 0.13043478260869565 0.0203125
0 0.4492753623188406 0.059375 0.2463768115942029 0.021875
0 0.5 0.23828125 1 0.1484375
0 0.42028985507246375 0.278125 0.11594202898550725 0.0125
0 0.4057971014492754 0.3625 0.08695652173913043 0.0109375
0 0.13043478260869565 0.390625 0.07246376811594203 0.0078125
0 0.5072463768115942 0.396875 0.08695652173913043 0.0078125
0 0.18840579710144928 0.875 0.15942028985507245 0.0140625
0 0.7536231884057971 0.925 0.11594202898550725 0.015625