0 0.22666666666666666 0.2140625 0.41333333333333333 0.0484375
0 0.7066666666666667 0.05625 0.22666666666666666 0.0234375
0 0.32 0.075 0.18666666666666668 0.0203125
0 0.9666666666666667 0.175 0.06666666666666667 0.0125
0 0.5466666666666666 0.446875 0.09333333333333334 0.009375
0 0.56 0.89375 0.25333333333333335 0.0265625
0 0.04 0.81875 0.08 0.0203125
0 0.76 0.1734375 0.17333333333333334 0.0125
0 0.04 0.3140625 0.05333333333333334 0.0125
0 0.6 0.41875 0.10666666666666667 0.0140625
0 0.6533333333333333 0.4359375 0.08 0.0140625