0 0.25333333333333335 0.259375 0.12 0.0234375
0 0.09333333333333334 0.7546875 0.18666666666666668 0.0265625
0 0.32 0.4765625 0.18666666666666668 0.0171875
0 0.7066666666666667 0.3890625 0.06666666666666667 0.0125
0 0.4 0.375 0.14666666666666667 0.00625
0 0.84 0.4890625 0.10666666666666667 0.0125
0 0.8666666666666667 0.5921875 0.13333333333333333 0.0078125
0 0.7066666666666667 0.8734375 0.10666666666666667 0.0078125
0 0.9733333333333334 0.9171875 0.04 0.00625
0 0.06666666666666667 0.3265625 0.12 0.0109375
0 0.4666666666666667 0.4203125 0.12 0.0109375
0 0.92 0.7078125 0.14666666666666667 0.0203125
0 0.22666666666666666 0.95625 0.09333333333333334 0.00625
0 0.02666666666666667 0.9875 0.05333333333333334 0.0234375