0 0.3269230769230769 0.0296875 0.6442307692307693 0.059375
0 0.4423076923076923 0.025 0.3173076923076923 0.0484375
0 0.375 0.23125 0.7403846153846154 0.321875
0 0.04807692307692308 0.709375 0.09615384615384616 0.06875
0 0.17307692307692307 0.5203125 0.33653846153846156 0.0953125
0 0.5480769230769231 0.428125 0.3076923076923077 0.0953125
0 0.04807692307692308 0.35 0.08653846153846154 0.0640625
0 0.33653846153846156 0.215625 0.6634615384615384 0.196875
0 0.08653846153846154 0.1859375 0.17307692307692307 0.03125
0 0.33653846153846156 0.196875 0.15384615384615385 0.0234375
0 0.34615384615384615 0.2546875 0.3942307692307692 0.08125
0 0.40384615384615385 0.8578125 0.5192307692307693 0.28125
0 0.2980769230769231 0.859375 0.1346153846153846 0.03125
0 0.5096153846153846 0.7796875 0.34615384615384615 0.0859375
0 0.038461538461538464 0.809375 0.0673076923076923 0.09375