0 0.20253164556962025 0.04375 0.13924050632911392 0.01875
0 0.20253164556962025 0.21875 0.26582278481012656 0.0265625
0 0.3291139240506329 0.0859375 0.12658227848101267 0.01875
0 0.4177215189873418 0.346875 0.13924050632911392 0.0171875
0 0.4810126582278481 0.3890625 0.10126582278481013 0.015625
0 0.012658227848101266 0.503125 0.012658227848101266 0.015625
0 0.31645569620253167 0.4515625 0.11392405063291139 0.0109375
0 0.8354430379746836 0.45 0.12658227848101267 0.0125
0 0.9873417721518988 0.3953125 0.02531645569620253 0.009375
0 0.6962025316455697 0.5140625 0.12658227848101267 0.0140625
0 0.6835443037974683 0.540625 0.13924050632911392 0.0203125
0 0.13924050632911392 0.646875 0.11392405063291139 0.015625
0 0.9113924050632911 0.6546875 0.16455696202531644 0.0234375
0 0.22784810126582278 0.8171875 0.17721518987341772 0.0203125
0 0.5443037974683544 0.721875 0.08860759493670886 0.0125
0 0.2911392405063291 0.99375 0.16455696202531644 0.0109375
0 0.02531645569620253 0.95625 0.05063291139240506 0.015625
0 0.02531645569620253 0.9046875 0.05063291139240506 0.0171875
0 0.3924050632911392 0.921875 0.08860759493670886 0.0125
0 0.6708860759493671 0.9484375 0.10126582278481013 0.009375
0 0.26582278481012656 0.8484375 0.11392405063291139 0.0140625
0 0.3037974683544304 0.94375 0.10126582278481013 0.0109375