0 0.8958333333333334 0.17421875 0.20833333333333334 0.0265625
0 0.9861111111111112 0.325 0.027777777777777776 0.0359375
0 0.9236111111111112 0.0578125 0.1527777777777778 0.015625
0 0.9791666666666666 0.22265625 0.041666666666666664 0.0265625
0 0.08333333333333333 0.4375 0.16666666666666666 0.028125
0 0.4583333333333333 0.2046875 0.20833333333333334 0.0296875
0 0.09722222222222222 0.103125 0.1388888888888889 0.0140625
0 0.9375 0.4140625 0.125 0.015625
0 0.4722222222222222 0.9796875 0.5277777777777778 0.040625
0 0.4444444444444444 0.5609375 0.3333333333333333 0.04375
0 0.9375 0.5671875 0.125 0.028125
0 0.9236111111111112 0.68984375 0.1527777777777778 0.0265625