0 0.5 0.0140625 0.14545454545454545 0.028125
0 0.7818181818181819 0.00625 0.12727272727272726 0.0109375
0 0.9090909090909091 0.0296875 0.1 0.025
0 0.6909090909090909 0.0421875 0.18181818181818182 0.025
0 0.5636363636363636 0.09375 0.37272727272727274 0.071875
0 0.509090909090909 0.2390625 0.21818181818181817 0.046875
0 0.6272727272727273 0.3953125 0.39090909090909093 0.059375
0 0.7454545454545455 0.778125 0.3181818181818182 0.0828125
0 0.9136363636363637 0.72265625 0.17272727272727273 0.0546875
0 0.4636363636363636 0.9 0.2727272727272727 0.0796875
0 0.45454545454545453 0.5171875 0.12727272727272726 0.034375
0 0.7636363636363637 0.509375 0.15454545454545454 0.034375