0 0.8472222222222222 0.63125 0.2638888888888889 0.021875
0 0.20833333333333334 0.6109375 0.1111111111111111 0.0125
0 0.9236111111111112 0.7296875 0.1527777777777778 0.021875
0 0.7222222222222222 0.921875 0.2361111111111111 0.021875
0 0.2638888888888889 0.5203125 0.125 0.0171875
0 0.6666666666666666 0.534375 0.08333333333333333 0.00625
0 0.625 0.740625 0.1388888888888889 0.0203125
0 0.2361111111111111 0.8203125 0.2222222222222222 0.0140625
0 0.8472222222222222 0.94375 0.2361111111111111 0.01875
0 0.8333333333333334 0.9875 0.25 0.0234375
0 0.5416666666666666 0.528125 0.20833333333333334 0.0171875
0 0.4166666666666667 0.709375 0.2222222222222222 0.0109375
0 0.3194444444444444 0.284375 0.1388888888888889 0.0265625
0 0.013888888888888888 0.096875 0.013888888888888888 0.025
0 0.4861111111111111 0.1828125 0.3055555555555556 0.0203125
0 0.125 0.1375 0.2222222222222222 0.01875
0 0.125 0.1078125 0.25 0.025
0 0.6388888888888888 0.0125 0.3888888888888889 0.0234375
0 0.7638888888888888 0.090625 0.375 0.0359375
0 0.06944444444444445 0.05625 0.1388888888888889 0.0125
0 0.8194444444444444 0.190625 0.2777777777777778 0.0328125
0 0.5 0.1828125 1 0.3640625