0 0.6 0.015625 0.12 0.0171875
0 0.32 0.28125 0.2 0.0203125
0 0.56 0.440625 0.14666666666666667 0.015625
0 0.04 0.5390625 0.06666666666666667 0.0171875
0 0.06666666666666667 0.4703125 0.13333333333333333 0.01875
0 0.10666666666666667 0.83125 0.18666666666666668 0.0265625
0 0.05333333333333334 0.74375 0.09333333333333334 0.0203125
0 0.68 0.146875 0.09333333333333334 0.0125
0 0.88 0.275 0.17333333333333334 0.0203125
0 0.08 0.034375 0.14666666666666667 0.021875
0 0.6 0.4046875 0.21333333333333335 0.0140625
0 0.4 0.5546875 0.14666666666666667 0.0109375
0 0.7733333333333333 0.859375 0.14666666666666667 0.0078125
0 0.9466666666666667 0.8953125 0.10666666666666667 0.0109375
0 0.04 0.965625 0.08 0.0140625