0 0.5942028985507246 0.35625 0.463768115942029 0.06875
0 0.2318840579710145 0.740625 0.3188405797101449 0.03125
0 0.6086956521739131 0.4203125 0.17391304347826086 0.01875
0 0.463768115942029 0.7859375 0.37681159420289856 0.028125
0 0.7101449275362319 0.4859375 0.13043478260869565 0.015625
0 0.17391304347826086 0.65 0.3333333333333333 0.0453125
0 0.057971014492753624 0.265625 0.11594202898550725 0.01875
0 0.2753623188405797 0.228125 0.2608695652173913 0.025
0 0.463768115942029 0.2984375 0.10144927536231885 0.0109375
0 0.014492753623188406 0.36875 0.014492753623188406 0.0109375
0 0.13043478260869565 0.440625 0.07246376811594203 0.0078125
0 0.014492753623188406 0.4515625 0.014492753623188406 0.009375
0 0.36231884057971014 0.4046875 0.043478260869565216 0.003125