0 0.07339449541284404 0.003125 0.08256880733944955 0.0046875
0 0.11009174311926606 0.015625 0.07339449541284404 0.0203125
0 0.4954128440366973 0.01875 0.24770642201834864 0.0375
0 0.11009174311926606 0.1375 0.21100917431192662 0.0359375
0 0.07339449541284404 0.2859375 0.14678899082568808 0.08125
0 0.027522935779816515 0.359375 0.05504587155963303 0.040625
0 0.3761467889908257 0.2953125 0.1743119266055046 0.0515625
0 0.30275229357798167 0.39375 0.14678899082568808 0.059375
0 0.05504587155963303 0.5234375 0.10091743119266056 0.025
0 0.25688073394495414 0.540625 0.07339449541284404 0.015625
0 0.43119266055045874 0.5546875 0.11009174311926606 0.0171875
0 0.1926605504587156 0.60625 0.11926605504587157 0.0234375
0 0.1559633027522936 0.64375 0.06422018348623854 0.0140625
0 0.30275229357798167 0.665625 0.08256880733944955 0.0171875
0 0.45871559633027525 0.6734375 0.1651376146788991 0.021875
0 0.12844036697247707 0.6953125 0.25688073394495414 0.05
0 0.05504587155963303 0.7390625 0.11009174311926606 0.0234375
0 0.06422018348623854 0.7984375 0.12844036697247707 0.046875
0 0.44036697247706424 0.76875 0.12844036697247707 0.0296875
0 0.25688073394495414 0.790625 0.1651376146788991 0.0265625
0 0.09174311926605505 0.9390625 0.12844036697247707 0.0171875
0 0.43119266055045874 0.99375 0.22018348623853212 0.0125