0 0.8243243243243243 0.15179968701095461 0.35135135135135137 0.08450704225352113
0 0.8648648648648649 0.22065727699530516 0.2702702702702703 0.028169014084507043
0 0.9054054054054054 0.0892018779342723 0.1891891891891892 0.03755868544600939
0 0.7972972972972973 0.8012519561815337 0.14864864864864866 0.017214397496087636
0 0.5540540540540541 0.7323943661971831 0.36486486486486486 0.08294209702660407
0 0.5675675675675675 0.6384976525821596 0.40540540540540543 0.08450704225352113
0 0.9121621621621622 0.6142410015649452 0.17567567567567569 0.0297339593114241
0 0.9864864864864865 0.6463223787167449 0.02702702702702703 0.03912363067292645
0 0.6081081081081081 0.3286384976525822 0.4594594594594595 0.12206572769953052
0 0.918918918918919 0.9882629107981221 0.16216216216216217 0.023474178403755867
0 0.6216216216216216 0.9593114241001565 0.17567567567567569 0.018779342723004695