0 0.3333333333333333 0.06875 0.0641025641025641 0.0125
0 0.4358974358974359 0.0359375 0.05128205128205128 0.0078125
0 0.5384615384615384 0.0453125 0.05128205128205128 0.0078125
0 0.08974358974358974 0.065625 0.0641025641025641 0.009375
0 0.01282051282051282 0.1265625 0.01282051282051282 0.0078125
0 0.20512820512820512 0.1875 0.19230769230769232 0.025
0 0.8846153846153846 0.1359375 0.11538461538461539 0.015625
0 0.9423076923076923 0.21953125 0.11538461538461539 0.0234375
0 0.1794871794871795 0.4109375 0.358974358974359 0.121875
0 0.1794871794871795 0.35 0.2692307692307692 0.0328125
0 0.24358974358974358 0.6203125 0.10256410256410256 0.0140625
0 0.8461538461538461 0.6125 0.08974358974358974 0.0125
0 0.967948717948718 0.60625 0.0641025641025641 0.0125
0 0.23076923076923078 0.7515625 0.07692307692307693 0.0140625
0 0.46153846153846156 0.8765625 0.11538461538461539 0.015625
0 0.9102564102564102 0.996875 0.07692307692307693 0.00625