0 0.20512820512820512 0.015625 0.14102564102564102 0.01875
0 0.20512820512820512 0.2 0.28205128205128205 0.028125
0 0.3333333333333333 0.0609375 0.1282051282051282 0.01875
0 0.4230769230769231 0.334375 0.14102564102564102 0.0171875
0 0.5 0.378125 0.10256410256410256 0.015625
0 0.32051282051282054 0.44375 0.11538461538461539 0.0109375
0 0.8717948717948718 0.440625 0.1282051282051282 0.0125
0 0.7307692307692307 0.5078125 0.1282051282051282 0.0140625
0 0.717948717948718 0.5359375 0.14102564102564102 0.0203125
0 0.1282051282051282 0.6484375 0.11538461538461539 0.015625
0 0.9358974358974359 0.65625 0.1282051282051282 0.025
0 0.23076923076923078 0.8265625 0.19230769230769232 0.021875
0 0.5641025641025641 0.7265625 0.08974358974358974 0.0125
0 0.02564102564102564 0.971875 0.038461538461538464 0.015625
0 0.02564102564102564 0.9171875 0.038461538461538464 0.0171875
0 0.3974358974358974 0.9359375 0.08974358974358974 0.0125
0 0.6923076923076923 0.9640625 0.10256410256410256 0.009375
0 0.2692307692307692 0.859375 0.11538461538461539 0.0140625
0 0.3076923076923077 0.959375 0.10256410256410256 0.0109375