0 0.6585365853658537 0.021875 0.43902439024390244 0.04375
0 0.2845528455284553 0.03125 0.37398373983739835 0.0609375
0 0.04878048780487805 0.0828125 0.08943089430894309 0.0515625
0 0.5 0.26328125 1 0.5265625
0 0.15447154471544716 0.0140625 0.3008130081300813 0.028125
0 0.8008130081300813 0.35234375 0.3983739837398374 0.1234375
0 0.08943089430894309 0.2953125 0.17886178861788618 0.053125
0 0.4959349593495935 0.2609375 0.25203252032520324 0.0578125
0 0.6016260162601627 0.1765625 0.23577235772357724 0.05625
0 0.926829268292683 0.059375 0.14634146341463414 0.075
0 0.1951219512195122 0.290625 0.3902439024390244 0.21875
0 0.13821138211382114 0.5484375 0.2682926829268293 0.1
0 0.43902439024390244 0.5375 0.35772357723577236 0.0703125
0 0.9715447154471545 0.65390625 0.056910569105691054 0.1234375
0 0.2682926829268293 0.7171875 0.13821138211382114 0.034375
0 0.7967479674796748 0.7421875 0.14634146341463414 0.0359375
0 0.9105691056910569 0.815625 0.16260162601626016 0.0328125
0 0.016260162601626018 0.940625 0.032520325203252036 0.0390625
0 0.5203252032520326 0.83125 0.36585365853658536 0.0859375
0 0.9105691056910569 0.95625 0.17073170731707318 0.0421875
0 0.8902439024390244 0.8703125 0.21951219512195122 0.1
0 0.04878048780487805 0.9125 0.0975609756097561 0.090625