0 0.5365853658536586 0.021875 0.3170731707317073 0.04375
0 0.9634146341463414 0.0015625 0.07317073170731707 0.003125
0 0.4878048780487805 0.1390625 0.3008130081300813 0.0609375
0 0.16260162601626016 0.0875 0.16260162601626016 0.03125
0 0.24390243902439024 0.1640625 0.17073170731707318 0.034375
0 0.024390243902439025 0.103125 0.04878048780487805 0.025
0 0.43902439024390244 0.25 0.17073170731707318 0.0296875
0 0.12195121951219512 0.246875 0.23577235772357724 0.0515625
0 0.9959349593495935 0.2859375 0.008130081300813009 0.053125
0 0.8617886178861789 0.321875 0.24390243902439024 0.0671875
0 0.11382113821138211 0.471875 0.22764227642276422 0.06875
0 0.8943089430894309 0.446875 0.17073170731707318 0.0453125
0 0.5609756097560976 0.4671875 0.25203252032520324 0.0453125
0 0.8130081300813008 0.56875 0.2926829268292683 0.06875
0 0.9715447154471545 0.503125 0.056910569105691054 0.06875
0 0.3902439024390244 0.653125 0.13821138211382114 0.03125
0 0.08943089430894309 0.6046875 0.17073170731707318 0.04375
0 0.08130081300813008 0.6890625 0.16260162601626016 0.046875
0 0.34959349593495936 0.71875 0.21951219512195122 0.075
0 0.5 0.6015625 1 0.45
0 0.5772357723577236 0.7796875 0.25203252032520324 0.0625
0 0.6747967479674797 0.8671875 0.6504065040650406 0.2640625
0 0.5609756097560976 0.9703125 0.23577235772357724 0.059375
0 0.07317073170731707 0.9875 0.13821138211382114 0.0234375
0 0.4959349593495935 0.8359375 0.13008130081300814 0.04375
0 0.07317073170731707 0.9046875 0.13821138211382114 0.0328125