0 0.8476190476190476 0.153125 0.20952380952380953 0.03125
0 0.0761904761904762 0.1921875 0.14285714285714285 0.0296875
0 0.009523809523809525 0.078125 0.009523809523809525 0.025
0 0.8285714285714286 0.4484375 0.2 0.034375
0 0.009523809523809525 0.38125 0.01904761904761905 0.0625
0 0.6571428571428571 0.5765625 0.4095238095238095 0.0625
0 0.49523809523809526 0.5359375 0.19047619047619047 0.0328125
0 0.0380952380952381 0.6265625 0.06666666666666667 0.03125
0 0.21904761904761905 0.5546875 0.22857142857142856 0.0328125
0 0.0761904761904762 0.6703125 0.14285714285714285 0.0265625
0 0.6571428571428571 0.821875 0.2 0.034375
0 0.5142857142857142 0.7859375 0.17142857142857143 0.028125
0 0.1619047619047619 0.775 0.2 0.034375
0 0.21904761904761905 0.8390625 0.18095238095238095 0.028125
0 0.26666666666666666 0.434375 0.12380952380952381 0.025
0 0.09523809523809523 0.434375 0.10476190476190476 0.01875
0 0.2571428571428571 0.4765625 0.10476190476190476 0.0203125
0 0.24761904761904763 0.2328125 0.49523809523809526 0.1546875
0 0.0761904761904762 0.078125 0.14285714285714285 0.06875
0 0.3904761904761905 0.0796875 0.4 0.078125