0 0.05333333333333334 0.4484375 0.10666666666666667 0.028125
0 0.5866666666666667 0.1078125 0.08 0.0125
0 0.96 0.1859375 0.06666666666666667 0.01875
0 0.41333333333333333 0.478125 0.14666666666666667 0.0171875
0 0.5066666666666667 0.853125 0.24 0.03125
0 0.8266666666666667 0.9203125 0.16 0.0203125
0 0.7333333333333333 0.846875 0.14666666666666667 0.01875
0 0.9333333333333333 0.9203125 0.12 0.0234375
0 0.92 0.03125 0.14666666666666667 0.0234375
0 0.26666666666666666 0.740625 0.10666666666666667 0.0140625
0 0.38666666666666666 0.953125 0.16 0.015625
0 0.4666666666666667 0.915625 0.13333333333333333 0.01875
0 0.6133333333333333 0.88125 0.04 0.0109375
0 0.18666666666666668 0.2328125 0.21333333333333335 0.0140625
0 0.4 0.4484375 0.12 0.01875
0 0.6933333333333334 0.4453125 0.14666666666666667 0.0078125
0 0.05333333333333334 0.0828125 0.10666666666666667 0.0125
0 0.5733333333333334 0.05625 0.14666666666666667 0.0078125
0 0.30666666666666664 0.1515625 0.09333333333333334 0.0078125
0 0.8 0.1375 0.09333333333333334 0.0078125
0 0.16 0.5265625 0.08 0.0125
0 0.013333333333333334 0.55625 0.013333333333333334 0.0171875