0 0.3466666666666667 0.30625 0.44 0.125
0 0.9733333333333334 0.009375 0.04 0.0171875
0 0.8266666666666667 0.00625 0.3466666666666667 0.0109375
0 0.68 0.6984375 0.14666666666666667 0.03125
0 0.9466666666666667 0.16875 0.10666666666666667 0.0296875
0 0.4666666666666667 0.134375 0.44 0.0421875
0 0.7733333333333333 0.228125 0.44 0.05
0 0.84 0.4046875 0.32 0.0375
0 0.28 0.7296875 0.4266666666666667 0.040625
0 0.9466666666666667 0.8953125 0.09333333333333334 0.028125
0 0.9466666666666667 0.753125 0.10666666666666667 0.0484375
0 0.24 0.9140625 0.36 0.04375
0 0.68 0.7875 0.14666666666666667 0.0265625
0 0.9866666666666667 0.0828125 0.013333333333333334 0.015625
0 0.8266666666666667 0.7109375 0.13333333333333333 0.0171875