0 0.14925373134328357 0.0984375 0.23880597014925373 0.0421875
0 0.8805970149253731 0.51875 0.22388059701492538 0.021875
0 0.6716417910447762 0.9953125 0.47761194029850745 0.009375
0 0.4925373134328358 0.70625 0.2835820895522388 0.0296875
0 0.11940298507462686 0.81875 0.11940298507462686 0.028125
0 0.208955223880597 0.01875 0.417910447761194 0.03125
0 0.6716417910447762 0.359375 0.19402985074626866 0.021875
0 0.9328358208955224 0.41484375 0.13432835820895522 0.0421875
0 0.9626865671641791 0.76953125 0.07462686567164178 0.0171875
0 0.373134328358209 0.3890625 0.23880597014925373 0.0140625
0 0.582089552238806 0.2921875 0.19402985074626866 0.0140625
0 0.7761194029850746 0.8265625 0.19402985074626866 0.0125
0 0.40298507462686567 0.8609375 0.13432835820895522 0.0203125
0 0.6865671641791045 0.0265625 0.11940298507462686 0.009375
0 0.9626865671641791 0.025 0.07462686567164178 0.01875
0 0.5074626865671642 0.2515625 0.14925373134328357 0.01875