0 0.7051282051282052 0.278125 0.05128205128205128 0.0078125
0 0.8333333333333334 0.303125 0.05128205128205128 0.009375
0 0.5897435897435898 0.3171875 0.05128205128205128 0.00625
0 0.7564102564102564 0.3546875 0.0641025641025641 0.0078125
0 0.5641025641025641 0.375 0.08974358974358974 0.0109375
0 0.8974358974358975 0.378125 0.08974358974358974 0.009375
0 0.8589743589743589 0.425 0.10256410256410256 0.009375
0 0.8974358974358975 0.3921875 0.05128205128205128 0.009375
0 0.2564102564102564 0.421875 0.0641025641025641 0.009375
0 0.38461538461538464 0.39375 0.038461538461538464 0.0046875
0 0.4230769230769231 0.4015625 0.05128205128205128 0.00625
0 0.3076923076923077 0.36875 0.07692307692307693 0.0125
0 0.16666666666666666 0.4640625 0.07692307692307693 0.01875
0 0.2564102564102564 0.459375 0.038461538461538464 0.009375
0 0.2948717948717949 0.4703125 0.038461538461538464 0.00625
0 0.34615384615384615 0.4578125 0.05128205128205128 0.0078125
0 0.4230769230769231 0.4375 0.038461538461538464 0.009375
0 0.7051282051282052 0.421875 0.05128205128205128 0.0109375
0 0.4358974358974359 0.490625 0.07692307692307693 0.009375
0 0.2948717948717949 0.509375 0.0641025641025641 0.009375
0 0.19230769230769232 0.5265625 0.07692307692307693 0.015625
0 0.8333333333333334 0.7734375 0.07692307692307693 0.0109375
0 0.358974358974359 0.83125 0.07692307692307693 0.009375
0 0.5512820512820513 0.8328125 0.08974358974358974 0.009375
0 0.8076923076923077 0.803125 0.05128205128205128 0.00625