0 0.10309278350515463 0.990625 0.1958762886597938 0.0171875
0 0.32989690721649484 0.74375 0.17525773195876287 0.046875
0 0.14432989690721648 0.9359375 0.18556701030927836 0.0328125
0 0.030927835051546393 0.684375 0.061855670103092786 0.021875
0 0.010309278350515464 0.775 0.020618556701030927 0.034375
0 0.3402061855670103 0.9 0.20618556701030927 0.0234375
0 0.27835051546391754 0.3625 0.18556701030927836 0.01875
0 0.5773195876288659 0.4296875 0.17525773195876287 0.0203125
0 0.44329896907216493 0.490625 0.17525773195876287 0.009375
0 0.5154639175257731 0.5265625 0.12371134020618557 0.01875
0 0.32989690721649484 0.5640625 0.17525773195876287 0.0078125
0 0.1958762886597938 0.465625 0.10309278350515463 0.0234375
0 0.3402061855670103 0.65 0.09278350515463918 0.021875
0 0.5773195876288659 0.8109375 0.061855670103092786 0.01875
0 0.35051546391752575 0.1734375 0.6907216494845361 0.346875
0 0.18556701030927836 0.0859375 0.14432989690721648 0.0328125
0 0.27835051546391754 0.0640625 0.1958762886597938 0.0109375