0 0.39705882352941174 0.334375 0.2647058823529412 0.03125
0 0.4411764705882353 0.109375 0.20588235294117646 0.025
0 0.3382352941176471 0.165625 0.1323529411764706 0.0171875
0 0.27941176470588236 0.5953125 0.3235294117647059 0.034375
0 0.14705882352941177 0.45625 0.14705882352941177 0.025
0 0.29411764705882354 0.4046875 0.3235294117647059 0.0203125
0 0.23529411764705882 0.65625 0.14705882352941177 0.0203125
0 0.9926470588235294 0.44375 0.014705882352941176 0.015625
0 0.9117647058823529 0.0078125 0.16176470588235295 0.0140625
0 0.8382352941176471 0.6 0.10294117647058823 0.0125
0 0.17647058823529413 0.7734375 0.10294117647058823 0.0125
0 0.8529411764705882 0.9171875 0.1323529411764706 0.015625
0 0.6764705882352942 0.153125 0.14705882352941177 0.0140625
0 0.8382352941176471 0.0625 0.07352941176470588 0.00625
0 0.6029411764705882 0.121875 0.07352941176470588 0.00625
0 0.7352941176470589 0.4234375 0.10294117647058823 0.009375
0 0.47058823529411764 0.7640625 0.07352941176470588 0.009375
0 0.5294117647058824 0.809375 0.08823529411764706 0.00625
0 0.8088235294117647 0.8828125 0.08823529411764706 0.009375