0 0.009708737864077669 0.66875 0.019417475728155338 0.0953125
0 0.46601941747572817 0.3734375 0.2524271844660194 0.0421875
0 0.34951456310679613 0.2953125 0.21359223300970873 0.034375
0 0.5436893203883495 0.25625 0.14563106796116504 0.0359375
0 0.3300970873786408 0.078125 0.3786407766990291 0.075
0 0.4368932038834951 0.5265625 0.18446601941747573 0.05625
0 0.3592233009708738 0.5921875 0.1941747572815534 0.03125
0 0.2815533980582524 0.9609375 0.5631067961165048 0.078125
0 0.1262135922330097 0.996875 0.11650485436893204 0.00625
0 0.42718446601941745 0.6984375 0.2621359223300971 0.04375
0 0.5339805825242718 0.03125 0.23300970873786409 0.0609375
0 0.0970873786407767 0.025 0.10679611650485436 0.0234375
0 0.4854368932038835 0.45 0.1650485436893204 0.028125
0 0.1553398058252427 0.29375 0.13592233009708737 0.021875