0 0.35384615384615387 0.18125 0.5846153846153846 0.0421875
0 0.13846153846153847 0.3796875 0.13846153846153847 0.01875
0 0.9615384615384616 0.14609375 0.07692307692307693 0.0203125
0 0.9615384615384616 0.10234375 0.07692307692307693 0.0140625
0 0.7230769230769231 0.146875 0.1076923076923077 0.0109375
0 0.3230769230769231 0.925 0.4 0.15
0 0.9846153846153847 0.99375 0.03076923076923077 0.0109375
0 0.5076923076923077 0.2765625 0.23076923076923078 0.0140625
0 0.3384615384615385 0.34375 0.2923076923076923 0.021875
0 0.8769230769230769 0.946875 0.24615384615384617 0.021875
0 0.9923076923076923 0.8015625 0.015384615384615385 0.028125
0 0.5230769230769231 0.7671875 0.24615384615384617 0.040625