0 0.6621621621621622 0.0109375 0.6621621621621622 0.0203125
0 0.7702702702702703 0.1078125 0.10810810810810811 0.015625
0 0.9864864864864865 0.0859375 0.013513513513513514 0.0203125
0 0.8648648648648649 0.075 0.12162162162162163 0.015625
0 0.22972972972972974 0.075 0.43243243243243246 0.1484375
0 0.8918918918918919 0.2234375 0.21621621621621623 0.034375
0 0.32432432432432434 0.2015625 0.16216216216216217 0.0203125
0 0.4189189189189189 0.30625 0.12162162162162163 0.0140625
0 0.6891891891891891 0.4265625 0.20270270270270271 0.0390625
0 0.9459459459459459 0.6421875 0.10810810810810811 0.0234375
0 0.7027027027027027 0.7328125 0.22972972972972974 0.0453125
0 0.05405405405405406 0.5984375 0.10810810810810811 0.0375
0 0.6621621621621622 0.534375 0.08108108108108109 0.0171875
0 0.5 0.5609375 0.1891891891891892 0.0234375
0 0.8986486486486487 0.90703125 0.20270270270270271 0.0328125
0 0.6486486486486487 0.8234375 0.35135135135135137 0.028125