0 0.4925373134328358 0.1984375 0.3582089552238806 0.046875
0 0.08955223880597014 0.2890625 0.1791044776119403 0.0328125
0 0.014925373134328358 0.1421875 0.014925373134328358 0.0171875
0 0.6716417910447762 0.096875 0.19402985074626866 0.021875
0 0.19402985074626866 0.13125 0.31343283582089554 0.025
0 0.08955223880597014 0.1546875 0.16417910447761194 0.0171875
0 0.029850746268656716 0.246875 0.04477611940298507 0.0359375
0 0.3880597014925373 0.2625 0.3283582089552239 0.0421875
0 0.4626865671641791 0.4890625 0.4925373134328358 0.0234375
0 0.2537313432835821 0.3484375 0.34328358208955223 0.028125
0 0.40298507462686567 0.7015625 0.23880597014925373 0.0265625
0 0.13432835820895522 0.9703125 0.208955223880597 0.0171875
0 0.14925373134328357 0.940625 0.23880597014925373 0.0125
0 0.16417910447761194 0.76875 0.19402985074626866 0.021875
0 0.7313432835820896 0.734375 0.13432835820895522 0.0125
0 0.23880597014925373 0.4421875 0.23880597014925373 0.01875
0 0.05970149253731343 0.6078125 0.1044776119402985 0.0234375
0 0.05970149253731343 0.9015625 0.11940298507462686 0.01875