0 0.7636363636363637 0.340625 0.38181818181818183 0.059375
0 0.38181818181818183 0.4515625 0.22727272727272727 0.046875
0 0.36363636363636365 0.3 0.14545454545454545 0.0390625
0 0.39090909090909093 0.3421875 0.19090909090909092 0.0265625
0 0.9181818181818182 0.5390625 0.16363636363636364 0.040625
0 0.35454545454545455 0.58125 0.2727272727272727 0.08125
0 0.44545454545454544 0.840625 0.39090909090909093 0.0671875
0 0.6818181818181818 0.79375 0.3 0.0484375
0 0.990909090909091 0.7125 0.01818181818181818 0.028125
0 0.9272727272727272 0.6828125 0.14545454545454545 0.0265625
0 0.38181818181818183 0.7265625 0.33636363636363636 0.1484375
0 0.9727272727272728 0.834375 0.05454545454545454 0.034375
0 0.7318181818181818 0.959375 0.5363636363636364 0.08125
0 0.3090909090909091 0.9640625 0.2 0.046875