0 0.27522935779816515 0.171875 0.3669724770642202 0.059375
0 0.8532110091743119 0.15625 0.29357798165137616 0.0515625
0 0.46788990825688076 0.5046875 0.08256880733944955 0.025
0 0.7064220183486238 0.2890625 0.12844036697247707 0.034375
0 0.5045871559633027 0.73125 0.1559633027522936 0.0328125
0 0.01834862385321101 0.690625 0.027522935779816515 0.034375
0 0.6559633027522935 0.809375 0.6880733944954128 0.38125
0 0.5504587155963303 0.7875 0.1559633027522936 0.0421875
0 0.05504587155963303 0.85625 0.10091743119266056 0.0578125
0 0.09174311926605505 0.9828125 0.1743119266055046 0.0328125
0 0.3577981651376147 0.4734375 0.1651376146788991 0.0265625