0 0.16494845360824742 0.9609375 0.09278350515463918 0.0171875
0 0.010309278350515464 0.9671875 0.020618556701030927 0.015625
0 0.25773195876288657 0.909375 0.07216494845360824 0.0109375
0 0.27835051546391754 0.9875 0.061855670103092786 0.015625
0 0.10309278350515463 0.784375 0.12371134020618557 0.0140625
0 0.041237113402061855 0.7203125 0.07216494845360824 0.0125
0 0.18556701030927836 0.8 0.10309278350515463 0.015625
0 0.24742268041237114 0.5109375 0.4845360824742268 0.05
0 0.4639175257731959 0.3015625 0.36082474226804123 0.0359375
0 0.1958762886597938 0.3578125 0.14432989690721648 0.0515625
0 0.030927835051546393 0.215625 0.05154639175257732 0.0296875
0 0.20618556701030927 0.1015625 0.35051546391752575 0.034375
0 0.07216494845360824 0.2640625 0.14432989690721648 0.0203125
0 0.1958762886597938 0.478125 0.20618556701030927 0.01875
0 0.28865979381443296 0.41875 0.14432989690721648 0.0265625
0 0.08247422680412371 0.3078125 0.14432989690721648 0.01875