0 0.6910569105691057 0.203125 0.3008130081300813 0.0609375
0 0.926829268292683 0.040625 0.14634146341463414 0.040625
0 0.8292682926829268 0.1234375 0.18699186991869918 0.0328125
0 0.959349593495935 0.09375 0.07317073170731707 0.025
0 0.7235772357723578 0.0140625 0.17886178861788618 0.0265625
0 0.943089430894309 0.4734375 0.11382113821138211 0.0703125
0 0.6504065040650406 0.4703125 0.25203252032520324 0.1859375
0 0.5853658536585366 0.71875 0.22764227642276422 0.15
0 0.7642276422764228 0.60625 0.4715447154471545 0.4625
0 0.967479674796748 0.9953125 0.056910569105691054 0.0078125
0 0.8211382113821138 0.8953125 0.2845528455284553 0.05625
0 0.7154471544715447 0.9875 0.13821138211382114 0.0234375
0 0.5934959349593496 0.9546875 0.11382113821138211 0.028125
0 0.8048780487804879 0.940625 0.13821138211382114 0.0265625
0 0.7804878048780488 0.828125 0.2032520325203252 0.0375