0 0.05592105263157895 0.2453125 0.1118421052631579 0.1171875
0 0.0756578947368421 0.975 0.1513157894736842 0.05
0 0.3059210526315789 0.878125 0.08881578947368421 0.05625
0 0.45723684210526316 0.8859375 0.09210526315789473 0.0640625
0 0.18421052631578946 0.6875 0.06907894736842106 0.0265625
0 0.3717105263157895 0.409375 0.05263157894736842 0.059375
0 0.18092105263157895 0.4546875 0.07894736842105263 0.040625
0 0.42105263157894735 0.2 0.1611842105263158 0.0484375
0 0.09868421052631579 0.159375 0.09210526315789473 0.0546875
0 0.9769736842105263 0.0296875 0.04276315789473684 0.034375
0 0.5361842105263158 0.0984375 0.17105263157894737 0.0484375
0 0.02631578947368421 0.61875 0.05263157894736842 0.0578125
0 0.16776315789473684 0.5375 0.08881578947368421 0.06875
0 0.18092105263157895 0.6453125 0.08223684210526316 0.059375
0 0.3684210526315789 0.53125 0.08881578947368421 0.0546875
0 0.33881578947368424 0.471875 0.0625 0.04375
0 0.25 0.34375 0.05592105263157895 0.01875
0 0.22697368421052633 0.2921875 0.10197368421052631 0.0578125
0 0.6907894736842105 0.3 0.12828947368421054 0.0421875
0 0.8223684210526315 0.34375 0.14473684210526316 0.0484375
0 0.1611842105263158 0.7203125 0.05921052631578947 0.04375
0 0.03618421052631579 0.7796875 0.07236842105263158 0.04375
0 0.03289473684210526 0.8296875 0.0625 0.059375
0 0.40131578947368424 0.5953125 0.07236842105263158 0.0296875
0 0.8289473684210527 0.553125 0.05921052631578947 0.028125
0 0.8980263157894737 0.5390625 0.05592105263157895 0.0296875
0 0.9078947368421053 0.4828125 0.11842105263157894 0.0359375
0 0.6644736842105263 0.4953125 0.10855263157894737 0.0390625
0 0.555921052631579 0.515625 0.09868421052631579 0.0703125
0 0.6085526315789473 0.571875 0.10197368421052631 0.04375
0 0.7796052631578947 0.65625 0.1118421052631579 0.053125
0 0.6776315789473685 0.721875 0.1118421052631579 0.0390625
0 0.34868421052631576 0.053125 0.07236842105263158 0.0109375
0 0.009868421052631578 0.3703125 0.01644736842105263 0.0421875
0 0.09210526315789473 0.371875 0.049342105263157895 0.0296875
0 0.01644736842105263 0.43125 0.03289473684210526 0.0484375
0 0.24671052631578946 0.521875 0.05263157894736842 0.04375
0 0.5394736842105263 0.3953125 0.049342105263157895 0.0390625
0 0.6611842105263158 0.39375 0.05592105263157895 0.034375
0 0.9506578947368421 0.2671875 0.05263157894736842 0.0390625
0 0.06907894736842106 0.1859375 0.13486842105263158 0.034375
0 0.25 0.240625 0.13815789473684212 0.0375
0 0.009868421052631578 0.0859375 0.019736842105263157 0.0328125
0 0.4473684210526316 0.0125 0.14473684210526316 0.0234375
0 0.5230263157894737 0.0328125 0.07894736842105263 0.0484375
0 0.16776315789473684 0.88125 0.10197368421052631 0.0484375
0 0.26644736842105265 0.9640625 0.0625 0.034375
0 0.3256578947368421 0.9796875 0.05263157894736842 0.0390625
0 0.3618421052631579 0.9921875 0.10197368421052631 0.0140625
0 0.4276315789473684 0.9890625 0.049342105263157895 0.021875
0 0.5756578947368421 0.9703125 0.10526315789473684 0.05625
0 0.7467105263157895 0.8390625 0.25 0.078125
0 0.5723684210526315 0.7984375 0.1118421052631579 0.0546875