0 0.5958702064896755 0.6640625 0.06784660766961652 0.0390625
0 0.7522123893805309 0.95 0.06489675516224189 0.028125
0 0.014749262536873156 0.409375 0.029498525073746312 0.0328125
0 0.9233038348082596 0.240625 0.061946902654867256 0.0375
0 0.43952802359882004 0.9265625 0.1504424778761062 0.059375
0 0.415929203539823 0.9953125 0.14454277286135694 0.009375
0 0.3421828908554572 0.015625 0.13274336283185842 0.03125
0 0.20648967551622419 0.065625 0.11209439528023599 0.040625
0 0.336283185840708 0.125 0.0855457227138643 0.0328125
0 0.008849557522123894 0.184375 0.017699115044247787 0.0484375
0 0.05014749262536873 0.696875 0.10029498525073746 0.046875
0 0.9616519174041298 0.86875 0.05604719764011799 0.028125
0 0.9896755162241888 0.621875 0.02064896755162242 0.040625
0 0.5958702064896755 0.85625 0.10619469026548672 0.040625
0 0.7522123893805309 0.83125 0.14749262536873156 0.071875
0 0.7168141592920354 0.6875 0.08849557522123894 0.046875
0 0.8525073746312685 0.6640625 0.10619469026548672 0.059375
0 0.6342182890855457 0.45 0.07374631268436578 0.0453125
0 0.6637168141592921 0.5171875 0.08259587020648967 0.034375
0 0.8584070796460177 0.5375 0.06489675516224189 0.0421875
0 0.9660766961651918 0.1453125 0.06784660766961652 0.034375
0 0.672566371681416 0.11875 0.12389380530973451 0.059375
0 0.17404129793510326 0.0046875 0.0471976401179941 0.0078125
0 0.4247787610619469 0.2046875 0.07079646017699115 0.0375
0 0.25958702064896755 0.6265625 0.04129793510324484 0.021875
0 0.1887905604719764 0.5890625 0.13274336283185842 0.0640625
0 0.07964601769911504 0.609375 0.06784660766961652 0.046875