0 0.8098159509202454 0.2359375 0.13803680981595093 0.09375
0 0.8220858895705522 0.0640625 0.13803680981595093 0.0546875
0 0.08588957055214724 0.4171875 0.16257668711656442 0.0875
0 0.5797546012269938 0.625 0.22085889570552147 0.10625
0 0.2147239263803681 0.121875 0.11042944785276074 0.0734375
0 0.5736196319018405 0.25 0.1411042944785276 0.0546875
0 0.0736196319018405 0.7796875 0.1441717791411043 0.1328125
0 0.5858895705521472 0.40625 0.06441717791411043 0.0515625
0 0.018404907975460124 0.484375 0.03374233128834356 0.0390625
0 0.06134969325153374 0.8890625 0.08282208588957055 0.0296875
0 0.08895705521472393 0.928125 0.17791411042944785 0.0859375
0 0.29754601226993865 0.7640625 0.1196319018404908 0.0265625
0 0.6840490797546013 0.7734375 0.1196319018404908 0.0453125
0 0.8558282208588958 0.8328125 0.10122699386503067 0.0671875
0 0.745398773006135 0.8421875 0.10122699386503067 0.0515625
0 0.6411042944785276 0.8375 0.046012269938650305 0.034375
0 0.6441717791411042 0.8953125 0.1441717791411043 0.06875
0 0.3588957055214724 0.0234375 0.06748466257668712 0.0296875
0 0.31901840490797545 0.25 0.12269938650306748 0.0359375
0 0.02147239263803681 0.0234375 0.04294478527607362 0.0296875
0 0.40797546012269936 0.853125 0.08282208588957055 0.021875
0 0.44171779141104295 0.8109375 0.0736196319018405 0.0203125
0 0.31901840490797545 0.8125 0.0736196319018405 0.0453125
0 0.8834355828220859 0.921875 0.06134969325153374 0.0328125
0 0.22699386503067484 0.54375 0.05828220858895705 0.0140625
0 0.549079754601227 0.5375 0.05828220858895705 0.015625
0 0.009202453987730062 0.5890625 0.015337423312883436 0.021875
0 0.3282208588957055 0.628125 0.0736196319018405 0.0328125
0 0.2392638036809816 0.6625 0.08895705521472393 0.028125
0 0.6748466257668712 0.3203125 0.05828220858895705 0.0296875
0 0.8251533742331288 0.3390625 0.05521472392638037 0.04375
0 0.558282208588957 0.0703125 0.046012269938650305 0.028125
0 0.6319018404907976 0.078125 0.027607361963190184 0.0234375
0 0.4325153374233129 0.0859375 0.03680981595092025 0.0203125
0 0.44785276073619634 0.140625 0.046012269938650305 0.015625
0 0.26993865030674846 0.3921875 0.05828220858895705 0.0296875
0 0.08895705521472393 0.3 0.027607361963190184 0.0140625
0 0.03067484662576687 0.309375 0.06134969325153374 0.0453125
0 0.003067484662576687 0.2078125 0.006134969325153374 0.0171875
0 0.4785276073619632 0.3 0.03374233128834356 0.025
0 0.5858895705521472 0.334375 0.046012269938650305 0.021875
0 0.2822085889570552 0.3421875 0.03987730061349693 0.021875
0 0.2361963190184049 0.35 0.027607361963190184 0.0203125
0 0.1656441717791411 0.353125 0.03987730061349693 0.021875
0 0.5 0.425 0.027607361963190184 0.0171875
0 0.5950920245398773 0.4921875 0.06134969325153374 0.0296875
0 0.6901840490797546 0.46875 0.06441717791411043 0.0296875
0 0.6717791411042945 0.4390625 0.049079754601226995 0.0265625
0 0.17791411042944785 0.5171875 0.06441717791411043 0.015625
0 0.3558282208588957 0.521875 0.03987730061349693 0.0171875