0 0.8717105263157895 0.090625 0.2532894736842105 0.18125
0 0.9276315789473685 0.4890625 0.14473684210526316 0.175
0 0.6973684210526315 0.9609375 0.32894736842105265 0.078125
0 0.3815789473684211 0.2890625 0.14473684210526316 0.09375
0 0.28618421052631576 0.6203125 0.125 0.078125
0 0.4506578947368421 0.634375 0.08552631578947369 0.0640625
0 0.7302631578947368 0.2046875 0.1875 0.065625
0 0.506578947368421 0.1109375 0.12828947368421054 0.046875
0 0.8388157894736842 0.3765625 0.19078947368421054 0.0640625
0 0.569078947368421 0.465625 0.08223684210526316 0.034375
0 0.5723684210526315 0.534375 0.15460526315789475 0.0640625
0 0.625 0.8890625 0.13486842105263158 0.0484375
0 0.4473684210526316 0.925 0.16776315789473684 0.06875
0 0.3157894736842105 0.990625 0.18092105263157895 0.0171875
0 0.17763157894736842 0.75 0.15789473684210525 0.053125
0 0.34210526315789475 0.8515625 0.10197368421052631 0.06875
0 0.5131578947368421 0.8640625 0.09539473684210527 0.0453125
0 0.6085526315789473 0.809375 0.08223684210526316 0.059375
0 0.9572368421052632 0.95 0.08223684210526316 0.0984375
0 0.11842105263157894 0.9171875 0.09539473684210527 0.0484375
0 0.20065789473684212 0.928125 0.0625 0.0515625
0 0.3059210526315789 0.91875 0.09868421052631579 0.040625
0 0.18092105263157895 0.9765625 0.10197368421052631 0.034375
0 0.7861842105263158 0.5625 0.08552631578947369 0.0375
0 0.75 0.64375 0.03618421052631579 0.03125
0 0.8453947368421053 0.66875 0.10197368421052631 0.028125
0 0.9868421052631579 0.7671875 0.02631578947368421 0.0296875
0 0.868421052631579 0.76875 0.10526315789473684 0.0515625
0 0.6743421052631579 0.709375 0.08881578947368421 0.0453125
0 0.39473684210526316 0.7453125 0.1118421052631579 0.040625
0 0.23026315789473684 0.3125 0.10197368421052631 0.0453125
0 0.6085526315789473 0.4125 0.09868421052631579 0.05
0 0.41118421052631576 0.4734375 0.10855263157894737 0.0328125
0 0.34539473684210525 0.51875 0.1118421052631579 0.034375
0 0.5592105263157895 0.0796875 0.07236842105263158 0.0453125
0 0.6578947368421053 0.003125 0.1118421052631579 0.0046875
0 0.07894736842105263 0.0921875 0.0756578947368421 0.03125
0 0.06907894736842106 0.0625 0.05263157894736842 0.0234375
0 0.1513157894736842 0.0484375 0.1118421052631579 0.034375
0 0.3256578947368421 0.1375 0.04276315789473684 0.03125
0 0.2598684210526316 0.125 0.08223684210526316 0.0546875
0 0.26973684210526316 0.221875 0.07894736842105263 0.04375
0 0.3223684210526316 0.1953125 0.08223684210526316 0.0375
0 0.35855263157894735 0.159375 0.05921052631578947 0.0296875
0 0.3848684210526316 0.1421875 0.06907894736842106 0.04375
0 0.2532894736842105 0.03125 0.06907894736842106 0.0296875
0 0.4407894736842105 0.0265625 0.08881578947368421 0.053125
0 0.33223684210526316 0.0015625 0.08223684210526316 0.003125
0 0.03618421052631579 0.1515625 0.046052631578947366 0.0328125
0 0.993421052631579 0.26875 0.009868421052631578 0.040625
0 0.7236842105263158 0.3046875 0.10197368421052631 0.034375
0 0.8223684210526315 0.3265625 0.10197368421052631 0.05
0 0.8092105263157895 0.5265625 0.07236842105263158 0.015625
0 0.5526315789473685 0.6484375 0.06907894736842106 0.01875
0 0.5328947368421053 0.69375 0.07236842105263158 0.03125
0 0.17105263157894737 0.6140625 0.09868421052631579 0.0296875
0 0.11513157894736842 0.5171875 0.03618421052631579 0.0484375
0 0.08223684210526316 0.5625 0.08881578947368421 0.0328125
0 0.14802631578947367 0.584375 0.10197368421052631 0.053125
0 0.2565789473684211 0.3765625 0.05921052631578947 0.034375
0 0.19407894736842105 0.384375 0.06907894736842106 0.0328125
0 0.11513157894736842 0.4265625 0.09210526315789473 0.034375
0 0.14473684210526316 0.4640625 0.08223684210526316 0.0296875
0 0.29605263157894735 0.446875 0.08881578947368421 0.0390625
0 0.02631578947368421 0.271875 0.05263157894736842 0.0515625
0 0.7960526315789473 0.8328125 0.05921052631578947 0.0265625
0 0.7203947368421053 0.834375 0.049342105263157895 0.0234375
0 0.7664473684210527 0.8578125 0.0625 0.0203125
0 0.8848684210526315 0.9484375 0.07236842105263158 0.0390625
0 0.993421052631579 0.9921875 0.009868421052631578 0.0140625
0 0.34539473684210525 0.7125 0.0756578947368421 0.0328125
0 0.23026315789473684 0.6984375 0.1118421052631579 0.0265625
0 0.046052631578947366 0.7078125 0.03289473684210526 0.04375
0 0.1513157894736842 0.6984375 0.05263157894736842 0.025
0 0.9671052631578947 0.1984375 0.05263157894736842 0.034375
0 0.9950657894736842 0.44609375 0.009868421052631578 0.0421875
0 0.6611842105263158 0.746875 0.07236842105263158 0.0265625
0 0.7598684210526315 0.746875 0.10197368421052631 0.0390625
0 0.9703947368421053 0.8171875 0.05592105263157895 0.028125
0 0.875 0.909375 0.08223684210526316 0.034375