0 0.8292682926829268 0.1578125 0.17682926829268292 0.0625
0 0.9085365853658537 0.35625 0.1798780487804878 0.2390625
0 0.8719512195121951 0.803125 0.25609756097560976 0.0921875
0 0.01524390243902439 0.9734375 0.027439024390243903 0.053125
0 0.2652439024390244 0.6796875 0.08231707317073171 0.040625
0 0.4969512195121951 0.009375 0.10060975609756098 0.0171875
0 0.2804878048780488 0.0734375 0.12195121951219512 0.0671875
0 0.5152439024390244 0.2765625 0.0975609756097561 0.046875
0 0.8353658536585366 0.684375 0.08841463414634146 0.05625
0 0.7774390243902439 0.203125 0.12195121951219512 0.0625
0 0.4969512195121951 0.7234375 0.10975609756097561 0.0453125
0 0.42378048780487804 0.75 0.15853658536585366 0.10625
0 0.18292682926829268 0.7046875 0.09451219512195122 0.0421875
0 0.012195121951219513 0.725 0.024390243902439025 0.040625
0 0.01524390243902439 0.8578125 0.027439024390243903 0.0421875
0 0.25914634146341464 0.93125 0.12195121951219512 0.065625
0 0.649390243902439 0.875 0.11890243902439024 0.0390625
0 0.4603658536585366 0.890625 0.0975609756097561 0.0359375
0 0.5914634146341463 0.953125 0.13414634146341464 0.05625
0 0.4054878048780488 0.9890625 0.0975609756097561 0.021875
0 0.11585365853658537 0.9109375 0.11585365853658537 0.0515625
0 0.14634146341463414 0.9578125 0.10365853658536585 0.0421875
0 0.012195121951219513 0.471875 0.021341463414634148 0.0390625
0 0.22560975609756098 0.3859375 0.051829268292682924 0.009375
0 0.01524390243902439 0.5875 0.027439024390243903 0.0421875
0 0.10060975609756098 0.5640625 0.11280487804878049 0.0640625