0 0.10736196319018405 0.2671875 0.2116564417177914 0.1421875
0 0.8312883435582822 0.0796875 0.1165644171779141 0.05
0 0.36503067484662577 0.1296875 0.08895705521472393 0.04375
0 0.5061349693251533 0.153125 0.08895705521472393 0.05625
0 0.3895705521472393 0.1734375 0.0736196319018405 0.0453125
0 0.7668711656441718 0.89375 0.13803680981595093 0.0375
0 0.10122699386503067 0.8265625 0.06134969325153374 0.0375
0 0.03374233128834356 0.828125 0.06134969325153374 0.0296875
0 0.2668711656441718 0.0109375 0.04294478527607362 0.021875
0 0.8251533742331288 0.0265625 0.0736196319018405 0.0421875
0 0.13803680981595093 0.2734375 0.04294478527607362 0.0390625
0 0.7269938650306749 0.3703125 0.16257668711656442 0.075
0 0.9447852760736196 0.34375 0.07975460122699386 0.0546875
0 0.02147239263803681 0.0265625 0.04294478527607362 0.025
0 0.06441717791411043 0.0484375 0.06441717791411043 0.0265625
0 0.24233128834355827 0.46875 0.03374233128834356 0.0296875
0 0.4570552147239264 0.4890625 0.08588957055214724 0.0421875
0 0.7208588957055214 0.590625 0.09815950920245399 0.046875
0 0.6656441717791411 0.6375 0.03987730061349693 0.021875
0 0.41411042944785276 0.415625 0.046012269938650305 0.021875
0 0.50920245398773 0.25 0.03680981595092025 0.0234375
0 0.6871165644171779 0.2890625 0.0736196319018405 0.0328125
0 0.3006134969325153 0.365625 0.05521472392638037 0.0265625
0 0.3895705521472393 0.3484375 0.06441717791411043 0.028125
0 0.37116564417177916 0.375 0.046012269938650305 0.0265625
0 0.5920245398773006 0.33125 0.04294478527607362 0.0265625
0 0.6012269938650306 0.38125 0.05828220858895705 0.028125
0 0.7883435582822086 0.4875 0.06748466257668712 0.034375
0 0.6748466257668712 0.525 0.027607361963190184 0.0265625
0 0.012269938650306749 0.93125 0.024539877300613498 0.0359375
0 0.018404907975460124 0.2984375 0.03374233128834356 0.0359375
0 0.27300613496932513 0.8453125 0.08895705521472393 0.0625
0 0.11042944785276074 0.940625 0.07975460122699386 0.05
0 0.294478527607362 0.940625 0.147239263803681 0.059375
0 0.4815950920245399 0.975 0.015337423312883436 0.0484375
0 0.7638036809815951 0.228125 0.08895705521472393 0.0375
0 0.8558282208588958 0.5796875 0.0736196319018405 0.046875
0 0.17791411042944785 0.7515625 0.05521472392638037 0.0328125
0 0.6012269938650306 0.8671875 0.06748466257668712 0.034375
0 0.7484662576687117 0.6625 0.09815950920245399 0.05
0 0.46932515337423314 0.7734375 0.04294478527607362 0.0296875
0 0.015337423312883436 0.8671875 0.03067484662576687 0.0359375
0 0.07975460122699386 0.871875 0.07975460122699386 0.0359375