0 0.9835526315789473 0.290625 0.029605263157894735 0.2015625
0 0.9950657894736842 0.10390625 0.009868421052631578 0.2015625
0 0.48026315789473684 0.9328125 0.26644736842105265 0.1328125
0 0.5756578947368421 0.640625 0.19736842105263158 0.1265625
0 0.680921052631579 0.2796875 0.20065789473684212 0.1078125
0 0.7171052631578947 0.0875 0.2730263157894737 0.1265625
0 0.1875 0.1140625 0.2894736842105263 0.09375
0 0.3618421052631579 0.2078125 0.17105263157894737 0.1015625
0 0.46710526315789475 0.284375 0.10855263157894737 0.1046875
0 0.8421052631578947 0.9625 0.23026315789473684 0.0734375
0 0.7927631578947368 0.8625 0.19736842105263158 0.0984375
0 0.14473684210526316 0.41875 0.2894736842105263 0.115625
0 0.10855263157894737 0.6078125 0.2138157894736842 0.1484375
0 0.2138157894736842 0.9640625 0.07894736842105263 0.0703125
0 0.875 0.4 0.08223684210526316 0.0390625
0 0.9835526315789473 0.4015625 0.03289473684210526 0.03125
0 0.8881578947368421 0.459375 0.1118421052631579 0.0296875
0 0.7631578947368421 0.3875 0.10526315789473684 0.059375
0 0.6480263157894737 0.4546875 0.10855263157894737 0.034375
0 0.8848684210526315 0.6671875 0.0625 0.0328125
0 0.5526315789473685 0.7421875 0.09539473684210527 0.0234375
0 0.3848684210526316 0.4484375 0.0756578947368421 0.04375
0 0.17763157894736842 0.18125 0.03289473684210526 0.0296875
0 0.09210526315789473 0.253125 0.049342105263157895 0.0140625
0 0.22039473684210525 0.4078125 0.05592105263157895 0.0390625
0 0.3157894736842105 0.66875 0.1513157894736842 0.0203125
0 0.9013157894736842 0.6421875 0.0756578947368421 0.025
0 0.5164473684210527 0.4296875 0.06907894736842106 0.025
0 0.35526315789473684 0.3359375 0.09210526315789473 0.0328125
0 0.3059210526315789 0.1359375 0.07236842105263158 0.0328125
0 0.5921052631578947 0.0125 0.08552631578947369 0.0234375
0 0.5164473684210527 0.053125 0.08223684210526316 0.0375
0 0.9046052631578947 0.15625 0.07236842105263158 0.0328125
0 0.8322368421052632 0.215625 0.09539473684210527 0.0640625
0 0.9967105263157895 0.6890625 0.006578947368421052 0.0265625
0 0.8848684210526315 0.7546875 0.08223684210526316 0.0296875
0 0.7236842105263158 0.71875 0.24342105263157895 0.0640625
0 0.40460526315789475 0.7671875 0.08881578947368421 0.0296875
0 0.4868421052631579 0.7625 0.06578947368421052 0.0359375
0 0.4506578947368421 0.7953125 0.09210526315789473 0.040625
0 0.5164473684210527 0.8 0.07236842105263158 0.0390625
0 0.13486842105263158 0.7890625 0.049342105263157895 0.0234375
0 0.15460526315789475 0.8078125 0.08552631578947369 0.028125
0 0.11842105263157894 0.859375 0.06907894736842106 0.03125
0 0.09868421052631579 0.925 0.046052631578947366 0.03125
0 0.9342105263157895 0.821875 0.05921052631578947 0.0484375
0 0.9671052631578947 0.8609375 0.06578947368421052 0.046875
0 0.9901315789473685 0.9171875 0.019736842105263157 0.0296875
0 0.7664473684210527 0.475 0.13486842105263158 0.0375
0 0.6743421052631579 0.5203125 0.12171052631578948 0.0375
0 0.1875 0.334375 0.1118421052631579 0.0328125
0 0.34210526315789475 0.378125 0.07236842105263158 0.0234375
0 0.47368421052631576 0.3921875 0.06907894736842106 0.0265625
0 0.46381578947368424 0.4125 0.06907894736842106 0.0234375
0 0.4440789473684211 0.4484375 0.0625 0.0234375
0 0.5592105263157895 0.465625 0.039473684210526314 0.0171875
0 0.5230263157894737 0.48125 0.07236842105263158 0.0296875
0 0.27631578947368424 0.7734375 0.06907894736842106 0.028125
0 0.3157894736842105 0.8734375 0.039473684210526314 0.0234375
0 0.23684210526315788 0.925 0.07236842105263158 0.03125