0 0.17105263157894737 0.025 0.34210526315789475 0.0484375
0 0.9375 0.9796875 0.125 0.0390625
0 0.5493421052631579 0.53125 0.2993421052631579 0.134375
0 0.7960526315789473 0.1765625 0.2236842105263158 0.0828125
0 0.1118421052631579 0.3875 0.17434210526315788 0.13125
0 0.11842105263157894 0.4609375 0.19736842105263158 0.065625
0 0.881578947368421 0.7625 0.23684210526315788 0.1375
0 0.24342105263157895 0.784375 0.20723684210526316 0.0265625
0 0.9736842105263158 0.403125 0.05263157894736842 0.1015625
0 0.5328947368421053 0.2609375 0.09210526315789473 0.0515625
0 0.6776315789473685 0.25625 0.19736842105263158 0.0546875
0 0.5855263157894737 0.321875 0.13486842105263158 0.0703125
0 0.8125 0.3875 0.07236842105263158 0.0546875
0 0.41776315789473684 0.01875 0.13486842105263158 0.0375
0 0.7697368421052632 0.0171875 0.09539473684210527 0.0328125
0 0.96875 0.26953125 0.0625 0.0671875
0 0.7631578947368421 0.4828125 0.125 0.0421875
0 0.8618421052631579 0.5265625 0.08552631578947369 0.0328125
0 0.9276315789473685 0.590625 0.14144736842105263 0.078125
0 0.7763157894736842 0.659375 0.16447368421052633 0.046875
0 0.40131578947368424 0.9234375 0.1118421052631579 0.053125
0 0.27631578947368424 0.9609375 0.10197368421052631 0.0734375
0 0.4901315789473684 0.9703125 0.11842105263157894 0.05625
0 0.24342105263157895 0.85625 0.12171052631578948 0.0515625
0 0.35526315789473684 0.8515625 0.08552631578947369 0.0546875
0 0.3190789473684211 0.8953125 0.10197368421052631 0.0453125
0 0.6578947368421053 0.8171875 0.13157894736842105 0.090625
0 0.375 0.6015625 0.09868421052631579 0.0484375
0 0.375 0.4953125 0.13486842105263158 0.06875
0 0.29276315789473684 0.5546875 0.09210526315789473 0.0453125
0 0.15789473684210525 0.59375 0.10855263157894737 0.04375
0 0.45723684210526316 0.415625 0.1118421052631579 0.034375
0 0.6546052631578947 0.4234375 0.14473684210526316 0.0578125
0 0.25 0.421875 0.09868421052631579 0.053125
0 0.2598684210526316 0.4953125 0.125 0.0265625
0 0.1875 0.5546875 0.07236842105263158 0.0234375
0 0.9736842105263158 0.8515625 0.049342105263157895 0.103125
0 0.75 0.9859375 0.07236842105263158 0.0265625
0 0.4309210526315789 0.1015625 0.21710526315789475 0.0921875
0 0.9703947368421053 0.6859375 0.05592105263157895 0.0421875
0 0.569078947368421 0.7453125 0.11513157894736842 0.0359375
0 0.375 0.7421875 0.10197368421052631 0.0328125
0 0.42105263157894735 0.8015625 0.10855263157894737 0.0484375
0 0.05263157894736842 0.775 0.07894736842105263 0.065625
0 0.07894736842105263 0.875 0.09210526315789473 0.0453125
0 0.11842105263157894 0.959375 0.09868421052631579 0.021875
0 0.46381578947368424 0.3484375 0.05921052631578947 0.0609375
0 0.23684210526315788 0.2890625 0.1118421052631579 0.034375
0 0.2532894736842105 0.2609375 0.09210526315789473 0.0140625
0 0.5 0.2171875 0.049342105263157895 0.03125