0 0.8098159509202454 0.3078125 0.10429447852760736 0.0515625
0 0.19938650306748465 0.9578125 0.11042944785276074 0.065625
0 0.44171779141104295 0.7765625 0.06134969325153374 0.034375
0 0.35276073619631904 0.078125 0.17791411042944785 0.06875
0 0.7883435582822086 0.89375 0.04294478527607362 0.046875
0 0.4171779141104294 0.9265625 0.04294478527607362 0.03125
0 0.1196319018404908 0.6640625 0.12269938650306748 0.0578125
0 0.009202453987730062 0.628125 0.018404907975460124 0.0375
0 0.015337423312883436 0.55625 0.03067484662576687 0.01875
0 0.08282208588957055 0.534375 0.08588957055214724 0.0328125
0 0.2883435582822086 0.421875 0.13190184049079753 0.03125
0 0.39263803680981596 0.203125 0.1165644171779141 0.040625
0 0.35276073619631904 0.240625 0.147239263803681 0.0421875
0 0.32515337423312884 0.3015625 0.12576687116564417 0.0515625
0 0.8773006134969326 0.578125 0.18711656441717792 0.0828125
0 0.6104294478527608 0.5 0.0736196319018405 0.0390625
0 0.7361963190184049 0.4734375 0.08282208588957055 0.04375
0 0.25766871165644173 0.4796875 0.12883435582822086 0.04375