0 0.5290519877675841 0.6296875 0.3119266055045872 0.171875
0 0.25688073394495414 0.6890625 0.19877675840978593 0.121875
0 0.8516819571865444 0.09921875 0.2966360856269113 0.1765625
0 0.12538226299694188 0.3453125 0.24770642201834864 0.253125
0 0.8715596330275229 0.7796875 0.25688073394495414 0.2265625
0 0.10397553516819572 0.128125 0.07339449541284404 0.0296875
0 0.327217125382263 0.2171875 0.07339449541284404 0.034375
0 0.3363914373088685 0.3015625 0.11314984709480122 0.0546875
0 0.3180428134556575 0.403125 0.18960244648318042 0.1109375
0 0.3486238532110092 0.8375 0.12232415902140673 0.04375
0 0.1926605504587156 0.8203125 0.09785932721712538 0.0671875
0 0.1651376146788991 0.53125 0.07033639143730887 0.0390625
0 0.0672782874617737 0.5046875 0.07951070336391437 0.034375
0 0.7033639143730887 0.3515625 0.07339449541284404 0.03125
0 0.8960244648318043 0.3265625 0.0856269113149847 0.0828125
0 0.8073394495412844 0.2859375 0.1162079510703364 0.071875
0 0.5382262996941896 0.1984375 0.14067278287461774 0.053125
0 0.672782874617737 0.253125 0.08256880733944955 0.0296875
0 0.9388379204892966 0.2328125 0.10397553516819572 0.0609375
0 0.22018348623853212 0.984375 0.1345565749235474 0.0296875
0 0.6452599388379205 0.9046875 0.1620795107033639 0.0578125
0 0.9051987767584098 0.9375 0.07033639143730887 0.05