0 0.1651376146788991 0.9671875 0.3302752293577982 0.065625
0 0.290519877675841 0.9796875 0.10091743119266056 0.040625
0 0.8975535168195719 0.95390625 0.20489296636085627 0.0890625
0 0.672782874617737 0.9359375 0.1162079510703364 0.0625
0 0.8914373088685015 0.7453125 0.21712538226299694 0.159375
0 0.709480122324159 0.8390625 0.12538226299694188 0.05625
0 0.8287461773700305 0.86875 0.0672782874617737 0.0390625
0 0.20489296636085627 0.6546875 0.12844036697247707 0.071875
0 0.11009174311926606 0.75625 0.0030581039755351682 0.003125
0 0.18042813455657492 0.790625 0.18960244648318042 0.1078125
0 0.4831804281345566 0.903125 0.12232415902140673 0.090625
0 0.5596330275229358 0.3234375 0.11926605504587157 0.0703125
0 0.8776758409785933 0.4171875 0.11926605504587157 0.0640625
0 0.3944954128440367 0.109375 0.16819571865443425 0.03125
0 0.9128440366972477 0.09140625 0.1743119266055046 0.0921875
0 0.5626911314984709 0.1375 0.12232415902140673 0.040625
0 0.6483180428134556 0.134375 0.11314984709480122 0.05
0 0.21100917431192662 0.0640625 0.09480122324159021 0.040625
0 0.01529051987767584 0.5765625 0.03058103975535168 0.1015625