0 0.9176829268292683 0.0125 0.16463414634146342 0.0234375
0 0.19817073170731708 0.2890625 0.29573170731707316 0.0828125
0 0.9420731707317073 0.725 0.0975609756097561 0.0609375
0 0.9847560975609756 0.80625 0.027439024390243903 0.05
0 0.7591463414634146 0.94375 0.06707317073170732 0.0671875
0 0.20121951219512196 0.0296875 0.09146341463414634 0.059375
0 0.3597560975609756 0.06875 0.13414634146341464 0.0546875
0 0.2774390243902439 0.0765625 0.11280487804878049 0.0765625
0 0.34146341463414637 0.1359375 0.125 0.0578125
0 0.4329268292682927 0.209375 0.08231707317073171 0.05
0 0.7408536585365854 0.009375 0.09146341463414634 0.01875
0 0.09146341463414634 0.3640625 0.06707317073170732 0.0421875
0 0.20426829268292682 0.4140625 0.057926829268292686 0.034375
0 0.039634146341463415 0.3921875 0.07926829268292683 0.078125
0 0.07317073170731707 0.515625 0.07621951219512195 0.0421875
0 0.22865853658536586 0.671875 0.12195121951219512 0.05625
0 0.8628048780487805 0.5578125 0.14634146341463414 0.05625
0 0.9969512195121951 0.5578125 0.003048780487804878 0.0609375
0 0.125 0.86875 0.2073170731707317 0.1046875
0 0.06707317073170732 0.7796875 0.08841463414634146 0.1140625
0 0.18597560975609756 0.78125 0.14634146341463414 0.0765625
0 0.3353658536585366 0.8515625 0.08841463414634146 0.0515625
0 0.4054878048780488 0.9140625 0.12804878048780488 0.065625
0 0.6158536585365854 0.8921875 0.13719512195121952 0.0734375
0 0.7073170731707317 0.6515625 0.0975609756097561 0.075
0 0.7957317073170732 0.7765625 0.125 0.08125
0 0.6798780487804879 0.7296875 0.10670731707317073 0.096875
0 0.4878048780487805 0.4671875 0.0975609756097561 0.0375
0 0.7835365853658537 0.4796875 0.06402439024390244 0.0921875
0 0.6036585365853658 0.375 0.04878048780487805 0.059375
0 0.16158536585365854 0.4546875 0.0701219512195122 0.034375
0 0.0975609756097561 0.48125 0.057926829268292686 0.028125
0 0.2865853658536585 0.7375 0.08231707317073171 0.040625
0 0.4634146341463415 0.575 0.04878048780487805 0.0359375
0 0.39939024390243905 0.603125 0.054878048780487805 0.0421875
0 0.3902439024390244 0.31875 0.04573170731707317 0.0328125
0 0.4298780487804878 0.29375 0.06402439024390244 0.0296875
0 0.8079268292682927 0.134375 0.0975609756097561 0.053125
0 0.5304878048780488 0.090625 0.07621951219512195 0.059375
0 0.2652439024390244 0.996875 0.11585365853658537 0.0046875
0 0.3353658536585366 0.9875 0.07926829268292683 0.025
0 0.7042682926829268 0.984375 0.07621951219512195 0.0296875
0 0.6859756097560976 0.853125 0.11585365853658537 0.0640625
0 0.8384146341463414 0.9140625 0.09146341463414634 0.05
0 0.9359756097560976 0.9203125 0.0975609756097561 0.0703125
0 0.9512195121951219 0.975 0.07926829268292683 0.046875