0 0.986764705882353 0.1328125 0.026470588235294117 0.028125
0 0.06764705882352941 0.1546875 0.09117647058823529 0.0359375
0 0.22941176470588234 0.1328125 0.10294117647058823 0.0265625
0 0.43529411764705883 0.009375 0.06764705882352941 0.0171875
0 0.46176470588235297 0.184375 0.052941176470588235 0.034375
0 0.5352941176470588 0.184375 0.07058823529411765 0.053125
0 0.047058823529411764 0.2203125 0.052941176470588235 0.0265625
0 0.7176470588235294 0.365625 0.11764705882352941 0.071875
0 0.5323529411764706 0.3328125 0.11470588235294117 0.0484375
0 0.9779411764705882 0.03046875 0.04411764705882353 0.0265625
0 0.7294117647058823 0.6328125 0.09705882352941177 0.0625
0 0.8529411764705882 0.6390625 0.023529411764705882 0.04375
0 0.9382352941176471 0.640625 0.058823529411764705 0.0265625
0 0.9411764705882353 0.6890625 0.052941176470588235 0.021875
0 0.3911764705882353 0.759375 0.061764705882352944 0.0296875
0 0.6470588235294118 0.784375 0.09705882352941177 0.059375
0 0.8264705882352941 0.84375 0.10588235294117647 0.05
0 0.26176470588235295 0.8359375 0.061764705882352944 0.034375
0 0.611764705882353 0.515625 0.061764705882352944 0.0421875