0 0.5328947368421053 0.04375 0.2894736842105263 0.0859375
0 0.11513157894736842 0.2765625 0.20723684210526316 0.075
0 0.4144736842105263 0.6171875 0.1611842105263158 0.04375
0 0.4407894736842105 0.7453125 0.08223684210526316 0.06875
0 0.6513157894736842 0.8359375 0.08881578947368421 0.0453125
0 0.5164473684210527 0.9171875 0.14144736842105263 0.0453125
0 0.24342105263157895 0.9515625 0.16447368421052633 0.0796875
0 0.8125 0.04375 0.28289473684210525 0.0859375
0 0.03289473684210526 0.16875 0.0625 0.0453125
0 0.2631578947368421 0.109375 0.07894736842105263 0.0515625
0 0.009868421052631578 0.0875 0.019736842105263157 0.0421875
0 0.3815789473684211 0.3859375 0.11513157894736842 0.0453125
0 0.4375 0.31875 0.046052631578947366 0.034375
0 0.24342105263157895 0.296875 0.0756578947368421 0.0421875
0 0.75 0.4078125 0.19736842105263158 0.096875
0 0.6611842105263158 0.515625 0.13157894736842105 0.04375
0 0.16447368421052633 0.5 0.11842105263157894 0.0421875
0 0.19078947368421054 0.7765625 0.09210526315789473 0.01875
0 0.11842105263157894 0.828125 0.07236842105263158 0.034375
0 0.22039473684210525 0.8453125 0.049342105263157895 0.0234375
0 0.14473684210526316 0.9109375 0.08881578947368421 0.0359375
0 0.05921052631578947 0.9265625 0.03618421052631579 0.025
0 0.6447368421052632 0.690625 0.13486842105263158 0.0546875
0 0.680921052631579 0.6421875 0.125 0.0578125
0 0.7927631578947368 0.6421875 0.08552631578947369 0.0453125
0 0.8519736842105263 0.6734375 0.0756578947368421 0.03125
0 0.8914473684210527 0.7 0.06578947368421052 0.0359375
0 0.9111842105263158 0.7375 0.09868421052631579 0.0265625
0 0.8092105263157895 0.775 0.11513157894736842 0.0171875
0 0.6907894736842105 0.7796875 0.10526315789473684 0.04375
0 0.743421052631579 0.8953125 0.05263157894736842 0.0296875
0 0.8355263157894737 0.884375 0.07236842105263158 0.028125
0 0.9342105263157895 0.90625 0.09868421052631579 0.028125
0 0.8717105263157895 0.95625 0.07236842105263158 0.0296875
0 0.9605263157894737 0.9875 0.0625 0.025
0 0.48026315789473684 0.984375 0.07894736842105263 0.0296875
0 0.5657894736842105 0.9859375 0.08552631578947369 0.0265625
0 0.24671052631578946 0.990625 0.05592105263157895 0.0171875
0 0.019736842105263157 0.8265625 0.03618421052631579 0.025
0 0.013157894736842105 0.8625 0.02631578947368421 0.0328125