0 0.05828220858895705 0.0953125 0.08895705521472393 0.05
0 0.7944785276073619 0.478125 0.12576687116564417 0.0734375
0 0.5736196319018405 0.890625 0.15644171779141106 0.0875
0 0.4539877300613497 0.16875 0.11349693251533742 0.0734375
0 0.24233128834355827 0.003125 0.09202453987730061 0.0046875
0 0.09202453987730061 0.015625 0.09202453987730061 0.025
0 0.34049079754601225 0.6921875 0.13496932515337423 0.0796875
0 0.4263803680981595 0.603125 0.10429447852760736 0.046875
0 0.549079754601227 0.0328125 0.09815950920245399 0.05
0 0.6288343558282209 0.1328125 0.10122699386503067 0.046875
0 0.02147239263803681 0.825 0.03987730061349693 0.0453125