0 0.9524539877300614 0.75078125 0.0950920245398773 0.0984375
0 0.8220858895705522 0.903125 0.1411042944785276 0.0546875
0 0.5920245398773006 0.9515625 0.08282208588957055 0.0359375
0 0.4570552147239264 0.8421875 0.12576687116564417 0.0546875
0 0.9233128834355828 0.0859375 0.10429447852760736 0.0453125
0 0.7638036809815951 0.221875 0.19325153374233128 0.075
0 0.7515337423312883 0.45 0.0950920245398773 0.0484375
0 0.0736196319018405 0.246875 0.147239263803681 0.0296875
0 0.31901840490797545 0.2796875 0.1196319018404908 0.0296875
0 0.2852760736196319 0.3609375 0.03987730061349693 0.021875
0 0.8987730061349694 0.365625 0.11042944785276074 0.0453125
0 0.7822085889570553 0.365625 0.07975460122699386 0.0546875
0 0.8926380368098159 0.4609375 0.1165644171779141 0.0421875
0 0.8650306748466258 0.5 0.09815950920245399 0.0296875
0 0.5644171779141104 0.465625 0.08282208588957055 0.053125
0 0.34355828220858897 0.6546875 0.12883435582822086 0.034375
0 0.46319018404907975 0.6125 0.0705521472392638 0.028125
0 0.09202453987730061 0.65625 0.0705521472392638 0.0296875
0 0.995398773006135 0.94453125 0.009202453987730062 0.0546875
0 0.9877300613496932 0.9875 0.024539877300613498 0.025
0 0.11042944785276074 0.353125 0.11042944785276074 0.065625
0 0.7208588957055214 0.078125 0.07668711656441718 0.0515625
0 0.6073619631901841 0.0203125 0.04294478527607362 0.0390625
0 0.1411042944785276 0.075 0.07668711656441718 0.0421875
0 0.2668711656441718 0.01875 0.1165644171779141 0.0375
0 0.6042944785276073 0.2015625 0.0950920245398773 0.0796875
0 0.03987730061349693 0.221875 0.07975460122699386 0.0296875
0 0.1411042944785276 0.2953125 0.1165644171779141 0.0359375
0 0.3220858895705521 0.4984375 0.04294478527607362 0.0265625
0 0.3312883435582822 0.403125 0.024539877300613498 0.025
0 0.656441717791411 0.3796875 0.046012269938650305 0.015625
0 0.5184049079754601 0.246875 0.07975460122699386 0.0296875
0 0.50920245398773 0.284375 0.05521472392638037 0.021875
0 0.995398773006135 0.0984375 0.009202453987730062 0.015625
0 0.9815950920245399 0.1640625 0.03374233128834356 0.0328125
0 0.901840490797546 0.146875 0.046012269938650305 0.021875
0 0.4601226993865031 0.065625 0.03374233128834356 0.01875
0 0.294478527607362 0.078125 0.049079754601226995 0.015625
0 0.012269938650306749 0.10625 0.02147239263803681 0.0140625
0 0.003067484662576687 0.1875 0.003067484662576687 0.0265625
0 0.07975460122699386 0.5515625 0.027607361963190184 0.0140625
0 0.1196319018404908 0.5453125 0.024539877300613498 0.0171875
0 0.19938650306748465 0.5390625 0.03374233128834356 0.01875
0 0.3098159509202454 0.5609375 0.02147239263803681 0.0203125
0 0.8098159509202454 0.571875 0.04294478527607362 0.015625
0 0.8803680981595092 0.5859375 0.027607361963190184 0.015625
0 0.6809815950920245 0.5296875 0.05828220858895705 0.028125
0 0.5552147239263804 0.50625 0.05214723926380368 0.025
0 0.4263803680981595 0.453125 0.04294478527607362 0.0234375
0 0.39263803680981596 0.490625 0.05214723926380368 0.025
0 0.3803680981595092 0.5234375 0.08282208588957055 0.0234375
0 0.9923312883435583 0.48984375 0.015337423312883436 0.0171875
0 0.9447852760736196 0.55625 0.03374233128834356 0.015625
0 0.9447852760736196 0.575 0.0705521472392638 0.0328125
0 0.9049079754601227 0.6234375 0.04294478527607362 0.0203125
0 0.9662576687116564 0.6046875 0.06134969325153374 0.0328125
0 0.754601226993865 0.578125 0.04294478527607362 0.0234375
0 0.5644171779141104 0.6265625 0.04294478527607362 0.021875
0 0.5214723926380368 0.5640625 0.0736196319018405 0.025
0 0.5797546012269938 0.5546875 0.04294478527607362 0.0234375
0 0.6042944785276073 0.5890625 0.05828220858895705 0.040625
0 0.27607361963190186 0.728125 0.06441717791411043 0.0265625
0 0.05521472392638037 0.965625 0.04294478527607362 0.0453125
0 0.18404907975460122 0.99375 0.09202453987730061 0.0125
0 0.2822085889570552 0.9890625 0.05828220858895705 0.021875
0 0.08895705521472393 0.896875 0.06134969325153374 0.0171875
0 0.16257668711656442 0.890625 0.03680981595092025 0.0140625
0 0.015337423312883436 0.7609375 0.03067484662576687 0.03125
0 0.12883435582822086 0.6859375 0.04294478527607362 0.0296875
0 0.18098159509202455 0.6890625 0.03067484662576687 0.021875
0 0.6042944785276073 0.76875 0.03374233128834356 0.0265625
0 0.8558282208588958 0.75 0.027607361963190184 0.0265625
0 0.9631901840490797 0.80625 0.05521472392638037 0.0296875
0 0.7668711656441718 0.7609375 0.024539877300613498 0.0109375
0 0.8006134969325154 0.790625 0.04294478527607362 0.0234375
0 0.598159509202454 0.840625 0.03987730061349693 0.0171875
0 0.5613496932515337 0.859375 0.04294478527607362 0.03125
0 0.8926380368098159 0.990625 0.03374233128834356 0.0171875
0 0.9386503067484663 0.9203125 0.03680981595092025 0.0359375
0 0.4325153374233129 0.7265625 0.03067484662576687 0.0203125
0 0.2883435582822086 0.4671875 0.05828220858895705 0.0203125
0 0.10429447852760736 0.45 0.05828220858895705 0.0296875
0 0.10429447852760736 0.471875 0.06441717791411043 0.0375
0 0.34355828220858897 0.7921875 0.19938650306748465 0.04375
0 0.2392638036809816 0.8484375 0.0736196319018405 0.0296875
0 0.7147239263803681 0.625 0.12269938650306748 0.0390625
0 0.3343558282208589 0.1625 0.08588957055214724 0.040625
0 0.19631901840490798 0.1515625 0.05521472392638037 0.0453125
0 0.08282208588957055 0.1625 0.07975460122699386 0.0265625
0 0.950920245398773 0.3140625 0.07668711656441718 0.0421875
0 0.5828220858895705 0.9921875 0.08895705521472393 0.015625
0 0.6779141104294478 0.9921875 0.0950920245398773 0.0140625
0 0.4938650306748466 0.1328125 0.10122699386503067 0.0375
0 0.0950920245398773 0.9359375 0.05828220858895705 0.021875