0 0.02654867256637168 0.8265625 0.05309734513274336 0.0359375
0 0.21238938053097345 0.35 0.12684365781710916 0.046875
0 0.3893805309734513 0.990625 0.061946902654867256 0.0171875
0 0.2713864306784661 0.9140625 0.07079646017699115 0.0453125
0 0.14454277286135694 0.746875 0.11209439528023599 0.0453125
0 0.9690265486725663 0.67578125 0.061946902654867256 0.0546875
0 0.15634218289085547 0.0078125 0.0855457227138643 0.0140625
0 0.5162241887905604 0.0015625 0.07669616519174041 0.0015625
0 0.44837758112094395 0.0328125 0.05604719764011799 0.0296875
0 0.528023598820059 0.184375 0.13274336283185842 0.0453125
0 0.4277286135693215 0.3046875 0.11209439528023599 0.05
0 0.5929203539823009 0.384375 0.08849557522123894 0.0515625
0 0.2890855457227139 0.49375 0.13274336283185842 0.059375
0 0.13864306784660768 0.515625 0.12094395280235988 0.028125
0 0.12979351032448377 0.4453125 0.13569321533923304 0.0546875
0 0.9203539823008849 0.0328125 0.05604719764011799 0.0296875
0 0.26548672566371684 0.984375 0.07079646017699115 0.03125
0 0.17994100294985252 0.9859375 0.13864306784660768 0.028125
0 0.8584070796460177 0.240625 0.08259587020648967 0.0453125
0 0.5811209439528023 0.5046875 0.06489675516224189 0.04375
0 0.49557522123893805 0.56875 0.07964601769911504 0.0453125
0 0.6784660766961652 0.4734375 0.058997050147492625 0.034375
0 0.4424778761061947 0.4578125 0.07964601769911504 0.04375
0 0.3185840707964602 0.5390625 0.0855457227138643 0.059375
0 0.39233038348082594 0.6125 0.07374631268436578 0.04375
0 0.06784660766961652 0.5484375 0.09144542772861357 0.034375
0 0.8082595870206489 0.5828125 0.11209439528023599 0.046875
0 0.7699115044247787 0.725 0.0855457227138643 0.0484375
0 0.9557522123893806 0.9171875 0.08849557522123894 0.059375
0 0.8141592920353983 0.79375 0.10324483775811209 0.03125
0 0.9926253687315634 0.86015625 0.014749262536873156 0.0390625
0 0.8112094395280236 0.975 0.08259587020648967 0.0296875
0 0.4306784660766962 0.6890625 0.10914454277286136 0.0359375
0 0.36283185840707965 0.8671875 0.06489675516224189 0.0265625
0 0.4631268436578171 0.903125 0.0943952802359882 0.0328125
0 0.5339233038348082 0.8984375 0.04424778761061947 0.0328125
0 0.640117994100295 0.7859375 0.0943952802359882 0.04375
0 0.5103244837758112 0.7734375 0.08849557522123894 0.034375
0 0.06784660766961652 0.9703125 0.10914454277286136 0.0546875