0 0.21710526315789475 0.0578125 0.19078947368421054 0.0828125
0 0.1118421052631579 0.890625 0.22039473684210525 0.1234375
0 0.34868421052631576 0.6671875 0.17105263157894737 0.046875
0 0.944078947368421 0.9703125 0.1118421052631579 0.05625
0 0.049342105263157895 0.084375 0.09868421052631579 0.053125
0 0.4473684210526316 0.0453125 0.1611842105263158 0.0578125
0 0.5164473684210527 0.29375 0.2532894736842105 0.0796875
0 0.930921052631579 0.2328125 0.08881578947368421 0.0671875
0 0.9342105263157895 0.3875 0.13157894736842105 0.0796875
0 0.18092105263157895 0.45625 0.13486842105263158 0.0421875
0 0.023026315789473683 0.4671875 0.04276315789473684 0.0421875
0 0.12828947368421054 0.4984375 0.1118421052631579 0.0421875
0 0.3059210526315789 0.55625 0.09539473684210527 0.0421875
0 0.3355263157894737 0.6015625 0.08881578947368421 0.04375
0 0.7730263157894737 0.6046875 0.1118421052631579 0.0390625
0 0.9111842105263158 0.621875 0.06578947368421052 0.0625
0 0.9950657894736842 0.490625 0.009868421052631578 0.04375
0 0.5986842105263158 0.65 0.125 0.0515625
0 0.3848684210526316 0.9015625 0.2138157894736842 0.065625
0 0.46710526315789475 0.9734375 0.18092105263157895 0.0484375
0 0.7730263157894737 0.7265625 0.10855263157894737 0.059375
0 0.40131578947368424 0.4953125 0.039473684210526314 0.025
0 0.9523026315789473 0.15859375 0.09539473684210527 0.0609375