0 0.6039603960396039 0.3796875 0.15841584158415842 0.0765625
0 0.6039603960396039 0.2703125 0.23432343234323433 0.06875
0 0.6105610561056105 0.784375 0.16831683168316833 0.096875
0 0.8118811881188119 0.88125 0.2871287128712871 0.09375
0 0.16501650165016502 0.9234375 0.33003300330033003 0.153125
0 0.2508250825082508 0.45 0.22772277227722773 0.0546875
0 0.42244224422442245 0.54375 0.11551155115511551 0.06875
0 0.25412541254125415 0.5328125 0.1716171617161716 0.0484375
0 0.9356435643564357 0.23984375 0.12871287128712872 0.0578125
0 0.3234323432343234 0.1734375 0.19801980198019803 0.065625
0 0.1716171617161716 0.28125 0.17491749174917492 0.1140625
0 0.22442244224422442 0.2953125 0.1848184818481848 0.0828125
0 0.42244224422442245 0.3375 0.12871287128712872 0.059375
0 0.7656765676567657 0.55625 0.1551155115511551 0.05
0 0.8679867986798679 0.66875 0.1419141914191419 0.046875
0 0.40264026402640263 0.7046875 0.1485148514851485 0.0671875
0 0.27722772277227725 0.7625 0.2145214521452145 0.0734375
0 0.7986798679867987 0.190625 0.10891089108910891 0.0390625
0 0.8382838283828383 0.39375 0.1353135313531353 0.09375
0 0.9521452145214522 0.3515625 0.09570957095709572 0.05
0 0.5346534653465347 0.1046875 0.15181518151815182 0.0578125
0 0.40264026402640263 0.9921875 0.13861386138613863 0.015625
0 0.9636963696369637 0.296875 0.07260726072607261 0.0125
0 0.7425742574257426 0.4375 0.11221122112211221 0.05
0 0.5775577557755776 0.96875 0.08250825082508251 0.046875
0 0.40924092409240925 0.93125 0.09900990099009901 0.046875
0 0.5214521452145214 0.065625 0.0858085808580858 0.0375
0 0.9702970297029703 0.0109375 0.0594059405940594 0.021875
0 0.2079207920792079 0.078125 0.09570957095709572 0.0453125
0 0.3432343234323432 0.13125 0.08250825082508251 0.0390625
0 0.7623762376237624 0.14375 0.06930693069306931 0.021875
0 0.013201320132013201 0.1234375 0.026402640264026403 0.0515625
0 0.033003300330033 0.084375 0.0627062706270627 0.0265625
0 0.019801980198019802 0.03125 0.039603960396039604 0.0390625
0 0.10561056105610561 0.0875 0.0627062706270627 0.040625
0 0.019801980198019802 0.378125 0.039603960396039604 0.053125
0 0.0429042904290429 0.4421875 0.0627062706270627 0.0234375
0 0.1419141914191419 0.4296875 0.066006600660066 0.0390625
0 0.9273927392739274 0.1 0.1419141914191419 0.0390625
0 0.7788778877887789 0.125 0.12211221122112212 0.0390625
0 0.995049504950495 0.60234375 0.009900990099009901 0.0328125
0 0.38613861386138615 0.5203125 0.04950495049504951 0.0359375
0 0.10231023102310231 0.659375 0.04950495049504951 0.05
0 0.036303630363036306 0.6765625 0.06930693069306931 0.0671875
0 0.1716171617161716 0.5828125 0.066006600660066 0.034375
0 0.066006600660066 0.546875 0.07260726072607261 0.046875
0 0.04950495049504951 0.5703125 0.06930693069306931 0.0328125
0 0.33663366336633666 0.840625 0.10891089108910891 0.0625
0 0.48514851485148514 0.8703125 0.06930693069306931 0.0515625