0 0.930921052631579 0.1140625 0.13486842105263158 0.071875
0 0.9276315789473685 0.2203125 0.14144736842105263 0.0671875
0 0.875 0.409375 0.1118421052631579 0.0734375
0 0.046052631578947366 0.4265625 0.09210526315789473 0.071875
0 0.6480263157894737 0.278125 0.3092105263157895 0.1625
0 0.27960526315789475 0.75625 0.25 0.0515625
0 0.9506578947368421 0.7171875 0.09539473684210527 0.115625
0 0.12828947368421054 0.109375 0.125 0.1421875
0 0.6217105263157895 0.0953125 0.16447368421052633 0.0734375
0 0.6875 0.7765625 0.21710526315789475 0.0828125
0 0.39473684210526316 0.5640625 0.0756578947368421 0.05
0 0.5230263157894737 0.73125 0.10855263157894737 0.0359375
0 0.27631578947368424 0.9046875 0.20065789473684212 0.1140625
0 0.5789473684210527 0.9734375 0.26973684210526316 0.053125
0 0.20065789473684212 0.9875 0.07894736842105263 0.0234375
0 0.01644736842105263 0.265625 0.029605263157894735 0.0375