0 0.55 0.05 0.09411764705882353 0.053125
0 0.5205882352941177 0.1484375 0.1 0.0625
0 0.6911764705882353 0.1703125 0.06764705882352941 0.0328125
0 0.5617647058823529 0.30625 0.19411764705882353 0.0671875
0 0.3558823529411765 0.0453125 0.06764705882352941 0.0359375
0 0.01764705882352941 0.3453125 0.03235294117647059 0.0484375
0 0.7970588235294118 0.8390625 0.17647058823529413 0.0859375
0 0.4176470588235294 0.2453125 0.08529411764705883 0.071875
0 0.5764705882352941 0.9609375 0.10882352941176471 0.040625
0 0.15294117647058825 0.021875 0.10588235294117647 0.0421875
0 0.05588235294117647 0.1765625 0.05588235294117647 0.053125
0 0.2411764705882353 0.2984375 0.047058823529411764 0.0265625
0 0.7294117647058823 0.3796875 0.05 0.0421875
0 0.6705882352941176 0.43125 0.09117647058823529 0.053125
0 0.5705882352941176 0.425 0.058823529411764705 0.04375
0 0.5441176470588235 0.509375 0.08823529411764706 0.0625
0 0.6617647058823529 0.5609375 0.06764705882352941 0.0359375
0 0.9897058823529412 0.41875 0.020588235294117647 0.040625
0 0.9691176470588235 0.06015625 0.061764705882352944 0.0703125
0 0.36470588235294116 0.528125 0.1411764705882353 0.0515625
0 0.2323529411764706 0.8828125 0.15 0.0671875
0 0.15294117647058825 0.3171875 0.11764705882352941 0.040625
0 0.9514705882352941 0.70390625 0.09705882352941177 0.0265625
0 0.3735294117647059 0.99375 0.05 0.0125
0 0.9897058823529412 0.62890625 0.020588235294117647 0.0359375
0 0.3558823529411765 0.0359375 0.07058823529411765 0.01875
0 0.08823529411764706 0.0546875 0.08235294117647059 0.053125
0 0.13823529411764707 0.1234375 0.08235294117647059 0.0546875
0 0.29411764705882354 0.13125 0.05588235294117647 0.040625
0 0.4147058823529412 0.109375 0.03529411764705882 0.0390625
0 0.3088235294117647 0.196875 0.07647058823529412 0.0421875
0 0.32941176470588235 0.2875 0.058823529411764705 0.04375
0 0.014705882352941176 0.2359375 0.029411764705882353 0.0265625
0 0.2852941176470588 0.3578125 0.061764705882352944 0.0546875
0 0.24411764705882352 0.5046875 0.10882352941176471 0.109375
0 0.7352941176470589 0.225 0.11176470588235295 0.059375
0 0.6823529411764706 0.225 0.08529411764705883 0.05625
0 0.3911764705882353 0.325 0.026470588235294117 0.0609375
0 0.5058823529411764 0.4140625 0.10588235294117647 0.0484375
0 0.5176470588235295 0.559375 0.07352941176470588 0.0375
0 0.8058823529411765 0.5078125 0.06764705882352941 0.053125
0 0.8911764705882353 0.471875 0.11764705882352941 0.0375
0 0.26176470588235295 0.6546875 0.09705882352941177 0.04375
0 0.15588235294117647 0.703125 0.03529411764705882 0.021875
0 0.5176470588235295 0.6828125 0.061764705882352944 0.05625
0 0.09705882352941177 0.4953125 0.07352941176470588 0.0296875
0 0.11176470588235295 0.5359375 0.1 0.046875
0 0.975 0.33671875 0.05 0.0390625
0 0.8294117647058824 0.3421875 0.07058823529411765 0.0296875
0 0.7294117647058823 0.328125 0.06764705882352941 0.05
0 0.3323529411764706 0.0015625 0.06470588235294118 0.003125
0 0.8588235294117647 0.0203125 0.041176470588235294 0.0296875
0 0.6411764705882353 0.5234375 0.06764705882352941 0.0359375
0 0.1264705882352941 0.4015625 0.07352941176470588 0.04375
0 0.7558823529411764 0.6703125 0.058823529411764705 0.0453125
0 0.8264705882352941 0.971875 0.10588235294117647 0.0359375
0 0.9661764705882353 0.98125 0.06764705882352941 0.0375
0 0.052941176470588235 0.634375 0.07352941176470588 0.05625
0 0.9294117647058824 0.534375 0.07647058823529412 0.0234375
0 0.8441176470588235 0.1484375 0.08235294117647059 0.0328125