0 0.7975460122699386 0.2421875 0.2392638036809816 0.1
0 0.9969325153374233 0.0453125 0.006134969325153374 0.0671875
0 0.7055214723926381 0.0390625 0.2085889570552147 0.078125
0 0.10429447852760736 0.34375 0.20552147239263804 0.1
0 0.6012269938650306 0.51875 0.20245398773006135 0.1359375
0 0.31901840490797545 0.2890625 0.12576687116564417 0.090625
0 0.7576687116564417 0.415625 0.10736196319018405 0.0578125
0 0.656441717791411 0.171875 0.08895705521472393 0.0296875
0 0.3834355828220859 0.1109375 0.07668711656441718 0.04375
0 0.22699386503067484 0.2125 0.05214723926380368 0.0375
0 0.35276073619631904 0.4859375 0.1165644171779141 0.0453125
0 0.39263803680981596 0.840625 0.1165644171779141 0.059375
0 0.4263803680981595 0.3359375 0.07975460122699386 0.0265625
0 0.6288343558282209 0.8453125 0.08588957055214724 0.040625
0 0.7822085889570553 0.9828125 0.0950920245398773 0.034375
0 0.7668711656441718 0.7140625 0.09815950920245399 0.034375
0 0.9923312883435583 0.9421875 0.015337423312883436 0.05
0 0.3159509202453988 0.7234375 0.09815950920245399 0.034375
0 0.8251533742331288 0.6640625 0.10122699386503067 0.0375
0 0.9616564417177914 0.66171875 0.07668711656441718 0.1265625
0 0.7300613496932515 0.321875 0.06441717791411043 0.0296875
0 0.9831288343558282 0.17734375 0.03374233128834356 0.0328125
0 0.3374233128834356 0.409375 0.09815950920245399 0.0296875
0 0.5030674846625767 0.4203125 0.08588957055214724 0.0546875
0 0.07975460122699386 0.209375 0.09815950920245399 0.0234375
0 0.2822085889570552 0.053125 0.04294478527607362 0.01875
0 0.39570552147239263 0.04375 0.05828220858895705 0.0203125
0 0.49693251533742333 0.071875 0.03374233128834356 0.025
0 0.5 0.153125 0.04294478527607362 0.0125
0 0.9325153374233128 0.015625 0.04294478527607362 0.0125
0 0.17791411042944785 0.05 0.02147239263803681 0.0140625
0 0.12883435582822086 0.1046875 0.027607361963190184 0.021875
0 0.1411042944785276 0.1515625 0.03987730061349693 0.015625
0 0.2147239263803681 0.159375 0.04294478527607362 0.0171875
0 0.6533742331288344 0.321875 0.04294478527607362 0.0234375
0 0.588957055214724 0.321875 0.04294478527607362 0.021875
0 0.549079754601227 0.334375 0.027607361963190184 0.0125
0 0.9693251533742331 0.26875 0.027607361963190184 0.021875
0 0.9662576687116564 0.2359375 0.03680981595092025 0.0203125
0 0.6840490797546013 0.6 0.07668711656441718 0.03125
0 0.3588957055214724 0.778125 0.06748466257668712 0.021875
0 0.4938650306748466 0.7859375 0.04294478527607362 0.015625
0 0.5061349693251533 0.659375 0.046012269938650305 0.0203125
0 0.7361963190184049 0.7546875 0.03987730061349693 0.021875
0 0.9601226993865031 0.825 0.06134969325153374 0.0375
0 0.9754601226993865 0.8640625 0.046012269938650305 0.0203125
0 0.9723926380368099 0.0828125 0.049079754601226995 0.0234375
0 0.9049079754601227 0.1859375 0.05828220858895705 0.0140625
0 0.8098159509202454 0.4625 0.08588957055214724 0.0234375
0 0.7484662576687117 0.490625 0.03987730061349693 0.021875
0 0.3803680981595092 0.54375 0.06748466257668712 0.03125
0 0.44171779141104295 0.575 0.046012269938650305 0.0140625
0 0.4662576687116564 0.603125 0.03680981595092025 0.0203125
0 0.3558282208588957 0.6546875 0.05521472392638037 0.021875
0 0.49079754601226994 0.9359375 0.05214723926380368 0.0375
0 0.6012269938650306 0.93125 0.05521472392638037 0.0265625
0 0.6012269938650306 0.965625 0.05828220858895705 0.025
0 0.23006134969325154 0.4 0.0736196319018405 0.04375
0 0.2852760736196319 0.525 0.0705521472392638 0.040625
0 0.1656441717791411 0.89375 0.05521472392638037 0.0375
0 0.3098159509202454 0.9625 0.05828220858895705 0.0234375
0 0.027607361963190184 0.725 0.05214723926380368 0.0671875
0 0.1901840490797546 0.7125 0.06748466257668712 0.03125
0 0.9355828220858896 0.35 0.08282208588957055 0.0375
0 0.3312883435582822 0.21875 0.08588957055214724 0.0546875
0 0.8128834355828221 0.91875 0.05214723926380368 0.0390625
0 0.8957055214723927 0.8796875 0.08282208588957055 0.0390625