0 0.5184049079754601 0.89375 0.20245398773006135 0.0625
0 0.3496932515337423 0.8171875 0.1901840490797546 0.0734375
0 0.3343558282208589 0.2 0.22392638036809817 0.1078125
0 0.06134969325153374 0.08125 0.1196319018404908 0.1140625
0 0.012269938650306749 0.44375 0.024539877300613498 0.071875
0 0.12269938650306748 0.453125 0.13496932515337423 0.0703125
0 0.7024539877300614 0.4390625 0.11042944785276074 0.0703125
0 0.6073619631901841 0.559375 0.10429447852760736 0.0625
0 0.3496932515337423 0.5578125 0.12269938650306748 0.0421875
0 0.3343558282208589 0.625 0.08588957055214724 0.034375
0 0.852760736196319 0.615625 0.13496932515337423 0.0484375
0 0.745398773006135 0.603125 0.11349693251533742 0.0734375
0 0.803680981595092 0.675 0.1196319018404908 0.0328125
0 0.7300613496932515 0.021875 0.1441717791411043 0.04375
0 0.6717791411042945 0.078125 0.12576687116564417 0.04375
0 0.950920245398773 0.8609375 0.08588957055214724 0.0625
0 0.8496932515337423 0.978125 0.10429447852760736 0.0421875
0 0.37423312883435583 0.428125 0.08588957055214724 0.0375
0 0.7607361963190185 0.25 0.10736196319018405 0.053125
0 0.9524539877300614 0.37421875 0.0950920245398773 0.0421875
0 0.3220858895705521 0.0109375 0.11042944785276074 0.0203125
0 0.06748466257668712 0.759375 0.06748466257668712 0.0671875