0 0.6381578947368421 0.05625 0.23684210526315788 0.1125
0 0.17763157894736842 0.1234375 0.3519736842105263 0.1859375
0 0.7302631578947368 0.33125 0.3125 0.178125
0 0.4243421052631579 0.209375 0.1118421052631579 0.04375
0 0.4309210526315789 0.2515625 0.049342105263157895 0.0296875
0 0.8355263157894737 0.1953125 0.14473684210526316 0.04375
0 0.680921052631579 0.134375 0.1118421052631579 0.0515625
0 0.7796052631578947 0.121875 0.0625 0.0375
0 0.9473684210526315 0.1203125 0.10197368421052631 0.1421875
0 0.40131578947368424 0.41875 0.19078947368421054 0.059375
0 0.41118421052631576 0.4734375 0.20065789473684212 0.053125
0 0.12171052631578948 0.5984375 0.1118421052631579 0.071875
0 0.2598684210526316 0.6265625 0.08223684210526316 0.05625
0 0.17105263157894737 0.7265625 0.1118421052631579 0.0421875
0 0.20394736842105263 0.8859375 0.40460526315789475 0.1421875
0 0.6085526315789473 0.865625 0.16776315789473684 0.0390625
0 0.75 0.8828125 0.07236842105263158 0.053125
0 0.881578947368421 0.915625 0.07236842105263158 0.0453125
0 0.5394736842105263 0.5078125 0.08552631578947369 0.0328125
0 0.694078947368421 0.4953125 0.0625 0.04375
0 0.9013157894736842 0.4265625 0.06907894736842106 0.0265625
0 0.01644736842105263 0.2875 0.03289473684210526 0.0390625
0 0.20394736842105263 0.3046875 0.09210526315789473 0.04375
0 0.46710526315789475 0.1421875 0.11842105263157894 0.0640625
0 0.5625 0.2203125 0.10197368421052631 0.0265625
0 0.7138157894736842 0.7265625 0.07894736842105263 0.0421875
0 0.9276315789473685 0.7875 0.08223684210526316 0.0484375
0 0.5361842105263158 0.5953125 0.125 0.0484375
0 0.9539473684210527 0.5171875 0.08881578947368421 0.046875
0 0.14473684210526316 0.3546875 0.07236842105263158 0.034375
0 0.2730263157894737 0.3453125 0.05592105263157895 0.0421875