0 0.926829268292683 0.3078125 0.13719512195121952 0.0828125
0 0.5701219512195121 0.040625 0.10975609756097561 0.03125
0 0.4573170731707317 0.9671875 0.16158536585365854 0.0546875
0 0.38109756097560976 0.996875 0.17682926829268292 0.00625
0 0.8140243902439024 0.95 0.054878048780487805 0.040625
0 0.45426829268292684 0.3578125 0.09451219512195122 0.025
0 0.1676829268292683 0.4046875 0.09451219512195122 0.05
0 0.1676829268292683 0.0828125 0.08231707317073171 0.059375
0 0.09146341463414634 0.075 0.07317073170731707 0.0421875
0 0.08536585365853659 0.2078125 0.07621951219512195 0.0421875
0 0.43902439024390244 0.465625 0.054878048780487805 0.0390625
0 0.6158536585365854 0.4078125 0.08536585365853659 0.0328125
0 0.3475609756097561 0.696875 0.07621951219512195 0.06875
0 0.9085365853658537 0.9984375 0.04878048780487805 0.003125
0 0.8445121951219512 0.3125 0.04573170731707317 0.025
0 0.7835365853658537 0.3578125 0.07621951219512195 0.0546875
0 0.3018292682926829 0.3125 0.054878048780487805 0.034375
0 0.8810975609756098 0.8234375 0.06097560975609756 0.05625
0 0.8871951219512195 0.4609375 0.08231707317073171 0.05
0 0.35365853658536583 0.7828125 0.06707317073170732 0.053125
0 0.8353658536585366 0.990625 0.051829268292682924 0.0171875
0 0.5060975609756098 0.590625 0.0975609756097561 0.0421875
0 0.3475609756097561 0.2109375 0.08231707317073171 0.0359375
0 0.4695121951219512 0.2140625 0.06707317073170732 0.0578125
0 0.7804878048780488 0.109375 0.06402439024390244 0.0421875