0 0.22697368421052633 0.396875 0.21710526315789475 0.0953125
0 0.6085526315789473 0.125 0.7664473684210527 0.2484375
0 0.9884868421052632 0.42421875 0.023026315789473683 0.0796875
0 0.17105263157894737 0.9875 0.34210526315789475 0.0234375
0 0.09210526315789473 0.9125 0.18092105263157895 0.06875
0 0.11842105263157894 0.0671875 0.15460526315789475 0.1328125
0 0.6611842105263158 0.771875 0.19407894736842105 0.1046875
0 0.6348684210526315 0.9375 0.1875 0.096875
0 0.20065789473684212 0.809375 0.06907894736842106 0.04375
0 0.29605263157894735 0.846875 0.11842105263157894 0.06875
0 0.2138157894736842 0.2875 0.0625 0.0546875
0 0.05921052631578947 0.2125 0.10855263157894737 0.0453125
0 0.03289473684210526 0.2765625 0.0625 0.053125
0 0.1513157894736842 0.146875 0.05592105263157895 0.0296875
0 0.3190789473684211 0.284375 0.07236842105263158 0.0296875
0 0.3092105263157895 0.3390625 0.07894736842105263 0.0390625
0 0.22697368421052633 0.346875 0.13815789473684212 0.05
0 0.6875 0.559375 0.046052631578947366 0.0421875
0 0.875 0.4875 0.049342105263157895 0.028125
0 0.9917763157894737 0.509375 0.01644736842105263 0.028125
0 0.8223684210526315 0.3859375 0.09868421052631579 0.0421875
0 0.8782894736842105 0.36875 0.046052631578947366 0.0484375
0 0.9917763157894737 0.2765625 0.01644736842105263 0.025
0 0.46381578947368424 0.296875 0.06907894736842106 0.040625