0 0.6548672566371682 0.2875 0.13274336283185842 0.0609375
0 0.25958702064896755 0.4859375 0.10029498525073746 0.065625
0 0.36578171091445427 0.99375 0.1592920353982301 0.0109375
0 0.9749262536873157 0.834375 0.05014749262536873 0.090625
0 0.4424778761061947 0.5359375 0.07374631268436578 0.04375
0 0.971976401179941 0.65703125 0.05604719764011799 0.0296875
0 0.5575221238938053 0.021875 0.0943952802359882 0.0296875
0 0.43952802359882004 0.0765625 0.08259587020648967 0.0453125
0 0.9056047197640118 0.0203125 0.11209439528023599 0.0328125
0 0.8761061946902655 0.1359375 0.07669616519174041 0.040625
0 0.6784660766961652 0.4453125 0.09734513274336283 0.040625
0 0.9321533923303835 0.55 0.07669616519174041 0.05
0 0.8023598820058997 0.7671875 0.10914454277286136 0.0265625
0 0.4690265486725664 0.8453125 0.07079646017699115 0.0703125
0 0.3274336283185841 0.8640625 0.06784660766961652 0.028125
0 0.30678466076696165 0.91875 0.12094395280235988 0.04375
0 0.35103244837758113 0.7421875 0.05604719764011799 0.0484375
0 0.45722713864306785 0.6171875 0.10619469026548672 0.0203125
0 0.35103244837758113 0.659375 0.05309734513274336 0.0203125
0 0.3805309734513274 0.678125 0.061946902654867256 0.009375
0 0.7846607669616519 0.9890625 0.12094395280235988 0.021875
0 0.6902654867256637 0.9453125 0.05309734513274336 0.053125
0 0.038348082595870206 0.2 0.07374631268436578 0.0453125
0 0.2920353982300885 0.240625 0.13864306784660768 0.0421875
0 0.07374631268436578 0.5875 0.035398230088495575 0.0453125
0 0.28023598820059 0.8078125 0.12389380530973451 0.0640625
0 0.6932153392330384 0.6953125 0.1415929203539823 0.034375