0 0.17737003058103976 0.275 0.3149847094801223 0.0875
0 0.9571865443425076 0.734375 0.0856269113149847 0.0640625
0 0.7737003058103975 0.965625 0.07033639143730887 0.06875
0 0.18042813455657492 0.015625 0.09785932721712538 0.03125
0 0.3486238532110092 0.0421875 0.14067278287461774 0.0578125
0 0.26299694189602446 0.05 0.11926605504587157 0.08125
0 0.3302752293577982 0.1125 0.13149847094801223 0.0609375
0 0.42813455657492355 0.1890625 0.08868501529051988 0.0515625
0 0.06422018348623854 0.353125 0.07033639143730887 0.0453125
0 0.18654434250764526 0.4078125 0.06116207951070336 0.0359375
0 0.027522935779816515 0.3828125 0.05198776758409786 0.0828125
0 0.045871559633027525 0.5140625 0.07951070336391437 0.04375
0 0.21100917431192662 0.6796875 0.12844036697247707 0.059375
0 0.8837920489296636 0.5578125 0.1559633027522936 0.059375
0 0.10703363914373089 0.8875 0.21100917431192662 0.1109375
0 0.04281345565749235 0.7921875 0.08256880733944955 0.1203125
0 0.1651376146788991 0.79375 0.1559633027522936 0.08125
0 0.3241590214067278 0.86875 0.09480122324159021 0.0546875
0 0.39755351681957185 0.934375 0.13761467889908258 0.0703125
0 0.6207951070336392 0.9109375 0.14678899082568808 0.078125
0 0.7186544342507645 0.6578125 0.10091743119266056 0.0796875
0 0.8103975535168195 0.7890625 0.1345565749235474 0.0859375
0 0.6880733944954128 0.7390625 0.11314984709480122 0.1015625
0 0.4831804281345566 0.4625 0.10397553516819572 0.040625
0 0.7981651376146789 0.4765625 0.0672782874617737 0.0984375
0 0.6085626911314985 0.3640625 0.05198776758409786 0.0625
0 0.14067278287461774 0.4484375 0.0764525993883792 0.0359375
0 0.07033639143730887 0.478125 0.06116207951070336 0.0296875
0 0.27217125382262997 0.7484375 0.08868501529051988 0.0421875
0 0.45871559633027525 0.5765625 0.05198776758409786 0.0390625
0 0.39143730886850153 0.60625 0.0581039755351682 0.04375
0 0.382262996941896 0.30625 0.04892966360856269 0.034375
0 0.42201834862385323 0.2796875 0.0672782874617737 0.03125
0 0.8256880733944955 0.1109375 0.10091743119266056 0.05625
0 0.5290519877675841 0.065625 0.07951070336391437 0.0625
0 0.7155963302752294 0.996875 0.07951070336391437 0.00625
0 0.6972477064220184 0.8703125 0.12232415902140673 0.06875
0 0.8562691131498471 0.934375 0.09785932721712538 0.0515625
0 0.9525993883792049 0.9421875 0.09480122324159021 0.075
0 0.9678899082568807 0.9875 0.06422018348623854 0.025