0 0.5182926829268293 0.8890625 0.1951219512195122 0.0609375
0 0.3567073170731707 0.8140625 0.1798780487804878 0.0703125
0 0.34146341463414637 0.2203125 0.21341463414634146 0.1046875
0 0.0701219512195122 0.1046875 0.13719512195121952 0.109375
0 0.024390243902439025 0.4546875 0.04573170731707317 0.0703125
0 0.1402439024390244 0.4640625 0.12804878048780488 0.0671875
0 0.6951219512195121 0.45 0.10670731707317073 0.0671875
0 0.6036585365853658 0.5671875 0.0975609756097561 0.0609375
0 0.3597560975609756 0.565625 0.11890243902439024 0.040625
0 0.34146341463414637 0.6296875 0.08231707317073171 0.0328125
0 0.8384146341463414 0.6203125 0.12804878048780488 0.046875
0 0.7378048780487805 0.6078125 0.10975609756097561 0.0703125
0 0.7926829268292683 0.678125 0.11280487804878049 0.03125
0 0.03353658536585366 0.0140625 0.06402439024390244 0.0265625
0 0.09146341463414634 0.0078125 0.11585365853658537 0.0140625
0 0.7225609756097561 0.0375 0.13719512195121952 0.065625
0 0.6676829268292683 0.1015625 0.12195121951219512 0.0421875
0 0.9329268292682927 0.85625 0.08231707317073171 0.0609375
0 0.8353658536585366 0.975 0.10060975609756098 0.05
0 0.8902439024390244 0.996875 0.07926829268292683 0.0046875
0 0.38109756097560976 0.4390625 0.08231707317073171 0.0359375
0 0.75 0.2671875 0.10365853658536585 0.05
0 0.9359756097560976 0.3890625 0.0975609756097561 0.040625
0 0.3323170731707317 0.025 0.10670731707317073 0.04375
0 0.08536585365853659 0.759375 0.06402439024390244 0.0640625