0 0.8717105263157895 0.9921875 0.2532894736842105 0.0140625
0 0.7598684210526315 0.321875 0.24671052631578946 0.059375
0 0.8782894736842105 0.396875 0.20065789473684212 0.1
0 0.26644736842105265 0.4265625 0.10855263157894737 0.078125
0 0.9210526315789473 0.6015625 0.15460526315789475 0.075
0 0.8388157894736842 0.8375 0.09210526315789473 0.0515625
0 0.5427631578947368 0.0796875 0.1118421052631579 0.034375
0 0.7828947368421053 0.071875 0.10197368421052631 0.0453125
0 0.8947368421052632 0.2078125 0.10526315789473684 0.0640625
0 0.9736842105263158 0.2390625 0.049342105263157895 0.0734375
0 0.6480263157894737 0.2375 0.18092105263157895 0.08125
0 0.3059210526315789 0.246875 0.049342105263157895 0.0359375
0 0.3848684210526316 0.3640625 0.15460526315789475 0.04375
0 0.5888157894736842 0.4390625 0.1118421052631579 0.0578125
0 0.4769736842105263 0.46875 0.125 0.065625
0 0.40460526315789475 0.515625 0.09210526315789473 0.0296875
0 0.5756578947368421 0.0046875 0.09210526315789473 0.009375
0 0.8552631578947368 0.7796875 0.14473684210526316 0.06875
0 0.9046052631578947 0.8984375 0.09539473684210527 0.053125
0 0.9868421052631579 0.8046875 0.02631578947368421 0.046875
0 0.45394736842105265 0.0046875 0.10855263157894737 0.009375
0 0.3881578947368421 0.196875 0.14802631578947367 0.059375
0 0.5986842105263158 0.3359375 0.08223684210526316 0.040625
0 0.6217105263157895 0.684375 0.09210526315789473 0.053125
0 0.4506578947368421 0.7375 0.10197368421052631 0.0390625
0 0.7138157894736842 0.85625 0.1118421052631579 0.0546875
0 0.9473684210526315 0.6828125 0.10197368421052631 0.0421875
0 0.08552631578947369 0.00625 0.0756578947368421 0.0109375
0 0.17434210526315788 0.0140625 0.0625 0.0265625
0 0.33223684210526316 0.01875 0.06907894736842106 0.0359375
0 0.7730263157894737 0.0328125 0.08881578947368421 0.0359375
0 0.06907894736842106 0.1109375 0.07894736842105263 0.0421875
0 0.14473684210526316 0.1078125 0.049342105263157895 0.0390625
0 0.22697368421052633 0.0984375 0.0625 0.034375
0 0.3256578947368421 0.096875 0.07236842105263158 0.0421875
0 0.3125 0.0546875 0.08552631578947369 0.0265625
0 0.45394736842105265 0.0984375 0.12828947368421054 0.021875
0 0.46381578947368424 0.1375 0.09210526315789473 0.0421875
0 0.6052631578947368 0.1390625 0.07236842105263158 0.053125
0 0.7171052631578947 0.1515625 0.07236842105263158 0.04375
0 0.8453947368421053 0.13125 0.06578947368421052 0.059375
0 0.9144736842105263 0.1265625 0.12171052631578948 0.04375
0 0.8388157894736842 0.521875 0.09868421052631579 0.0390625
0 0.049342105263157895 0.45 0.0756578947368421 0.04375
0 0.04276315789473684 0.259375 0.0625 0.0328125
0 0.05592105263157895 0.3171875 0.06907894736842106 0.05
0 0.16776315789473684 0.246875 0.07894736842105263 0.0828125
0 0.2730263157894737 0.178125 0.05921052631578947 0.034375
0 0.2138157894736842 0.2125 0.0625 0.0421875
0 0.9802631578947368 0.4421875 0.039473684210526314 0.0421875
0 0.046052631578947366 0.5796875 0.07236842105263158 0.053125
0 0.19078947368421054 0.5671875 0.049342105263157895 0.0375
0 0.17763157894736842 0.5953125 0.07236842105263158 0.0390625
0 0.1513157894736842 0.634375 0.08881578947368421 0.0390625
0 0.26644736842105265 0.56875 0.0625 0.03125
0 0.26973684210526316 0.6015625 0.049342105263157895 0.0265625
0 0.3519736842105263 0.59375 0.039473684210526314 0.028125
0 0.3651315789473684 0.6234375 0.029605263157894735 0.0265625
0 0.41118421052631576 0.621875 0.03289473684210526 0.025
0 0.5625 0.59375 0.046052631578947366 0.0375
0 0.6118421052631579 0.603125 0.049342105263157895 0.0234375
0 0.7335526315789473 0.5890625 0.013157894736842105 0.01875
0 0.7171052631578947 0.5765625 0.046052631578947366 0.034375
0 0.8092105263157895 0.60625 0.023026315789473683 0.028125
0 0.7401315789473685 0.6625 0.0625 0.0359375
0 0.7138157894736842 0.7234375 0.06907894736842106 0.034375
0 0.8519736842105263 0.6984375 0.029605263157894735 0.034375
0 0.6677631578947368 0.765625 0.0756578947368421 0.0296875
0 0.5822368421052632 0.7453125 0.05263157894736842 0.0359375
0 0.4375 0.6984375 0.10197368421052631 0.034375
0 0.5098684210526315 0.7125 0.05592105263157895 0.0390625
0 0.2730263157894737 0.7015625 0.09868421052631579 0.05625
0 0.29605263157894735 0.678125 0.049342105263157895 0.021875
0 0.28618421052631576 0.65625 0.05592105263157895 0.0203125
0 0.3684210526315789 0.675 0.04276315789473684 0.0375
0 0.40131578947368424 0.846875 0.19407894736842105 0.0984375
0 0.07894736842105263 0.8984375 0.10855263157894737 0.0328125
0 0.05592105263157895 0.9453125 0.10855263157894737 0.0453125
0 0.08552631578947369 0.8359375 0.14473684210526316 0.0953125
0 0.1875 0.8109375 0.08223684210526316 0.0421875
0 0.14802631578947367 0.759375 0.10197368421052631 0.034375
0 0.6578947368421053 0.9796875 0.1118421052631579 0.0390625
0 0.29276315789473684 0.9046875 0.08881578947368421 0.03125
0 0.3717105263157895 0.9203125 0.08552631578947369 0.040625
0 0.33223684210526316 0.990625 0.08223684210526316 0.0171875
0 0.8782894736842105 0.94375 0.09539473684210527 0.034375
0 0.9835526315789473 0.9359375 0.03289473684210526 0.034375