0 0.34539473684210525 0.9328125 0.17434210526315788 0.1328125
0 0.7401315789473685 0.746875 0.28289473684210525 0.1296875
0 0.3026315789473684 0.6359375 0.3092105263157895 0.1109375
0 0.7697368421052632 0.0421875 0.3355263157894737 0.0828125
0 0.46381578947368424 0.00625 0.125 0.0109375
0 0.8947368421052632 0.146875 0.10855263157894737 0.034375
0 0.944078947368421 0.215625 0.0625 0.05625
0 0.9835526315789473 0.1140625 0.03289473684210526 0.0859375
0 0.02631578947368421 0.015625 0.05263157894736842 0.0296875
0 0.47039473684210525 0.1234375 0.19736842105263158 0.0625
0 0.35526315789473684 0.1984375 0.0756578947368421 0.0421875
0 0.04276315789473684 0.2640625 0.08223684210526316 0.059375
0 0.3815789473684211 0.4734375 0.08881578947368421 0.0609375
0 0.680921052631579 0.5296875 0.0625 0.03125
0 0.24671052631578946 0.49375 0.05263157894736842 0.0484375
0 0.023026315789473683 0.64375 0.04276315789473684 0.053125
0 0.09210526315789473 0.73125 0.0625 0.046875
0 0.8980263157894737 0.36875 0.13157894736842105 0.0578125
0 0.05592105263157895 0.3296875 0.09210526315789473 0.03125
0 0.18092105263157895 0.35625 0.12828947368421054 0.0578125
0 0.29605263157894735 0.3671875 0.09539473684210527 0.0484375
0 0.3125 0.39375 0.10526315789473684 0.046875
0 0.009868421052631578 0.4859375 0.019736842105263157 0.0390625
0 0.10526315789473684 0.4671875 0.09210526315789473 0.0390625
0 0.9605263157894737 0.4859375 0.0756578947368421 0.078125
0 0.8421052631578947 0.51875 0.07236842105263158 0.0234375
0 0.8256578947368421 0.94375 0.15460526315789475 0.065625
0 0.5263157894736842 0.96875 0.10855263157894737 0.0609375
0 0.17763157894736842 0.096875 0.05592105263157895 0.0421875