0 0.9512195121951219 0.75 0.0975609756097561 0.0984375
0 0.8170731707317073 0.9 0.13719512195121952 0.0546875
0 0.5914634146341463 0.946875 0.08231707317073171 0.034375
0 0.4603658536585366 0.8390625 0.125 0.0546875
0 0.7682926829268293 0.003125 0.125 0.00625
0 0.9176829268292683 0.090625 0.10365853658536585 0.0453125
0 0.7591463414634146 0.225 0.18902439024390244 0.0734375
0 0.7469512195121951 0.45 0.09451219512195122 0.0484375
0 0.07926829268292683 0.25 0.1524390243902439 0.0296875
0 0.3231707317073171 0.28125 0.11890243902439024 0.0296875
0 0.2926829268292683 0.3625 0.039634146341463415 0.021875
0 0.8963414634146342 0.3671875 0.10975609756097561 0.0453125
0 0.7804878048780488 0.3671875 0.07926829268292683 0.0546875
0 0.8871951219512195 0.4609375 0.11585365853658537 0.0421875
0 0.8628048780487805 0.5 0.0975609756097561 0.0296875
0 0.5670731707317073 0.4671875 0.08231707317073171 0.053125
0 0.3475609756097561 0.653125 0.125 0.034375
0 0.46646341463414637 0.6109375 0.06707317073170732 0.028125
0 0.10060975609756098 0.6546875 0.06707317073170732 0.028125
0 0.9939024390243902 0.940625 0.012195121951219513 0.0546875
0 0.9847560975609756 0.9828125 0.027439024390243903 0.028125
0 0.11890243902439024 0.3546875 0.10975609756097561 0.0640625
0 0.7195121951219512 0.0828125 0.07621951219512195 0.05
0 0.6067073170731707 0.021875 0.042682926829268296 0.04375
0 0.14939024390243902 0.078125 0.07621951219512195 0.0421875
0 0.27134146341463417 0.021875 0.11585365853658537 0.0421875
0 0.6036585365853658 0.2046875 0.09451219512195122 0.078125
0 0.04573170731707317 0.225 0.08841463414634146 0.028125
0 0.14634146341463414 0.2984375 0.11280487804878049 0.034375
0 0.32621951219512196 0.4984375 0.039634146341463415 0.0265625
0 0.3353658536585366 0.403125 0.024390243902439025 0.025
0 0.6554878048780488 0.38125 0.04573170731707317 0.015625
0 0.5213414634146342 0.25 0.07926829268292683 0.0296875
0 0.5121951219512195 0.2859375 0.054878048780487805 0.0203125
0 0.9908536585365854 0.103125 0.01524390243902439 0.015625
0 0.975609756097561 0.1671875 0.03353658536585366 0.0328125
0 0.8963414634146342 0.15 0.04573170731707317 0.021875
0 0.4634146341463415 0.0703125 0.03353658536585366 0.01875
0 0.29878048780487804 0.0828125 0.04878048780487805 0.015625
0 0.01524390243902439 0.1109375 0.03048780487804878 0.0140625
0 0.006097560975609756 0.190625 0.012195121951219513 0.0265625
0 0.08841463414634146 0.55 0.027439024390243903 0.0140625
0 0.125 0.54375 0.024390243902439025 0.0171875
0 0.20426829268292682 0.5390625 0.03353658536585366 0.01875
0 0.31402439024390244 0.559375 0.021341463414634148 0.0203125
0 0.8048780487804879 0.5703125 0.042682926829268296 0.015625
0 0.8780487804878049 0.584375 0.027439024390243903 0.015625
0 0.6798780487804879 0.5296875 0.057926829268292686 0.028125
0 0.5579268292682927 0.50625 0.051829268292682924 0.025
0 0.4298780487804878 0.453125 0.039634146341463415 0.0234375
0 0.39634146341463417 0.490625 0.051829268292682924 0.025
0 0.38414634146341464 0.521875 0.08231707317073171 0.0234375
0 0.989329268292683 0.48984375 0.021341463414634148 0.0171875
0 0.9390243902439024 0.55625 0.03353658536585366 0.015625
0 0.9390243902439024 0.575 0.06707317073170732 0.0328125
0 0.899390243902439 0.621875 0.039634146341463415 0.0203125
0 0.9603658536585366 0.603125 0.06097560975609756 0.0328125
0 0.7530487804878049 0.5765625 0.042682926829268296 0.0234375
0 0.5670731707317073 0.625 0.042682926829268296 0.021875
0 0.5213414634146342 0.5625 0.0701219512195122 0.025
0 0.5823170731707317 0.553125 0.042682926829268296 0.0234375
0 0.6036585365853658 0.5890625 0.054878048780487805 0.040625
0 0.2804878048780488 0.725 0.06402439024390244 0.0265625
0 0.06402439024390244 0.9609375 0.042682926829268296 0.04375
0 0.19207317073170732 0.990625 0.09146341463414634 0.0171875
0 0.2865853658536585 0.9859375 0.057926829268292686 0.0234375
0 0.0975609756097561 0.8921875 0.06097560975609756 0.0171875
0 0.1676829268292683 0.8859375 0.036585365853658534 0.0140625
0 0.021341463414634148 0.7578125 0.039634146341463415 0.03125
0 0.13719512195121952 0.684375 0.039634146341463415 0.028125
0 0.18902439024390244 0.6875 0.03048780487804878 0.021875
0 0.6067073170731707 0.765625 0.03353658536585366 0.0265625
0 0.850609756097561 0.7484375 0.027439024390243903 0.0265625
0 0.9573170731707317 0.803125 0.054878048780487805 0.0296875
0 0.7652439024390244 0.7578125 0.024390243902439025 0.0109375
0 0.7987804878048781 0.7875 0.042682926829268296 0.0234375
0 0.5975609756097561 0.8359375 0.039634146341463415 0.0171875
0 0.5609756097560976 0.85625 0.042682926829268296 0.03125
0 0.8902439024390244 0.9859375 0.03353658536585366 0.0171875
0 0.9329268292682927 0.915625 0.036585365853658534 0.034375
0 0.43597560975609756 0.725 0.03048780487804878 0.0203125
0 0.2926829268292683 0.4671875 0.054878048780487805 0.0203125
0 0.11280487804878049 0.4515625 0.054878048780487805 0.0296875
0 0.11280487804878049 0.471875 0.06402439024390244 0.0359375
0 0.3475609756097561 0.7890625 0.1951219512195122 0.0421875
0 0.24695121951219512 0.84375 0.0701219512195122 0.028125
0 0.7103658536585366 0.6234375 0.12195121951219512 0.0390625
0 0.34146341463414637 0.1671875 0.08231707317073171 0.040625
0 0.20121951219512196 0.1546875 0.054878048780487805 0.04375
0 0.09146341463414634 0.165625 0.07926829268292683 0.0265625
0 0.9451219512195121 0.315625 0.07621951219512195 0.0421875
0 0.5853658536585366 0.9890625 0.08536585365853659 0.0203125
0 0.676829268292683 0.9890625 0.09451219512195122 0.0203125
0 0.49390243902439024 0.1375 0.10060975609756098 0.0359375
0 0.10365853658536585 0.9328125 0.054878048780487805 0.0203125