0 0.11513157894736842 0.2546875 0.23026315789473684 0.1296875
0 0.8585526315789473 0.3046875 0.19407894736842105 0.1109375
0 0.9917763157894737 0.3859375 0.01644736842105263 0.096875
0 0.09868421052631579 0.4125 0.17434210526315788 0.06875
0 0.9177631578947368 0.0265625 0.16447368421052633 0.053125
0 0.962171052631579 0.05625 0.0756578947368421 0.04375
0 0.5230263157894737 0.25 0.06907894736842106 0.040625
0 0.2631578947368421 0.4203125 0.12171052631578948 0.0421875
0 0.07236842105263158 0.1203125 0.08223684210526316 0.0375
0 0.0756578947368421 0.08125 0.0625 0.0265625
0 0.8552631578947368 0.090625 0.07236842105263158 0.034375
0 0.5986842105263158 0.1125 0.05263157894736842 0.0296875
0 0.7072368421052632 0.1484375 0.05263157894736842 0.0265625
0 0.9226973684210527 0.5703125 0.15460526315789475 0.0625
0 0.8552631578947368 0.6453125 0.16776315789473684 0.0578125
0 0.9703947368421053 0.7375 0.05921052631578947 0.096875
0 0.7631578947368421 0.759375 0.19736842105263158 0.0640625
0 0.3980263157894737 0.421875 0.07236842105263158 0.0453125