0 0.9403669724770642 0.3609375 0.11926605504587157 0.103125
0 0.41284403669724773 0.7515625 0.12538226299694188 0.1421875
0 0.9510703363914373 0.584375 0.09785932721712538 0.0703125
0 0.2415902140672783 0.284375 0.1651376146788991 0.0734375
0 0.9617737003058104 0.16171875 0.0764525993883792 0.0578125
0 0.8042813455657493 0.25 0.1651376146788991 0.0703125
0 0.9954128440366973 0.23359375 0.009174311926605505 0.0421875
0 0.22935779816513763 0.146875 0.09480122324159021 0.0390625
0 0.26605504587155965 0.2046875 0.0581039755351682 0.0296875
0 0.5902140672782875 0.55625 0.10397553516819572 0.04375
0 0.7553516819571865 0.584375 0.08256880733944955 0.059375
0 0.4923547400611621 0.2921875 0.09785932721712538 0.0328125
0 0.599388379204893 0.3953125 0.0581039755351682 0.0234375
0 0.382262996941896 0.4328125 0.11926605504587157 0.0671875
0 0.382262996941896 0.5296875 0.11314984709480122 0.06875
0 0.5963302752293578 0.8203125 0.0764525993883792 0.0296875
0 0.8256880733944955 0.83125 0.09480122324159021 0.05625
0 0.13761467889908258 0.8671875 0.11314984709480122 0.0296875
0 0.9296636085626911 0.9375 0.11009174311926606 0.065625
0 0.22935779816513763 0.0203125 0.12232415902140673 0.040625
0 0.20795107033639143 0.1921875 0.17737003058103976 0.053125
0 0.04892966360856269 0.23125 0.09785932721712538 0.08125
0 0.07033639143730887 0.090625 0.13761467889908258 0.18125
0 0.5229357798165137 0.259375 0.0856269113149847 0.06875
0 0.7859327217125383 0.5234375 0.17737003058103976 0.090625
0 0.6146788990825688 0.403125 0.15902140672782875 0.053125
0 0.926605504587156 0.6328125 0.07951070336391437 0.0296875
0 0.9648318042813455 0.6625 0.07033639143730887 0.05
0 0.8409785932721713 0.678125 0.0856269113149847 0.0421875
0 0.581039755351682 0.65625 0.18960244648318042 0.1
0 0.7706422018348624 0.6984375 0.13149847094801223 0.040625
0 0.8165137614678899 0.0359375 0.09785932721712538 0.04375
0 0.6697247706422018 0.19375 0.11926605504587157 0.040625
0 0.38837920489296635 0.134375 0.07951070336391437 0.0390625
0 0.03363914373088685 0.38125 0.05504587155963303 0.053125
0 0.13149847094801223 0.428125 0.10397553516819572 0.04375
0 0.07339449541284404 0.5015625 0.10397553516819572 0.05625
0 0.22629969418960244 0.5953125 0.04892966360856269 0.0484375
0 0.6055045871559633 0.9015625 0.09480122324159021 0.0578125
0 0.44648318042813456 0.8921875 0.16819571865443425 0.05
0 0.28440366972477066 0.940625 0.09480122324159021 0.040625
0 0.16819571865443425 0.984375 0.15902140672782875 0.0296875
0 0.08868501529051988 0.99375 0.10091743119266056 0.0109375
0 0.7981651376146789 0.971875 0.09785932721712538 0.05625