0 0.5986842105263158 0.4078125 0.14802631578947367 0.071875
0 0.5986842105263158 0.30625 0.21710526315789475 0.0640625
0 0.6052631578947368 0.7875 0.15789473684210525 0.090625
0 0.7927631578947368 0.878125 0.26973684210526316 0.0890625
0 0.17105263157894737 0.9234375 0.34210526315789475 0.153125
0 0.26973684210526316 0.475 0.21052631578947367 0.0515625
0 0.4276315789473684 0.5625 0.10855263157894737 0.0640625
0 0.26973684210526316 0.5515625 0.1611842105263158 0.0453125
0 0.9144736842105263 0.2796875 0.13157894736842105 0.053125
0 0.6973684210526315 0.0296875 0.32894736842105265 0.0578125
0 0.3157894736842105 0.015625 0.18092105263157895 0.03125
0 0.33881578947368424 0.215625 0.1875 0.0609375
0 0.19736842105263158 0.3171875 0.16447368421052633 0.1078125
0 0.24342105263157895 0.3296875 0.17105263157894737 0.078125
0 0.4276315789473684 0.3703125 0.12171052631578948 0.0546875
0 0.75 0.575 0.14473684210526316 0.046875
0 0.8453947368421053 0.6796875 0.13157894736842105 0.04375
0 0.41118421052631576 0.7125 0.13815789473684212 0.0640625
0 0.29276315789473684 0.7671875 0.20065789473684212 0.06875
0 0.9572368421052632 0.0015625 0.08223684210526316 0.0015625
0 0.7796052631578947 0.2328125 0.10197368421052631 0.0375
0 0.8157894736842105 0.421875 0.125 0.0890625
0 0.9407894736842105 0.3828125 0.11842105263157894 0.046875
0 0.5328947368421053 0.1515625 0.14144736842105263 0.053125
0 0.05263157894736842 0.0375 0.06578947368421052 0.0421875
0 0.41118421052631576 0.9875 0.12828947368421054 0.025
0 0.9407894736842105 0.33125 0.07894736842105263 0.0125
0 0.7269736842105263 0.4625 0.10526315789473684 0.046875
0 0.993421052631579 0.4875 0.013157894736842105 0.075
0 0.5723684210526315 0.9609375 0.07894736842105263 0.04375
0 0.41776315789473684 0.925 0.09210526315789473 0.04375
0 0.7664473684210527 0.9984375 0.05921052631578947 0.003125
0 0.5197368421052632 0.115625 0.08223684210526316 0.034375
0 0.944078947368421 0.053125 0.05921052631578947 0.0421875
0 0.993421052631579 0.0109375 0.009868421052631578 0.021875
0 0.23026315789473684 0.1265625 0.08881578947368421 0.0421875
0 0.35526315789473684 0.175 0.0756578947368421 0.0375
0 0.7467105263157895 0.1875 0.06578947368421052 0.0203125
0 0.03289473684210526 0.16875 0.0625 0.0484375
0 0.049342105263157895 0.1328125 0.08881578947368421 0.025
0 0.05263157894736842 0.0828125 0.039473684210526314 0.0359375
0 0.13157894736842105 0.1359375 0.05921052631578947 0.0390625
0 0.019736842105263157 0.334375 0.029605263157894735 0.0703125
0 0.03618421052631579 0.40625 0.07236842105263158 0.05
0 0.019736842105263157 0.471875 0.03618421052631579 0.0640625
0 0.0756578947368421 0.4671875 0.05921052631578947 0.021875
0 0.16776315789473684 0.4546875 0.0625 0.0375
0 0.9013157894736842 0.146875 0.13486842105263158 0.0359375
0 0.7598684210526315 0.1703125 0.1118421052631579 0.0375
0 0.9901315789473685 0.234375 0.01644736842105263 0.0375
0 0.9802631578947368 0.6171875 0.039473684210526314 0.0296875
0 0.9901315789473685 0.678125 0.019736842105263157 0.0390625
0 0.39473684210526316 0.5390625 0.046052631578947366 0.034375
0 0.13157894736842105 0.6703125 0.046052631578947366 0.046875
0 0.019736842105263157 0.575 0.039473684210526314 0.059375
0 0.05263157894736842 0.6875 0.10197368421052631 0.0625
0 0.19407894736842105 0.5984375 0.0625 0.0328125
0 0.09868421052631579 0.565625 0.06907894736842106 0.04375
0 0.07894736842105263 0.5859375 0.0625 0.0296875
0 0.34868421052631576 0.840625 0.10197368421052631 0.059375
0 0.4868421052631579 0.8671875 0.0625 0.0484375