0 0.48026315789473684 0.08125 0.45723684210526316 0.1625
0 0.7828947368421053 0.05 0.13157894736842105 0.078125
0 0.75 0.4140625 0.2631578947368421 0.1421875
0 0.13157894736842105 0.3046875 0.25 0.0953125
0 0.07894736842105263 0.2015625 0.11842105263157894 0.05
0 0.4407894736842105 0.328125 0.07894736842105263 0.034375
0 0.40789473684210525 0.3859375 0.1118421052631579 0.0484375
0 0.40789473684210525 0.6171875 0.08881578947368421 0.0546875
0 0.4342105263157895 0.703125 0.09868421052631579 0.071875
0 0.01644736842105263 0.0296875 0.029605263157894735 0.034375
0 0.5164473684210527 0.8734375 0.08223684210526316 0.078125
0 0.6513157894736842 0.7953125 0.09868421052631579 0.0578125
0 0.049342105263157895 0.496875 0.049342105263157895 0.05625
0 0.24013157894736842 0.5671875 0.0756578947368421 0.0453125
0 0.40789473684210525 0.540625 0.05921052631578947 0.0453125
0 0.16776315789473684 0.4921875 0.06578947368421052 0.0421875
0 0.7993421052631579 0.625 0.05921052631578947 0.0359375
0 0.6875 0.634375 0.07236842105263158 0.0390625
0 0.6480263157894737 0.66875 0.10526315789473684 0.034375
0 0.8717105263157895 0.7140625 0.05263157894736842 0.0265625
0 0.7927631578947368 0.7484375 0.06578947368421052 0.03125
0 0.0756578947368421 0.1265625 0.08223684210526316 0.046875
0 0.19078947368421054 0.8640625 0.07236842105263158 0.028125
0 0.25 0.88125 0.10526315789473684 0.04375
0 0.11513157894736842 0.896875 0.05921052631578947 0.0390625
0 0.8980263157894737 0.9328125 0.05592105263157895 0.0140625
0 0.7796052631578947 0.98125 0.05921052631578947 0.028125
0 0.9013157894736842 0.9859375 0.17434210526315788 0.0265625
0 0.48355263157894735 0.94375 0.08223684210526316 0.0265625
0 0.17763157894736842 0.775 0.09210526315789473 0.09375
0 0.13815789473684212 0.8140625 0.17105263157894737 0.015625
0 0.625 0.5078125 0.13157894736842105 0.065625
0 0.8322368421052632 0.5109375 0.09210526315789473 0.0390625
0 0.9572368421052632 0.284375 0.08223684210526316 0.05
0 0.5921052631578947 0.4296875 0.10197368421052631 0.0390625
0 0.3125 0.1984375 0.10197368421052631 0.05