0 0.5245398773006135 0.1109375 0.4171779141104294 0.153125
0 0.9340490797546013 0.625 0.13190184049079753 0.103125
0 0.18711656441717792 0.23125 0.08588957055214724 0.04375
0 0.9831288343558282 0.40078125 0.03374233128834356 0.0734375
0 0.8220858895705522 0.39375 0.09202453987730061 0.0359375
0 0.7085889570552147 0.6609375 0.1441717791411043 0.053125
0 0.4171779141104294 0.759375 0.13190184049079753 0.0390625
0 0.48466257668711654 0.721875 0.11349693251533742 0.0375
0 0.15030674846625766 0.76875 0.11042944785276074 0.0515625
0 0.7852760736196319 0.996875 0.15337423312883436 0.0046875
0 0.7668711656441718 0.45625 0.07975460122699386 0.0265625
0 0.9141104294478528 0.5140625 0.08895705521472393 0.0546875
0 0.745398773006135 0.925 0.11349693251533742 0.05
0 0.13803680981595093 0.878125 0.08588957055214724 0.0265625
0 0.24539877300613497 0.859375 0.07668711656441718 0.03125
0 0.9171779141104295 0.934375 0.08588957055214724 0.040625
0 0.1441717791411043 0.5609375 0.13496932515337423 0.025
0 0.15030674846625766 0.5859375 0.08588957055214724 0.025
0 0.4386503067484663 0.3828125 0.05521472392638037 0.034375
0 0.6042944785276073 0.5984375 0.09815950920245399 0.04375
0 0.1165644171779141 0.45625 0.03067484662576687 0.0140625
0 0.10429447852760736 0.9859375 0.1441717791411043 0.0265625
0 0.48466257668711654 0.009375 0.08895705521472393 0.0171875
0 0.18711656441717792 0.115625 0.0950920245398773 0.040625
0 0.03374233128834356 0.1125 0.06441717791411043 0.034375
0 0.6625766871165644 0.915625 0.04294478527607362 0.0234375
0 0.5858895705521472 0.9703125 0.06441717791411043 0.0265625
0 0.6226993865030674 0.9953125 0.046012269938650305 0.0078125
0 0.2668711656441718 0.396875 0.09815950920245399 0.059375
0 0.745398773006135 0.8125 0.08895705521472393 0.0328125
0 0.754601226993865 0.728125 0.03680981595092025 0.028125
0 0.3496932515337423 0.884375 0.03987730061349693 0.025
0 0.8742331288343558 0.178125 0.08895705521472393 0.0328125
0 0.8282208588957055 0.040625 0.08895705521472393 0.053125
0 0.995398773006135 0.02578125 0.009202453987730062 0.0296875
0 0.9800613496932515 0.33515625 0.03987730061349693 0.0296875
0 0.5674846625766872 0.4296875 0.05828220858895705 0.028125
0 0.4754601226993865 0.5375 0.1196319018404908 0.0734375
0 0.3220858895705521 0.83125 0.09202453987730061 0.0359375
0 0.9049079754601227 0.8859375 0.07975460122699386 0.0265625
0 0.995398773006135 0.8 0.009202453987730062 0.0375
0 0.9616564417177914 0.4625 0.07668711656441718 0.04375
0 0.6349693251533742 0.4890625 0.02147239263803681 0.025
0 0.5337423312883436 0.6359375 0.08588957055214724 0.05
0 0.6809815950920245 0.8546875 0.08282208588957055 0.0296875