0 0.7483552631578947 0.02734375 0.5032894736842105 0.0546875
0 0.23026315789473684 0.85625 0.45723684210526316 0.2859375
0 0.28618421052631576 0.009375 0.0625 0.01875
0 0.8388157894736842 0.9375 0.26644736842105265 0.1234375
0 0.9046052631578947 0.15625 0.0625 0.01875
0 0.881578947368421 0.603125 0.05921052631578947 0.028125
0 0.3355263157894737 0.0484375 0.09539473684210527 0.0171875
0 0.7302631578947368 0.2203125 0.09539473684210527 0.0453125
0 0.6217105263157895 0.409375 0.05263157894736842 0.034375
0 0.930921052631579 0.215625 0.05921052631578947 0.0515625
0 0.0625 0.08125 0.11513157894736842 0.025
0 0.023026315789473683 0.0109375 0.046052631578947366 0.0203125
0 0.41776315789473684 0.48125 0.46381578947368424 0.1375
0 0.9424342105263158 0.82421875 0.11513157894736842 0.0421875