0 0.6920731707317073 0.796875 0.24390243902439024 0.065625
0 0.6859756097560976 0.8796875 0.13109756097560976 0.0640625
0 0.9725609756097561 0.875 0.054878048780487805 0.0640625
0 0.823170731707317 0.8796875 0.10975609756097561 0.0640625
0 0.4115853658536585 0.95 0.10975609756097561 0.0484375
0 0.36585365853658536 0.996875 0.09451219512195122 0.0046875
0 0.823170731707317 0.4640625 0.1676829268292683 0.1
0 0.5853658536585366 0.39375 0.09146341463414634 0.0484375
0 0.6951219512195121 0.340625 0.10975609756097561 0.0421875
0 0.75 0.3703125 0.10365853658536585 0.053125
0 0.524390243902439 0.3234375 0.11890243902439024 0.05625
0 0.40853658536585363 0.3890625 0.10670731707317073 0.0640625
0 0.5030487804878049 0.384375 0.10365853658536585 0.0984375
0 0.4420731707317073 0.4609375 0.13719512195121952 0.05
0 0.4847560975609756 0.5140625 0.10365853658536585 0.053125
0 0.9542682926829268 0.4265625 0.09146341463414634 0.0359375
0 0.7804878048780488 0.29375 0.09451219512195122 0.05
0 0.6371951219512195 0.103125 0.09451219512195122 0.040625
0 0.524390243902439 0.1859375 0.08536585365853659 0.034375
0 0.5609756097560976 0.2203125 0.06707317073170732 0.0328125
0 0.16158536585365854 0.0109375 0.13109756097560976 0.0203125
0 0.551829268292683 0.0015625 0.06402439024390244 0.0015625
0 0.3475609756097561 0.053125 0.11280487804878049 0.0765625
0 0.5030487804878049 0.0875 0.0975609756097561 0.059375
0 0.4024390243902439 0.2109375 0.09146341463414634 0.065625
0 0.14634146341463414 0.2296875 0.12195121951219512 0.0609375
0 0.2896341463414634 0.30625 0.2774390243902439 0.0875
0 0.31402439024390244 0.3828125 0.13109756097560976 0.0453125
0 0.3201219512195122 0.16875 0.0701219512195122 0.0234375
0 0.4603658536585366 0.16875 0.0701219512195122 0.0453125
0 0.3048780487804878 0.1046875 0.07926829268292683 0.0703125
0 0.20121951219512196 0.1109375 0.11585365853658537 0.059375
0 0.07926829268292683 0.3921875 0.10975609756097561 0.075
0 0.15548780487804878 0.425 0.08231707317073171 0.0234375
0 0.10365853658536585 0.5203125 0.06707317073170732 0.034375
0 0.2774390243902439 0.4953125 0.057926829268292686 0.0484375
0 0.2225609756097561 0.453125 0.051829268292682924 0.0390625
0 0.29573170731707316 0.465625 0.057926829268292686 0.05625
0 0.06402439024390244 0.6796875 0.125 0.0859375
0 0.1798780487804878 0.7109375 0.11585365853658537 0.05
0 0.15853658536585366 0.759375 0.12804878048780488 0.053125
0 0.46646341463414637 0.678125 0.06707317073170732 0.0515625
0 0.32621951219512196 0.6859375 0.13109756097560976 0.0453125
0 0.3597560975609756 0.7484375 0.13109756097560976 0.0375
0 0.3384146341463415 0.7890625 0.10060975609756098 0.0328125
0 0.4298780487804878 0.815625 0.054878048780487805 0.0421875
0 0.5426829268292683 0.834375 0.07621951219512195 0.05625
0 0.8384146341463414 0.6796875 0.08231707317073171 0.0578125
0 0.6310975609756098 0.6421875 0.13719512195121952 0.0765625
0 0.6280487804878049 0.5890625 0.14634146341463414 0.0421875
0 0.8628048780487805 0.553125 0.125 0.0484375
0 0.3475609756097561 0.6078125 0.12804878048780488 0.05
0 0.22865853658536586 0.6234375 0.1524390243902439 0.0640625
0 0.07926829268292683 0.60625 0.13109756097560976 0.0640625
0 0.32926829268292684 0.55 0.0975609756097561 0.034375
0 0.14939024390243902 0.5640625 0.11280487804878049 0.0296875
0 0.6097560975609756 0.4609375 0.11280487804878049 0.0625
0 0.9878048780487805 0.54375 0.024390243902439025 0.0359375
0 0.9573170731707317 0.75 0.08536585365853659 0.0515625
0 0.8567073170731707 0.7265625 0.11280487804878049 0.0484375
0 0.11280487804878049 0.8421875 0.10365853658536585 0.05
0 0.09146341463414634 0.8921875 0.17378048780487804 0.078125
0 0.03353658536585366 0.9765625 0.06707317073170732 0.0453125
0 0.09146341463414634 0.9859375 0.10365853658536585 0.028125
0 0.3018292682926829 0.9140625 0.08231707317073171 0.0375