0 0.036303630363036306 0.06875 0.06930693069306931 0.1359375
0 0.6336633663366337 0.48125 0.5775577557755776 0.296875
0 0.056105610561056105 0.465625 0.11221122112211221 0.1875
0 0.4389438943894389 0.9171875 0.1848184818481848 0.06875
0 0.7293729372937293 0.0921875 0.13861386138613863 0.0546875
0 0.04950495049504951 0.953125 0.09900990099009901 0.09375
0 0.31353135313531355 0.9328125 0.0462046204620462 0.0328125
0 0.0297029702970297 0.6953125 0.0594059405940594 0.0390625
0 0.1716171617161716 0.8484375 0.1848184818481848 0.0796875
0 0.933993399339934 0.7546875 0.07590759075907591 0.0390625
0 0.8844884488448845 0.8546875 0.1254125412541254 0.0671875
0 0.9273927392739274 0.5703125 0.0924092409240924 0.0671875
0 0.9488448844884488 0.66875 0.10231023102310231 0.05625
0 0.6039603960396039 0.790625 0.07260726072607261 0.046875
0 0.2706270627062706 0.7453125 0.1254125412541254 0.046875
0 0.21122112211221122 0.784375 0.07260726072607261 0.05
0 0.009900990099009901 0.7625 0.0165016501650165 0.03125
0 0.24422442244224424 0.38125 0.1188118811881188 0.04375
0 0.9587458745874587 0.02421875 0.08250825082508251 0.0484375
0 0.45874587458745875 0.0140625 0.033003300330033 0.028125
0 0.0165016501650165 0.2296875 0.033003300330033 0.04375
0 0.31353135313531355 0.20625 0.0858085808580858 0.0265625
0 0.44554455445544555 0.259375 0.06930693069306931 0.01875
0 0.768976897689769 0.1921875 0.066006600660066 0.025
0 0.8415841584158416 0.21875 0.1419141914191419 0.0671875
0 0.6996699669966997 0.1359375 0.033003300330033 0.0125
0 0.8085808580858086 0.1515625 0.08250825082508251 0.034375
0 0.8910891089108911 0.1765625 0.0627062706270627 0.0171875
0 0.6006600660066007 0.146875 0.11221122112211221 0.0453125
0 0.3201320132013201 0.0796875 0.052805280528052806 0.0296875
0 0.42244224422442245 0.1203125 0.08250825082508251 0.0421875
0 0.12211221122112212 0.1484375 0.0462046204620462 0.015625
0 0.2607260726072607 0.1328125 0.07920792079207921 0.034375
0 0.2376237623762376 0.196875 0.07920792079207921 0.028125
0 0.1353135313531353 0.225 0.0891089108910891 0.0359375
0 0.1353135313531353 0.271875 0.0891089108910891 0.0484375
0 0.0231023102310231 0.31875 0.0429042904290429 0.0203125
0 0.7722772277227723 0.68125 0.066006600660066 0.0375
0 0.8085808580858086 0.70625 0.056105610561056105 0.028125
0 0.7920792079207921 0.734375 0.0858085808580858 0.0453125
0 0.7656765676567657 0.7640625 0.08250825082508251 0.0328125
0 0.6633663366336634 0.725 0.13861386138613863 0.0421875
0 0.40594059405940597 0.653125 0.0627062706270627 0.0390625
0 0.40924092409240925 0.715625 0.04950495049504951 0.028125
0 0.40594059405940597 0.740625 0.0627062706270627 0.028125
0 0.5082508250825083 0.7234375 0.052805280528052806 0.0171875
0 0.6534653465346535 0.7765625 0.033003300330033 0.03125
0 0.2376237623762376 0.546875 0.056105610561056105 0.0265625
0 0.7161716171617162 0.9421875 0.10561056105610561 0.0734375
0 0.693069306930693 0.8859375 0.132013201320132 0.0265625
0 0.8514851485148515 0.8046875 0.09900990099009901 0.0328125
0 0.8184818481848185 0.8359375 0.1254125412541254 0.04375
0 0.3201320132013201 0.86875 0.1551155115511551 0.0390625
0 0.2145214521452145 0.665625 0.22112211221122113 0.1
0 0.056105610561056105 0.6640625 0.0891089108910891 0.028125
0 0.22772277227722773 0.5875 0.0627062706270627 0.0265625
0 0.9141914191419142 0.4703125 0.1188118811881188 0.04375
0 0.9075907590759076 0.5234375 0.11221122112211221 0.0546875
0 0.900990099009901 0.3765625 0.09900990099009901 0.0390625
0 0.6204620462046204 0.246875 0.0429042904290429 0.0453125
0 0.7029702970297029 0.29375 0.09900990099009901 0.0234375
0 0.20132013201320131 0.3078125 0.07590759075907591 0.0453125
0 0.0297029702970297 0.4203125 0.0594059405940594 0.0453125
0 0.07590759075907591 0.9296875 0.0858085808580858 0.040625
0 0.15841584158415842 0.9578125 0.066006600660066 0.0765625