0 0.696319018404908 0.0484375 0.1165644171779141 0.0484375
0 0.8803680981595092 0.1765625 0.147239263803681 0.059375
0 0.7147239263803681 0.096875 0.07975460122699386 0.0578125
0 0.5429447852760736 0.0109375 0.08895705521472393 0.0203125
0 0.27607361963190186 0.85 0.0736196319018405 0.0453125
0 0.5398773006134969 0.8296875 0.12576687116564417 0.0515625
0 0.08282208588957055 0.1265625 0.16257668711656442 0.1
0 0.7147239263803681 0.4171875 0.11349693251533742 0.040625
0 0.9754601226993865 0.0296875 0.046012269938650305 0.0234375
0 0.5153374233128835 0.1140625 0.0705521472392638 0.0390625
0 0.36809815950920244 0.109375 0.11349693251533742 0.059375
0 0.3803680981595092 0.4078125 0.0736196319018405 0.028125
0 0.4233128834355828 0.4 0.049079754601226995 0.0296875
0 0.6932515337423313 0.5953125 0.10736196319018405 0.0375
0 0.450920245398773 0.7796875 0.06134969325153374 0.0375
0 0.11042944785276074 0.8203125 0.0736196319018405 0.0453125
0 0.9355828220858896 0.5640625 0.0736196319018405 0.0515625
0 0.13190184049079753 0.9765625 0.09202453987730061 0.0375