0 0.9314024390243902 0.37109375 0.13719512195121952 0.0984375
0 0.4176829268292683 0.740625 0.11890243902439024 0.134375
0 0.725609756097561 0.9890625 0.24085365853658536 0.0203125
0 0.9405487804878049 0.58203125 0.11890243902439024 0.0671875
0 0.25914634146341464 0.2984375 0.15548780487804878 0.0703125
0 0.9512195121951219 0.184375 0.0975609756097561 0.0546875
0 0.7865853658536586 0.265625 0.15548780487804878 0.065625
0 0.9817073170731707 0.2515625 0.036585365853658534 0.040625
0 0.24390243902439024 0.16875 0.08841463414634146 0.0359375
0 0.2804878048780488 0.221875 0.054878048780487805 0.028125
0 0.5884146341463414 0.55625 0.0975609756097561 0.0421875
0 0.7408536585365854 0.5828125 0.07926829268292683 0.05625
0 0.49390243902439024 0.30625 0.09451219512195122 0.03125
0 0.5945121951219512 0.403125 0.054878048780487805 0.021875
0 0.3902439024390244 0.4390625 0.11280487804878049 0.0640625
0 0.3902439024390244 0.53125 0.10670731707317073 0.0640625
0 0.5914634146341463 0.80625 0.0701219512195122 0.028125
0 0.8079268292682927 0.815625 0.08841463414634146 0.053125
0 0.16158536585365854 0.85 0.10670731707317073 0.028125
0 0.9054878048780488 0.915625 0.10365853658536585 0.0625
0 0.9878048780487805 0.4046875 0.024390243902439025 0.0390625
0 0.24695121951219512 0.040625 0.11585365853658537 0.05625
0 0.22560975609756098 0.2109375 0.1676829268292683 0.05
0 0.07621951219512195 0.25 0.09451219512195122 0.0765625
0 0.09146341463414634 0.1 0.13719512195121952 0.2
0 0.5213414634146342 0.275 0.08231707317073171 0.0640625
0 0.7713414634146342 0.525 0.1676829268292683 0.084375
0 0.6097560975609756 0.4109375 0.14939024390243902 0.05
0 0.9054878048780488 0.628125 0.07317073170731707 0.028125
0 0.9542682926829268 0.65625 0.09146341463414634 0.046875
0 0.823170731707317 0.6703125 0.08231707317073171 0.040625
0 0.5792682926829268 0.65 0.1798780487804878 0.09375
0 0.7591463414634146 0.690625 0.125 0.0390625
0 0.7987804878048781 0.0625 0.09146341463414634 0.0421875
0 0.6615853658536586 0.2125 0.11280487804878049 0.0375
0 0.39634146341463417 0.15625 0.07621951219512195 0.0359375
0 0.06402439024390244 0.390625 0.051829268292682924 0.05
0 0.15548780487804878 0.434375 0.0975609756097561 0.0421875
0 0.10060975609756098 0.5046875 0.0975609756097561 0.053125
0 0.24390243902439024 0.5921875 0.04573170731707317 0.0453125
0 0.600609756097561 0.8828125 0.08841463414634146 0.0546875
0 0.45121951219512196 0.875 0.15853658536585366 0.0484375
0 0.29878048780487804 0.91875 0.08841463414634146 0.0375
0 0.18902439024390244 0.9734375 0.14939024390243902 0.0515625
0 0.11585365853658537 0.98125 0.0975609756097561 0.034375
0 0.9878048780487805 0.878125 0.024390243902439025 0.0328125
0 0.7835365853658537 0.95 0.09451219512195122 0.0546875
0 0.4603658536585366 0.9953125 0.09146341463414634 0.0078125