0 0.8128834355828221 0.309375 0.10429447852760736 0.05
0 0.20552147239263804 0.95625 0.11042944785276074 0.065625
0 0.4447852760736196 0.775 0.06134969325153374 0.034375
0 0.3558282208588957 0.0796875 0.17484662576687116 0.06875
0 0.7883435582822086 0.890625 0.04294478527607362 0.046875
0 0.4171779141104294 0.925 0.04294478527607362 0.03125
0 0.12576687116564417 0.6625 0.12269938650306748 0.0578125
0 0.012269938650306749 0.628125 0.024539877300613498 0.0375
0 0.02147239263803681 0.55625 0.03067484662576687 0.01875
0 0.08895705521472393 0.5328125 0.08588957055214724 0.0328125
0 0.29141104294478526 0.421875 0.13190184049079753 0.03125
0 0.39570552147239263 0.2046875 0.1165644171779141 0.040625
0 0.3558282208588957 0.2421875 0.1441717791411043 0.0421875
0 0.3282208588957055 0.3015625 0.12576687116564417 0.05
0 0.8773006134969326 0.578125 0.18711656441717792 0.08125
0 0.6104294478527608 0.5 0.0736196319018405 0.0390625
0 0.7361963190184049 0.475 0.08282208588957055 0.04375
0 0.2607361963190184 0.4796875 0.12883435582822086 0.04375