0 0.15460526315789475 0.5421875 0.3059210526315789 0.2203125
0 0.7236842105263158 0.8015625 0.25 0.18125
0 0.25 0.75625 0.5 0.2078125
0 0.506578947368421 0.61875 0.4144736842105263 0.153125
0 0.9736842105263158 0.1421875 0.049342105263157895 0.0640625
0 0.6414473684210527 0.1765625 0.10855263157894737 0.0265625
0 0.5328947368421053 0.2203125 0.03289473684210526 0.0390625
0 0.569078947368421 0.2671875 0.06907894736842106 0.0203125
0 0.9111842105263158 0.2375 0.0756578947368421 0.0625
0 0.20394736842105263 0.3609375 0.40460526315789475 0.10625
0 0.8256578947368421 0.4453125 0.09539473684210527 0.040625
0 0.7138157894736842 0.0515625 0.11513157894736842 0.034375
0 0.743421052631579 0.115625 0.049342105263157895 0.0328125
0 0.5592105263157895 0.06875 0.05263157894736842 0.034375
0 0.28289473684210525 0.1046875 0.07236842105263158 0.0296875
0 0.7269736842105263 0.3734375 0.08881578947368421 0.03125
0 0.9572368421052632 0.621875 0.08223684210526316 0.040625
0 0.9539473684210527 0.7171875 0.07236842105263158 0.0390625
0 0.6578947368421053 0.353125 0.05592105263157895 0.034375
0 0.6743421052631579 0.653125 0.08223684210526316 0.0390625
0 0.019736842105263157 0.6 0.03618421052631579 0.0328125
0 0.819078947368421 0.915625 0.08552631578947369 0.0328125
0 0.18092105263157895 0.9296875 0.07236842105263158 0.0296875
0 0.11842105263157894 0.034375 0.09868421052631579 0.0453125
0 0.2598684210526316 0.025 0.10197368421052631 0.028125
0 0.9111842105263158 0.1140625 0.0625 0.0296875
0 0.7861842105263158 0.2046875 0.08552631578947369 0.0265625
0 0.32894736842105265 0.084375 0.0625 0.01875
0 0.3651315789473684 0.9609375 0.1118421052631579 0.065625
0 0.881578947368421 0.85625 0.09868421052631579 0.0359375
0 0.9736842105263158 0.8671875 0.039473684210526314 0.021875
0 0.9769736842105263 0.8953125 0.046052631578947366 0.034375
0 0.9638157894736842 0.9359375 0.07236842105263158 0.0328125
0 0.8881578947368421 0.9796875 0.07894736842105263 0.0390625
0 0.9671052631578947 0.9703125 0.05263157894736842 0.0296875