0 0.9143730886850153 0.928125 0.11926605504587157 0.0578125
0 0.7033639143730887 0.425 0.07033639143730887 0.0578125
0 0.7737003058103975 0.4890625 0.06422018348623854 0.0296875
0 0.08256880733944955 0.703125 0.1620795107033639 0.0578125
0 0.22629969418960244 0.490625 0.07951070336391437 0.090625
0 0.14067278287461774 0.421875 0.1162079510703364 0.04375
0 0.8807339449541285 0.240625 0.03669724770642202 0.0578125
0 0.11314984709480122 0.0046875 0.07951070336391437 0.009375
0 0.599388379204893 0.1609375 0.1712538226299694 0.0546875
0 0.21100917431192662 0.9109375 0.10091743119266056 0.078125
0 0.28440366972477066 0.959375 0.0856269113149847 0.0609375