0 0.5986842105263158 0.2609375 0.8026315789473685 0.5203125
0 0.08223684210526316 0.94375 0.16447368421052633 0.1109375
0 0.9243421052631579 0.6921875 0.1513157894736842 0.065625
0 0.12828947368421054 0.04375 0.03618421052631579 0.034375
0 0.39144736842105265 0.5015625 0.09210526315789473 0.0421875
0 0.6973684210526315 0.946875 0.08223684210526316 0.034375
0 0.9572368421052632 0.965625 0.0625 0.034375
0 0.3815789473684211 0.69375 0.09868421052631579 0.053125
0 0.2532894736842105 0.753125 0.09868421052631579 0.0484375
0 0.5164473684210527 0.9703125 0.09210526315789473 0.0375
0 0.6546052631578947 0.9125 0.05263157894736842 0.0421875