0 0.7039473684210527 0.1421875 0.5888157894736842 0.2828125
0 0.006578947368421052 0.425 0.009868421052631578 0.16875
0 0.10526315789473684 0.596875 0.20723684210526316 0.1375
0 0.4309210526315789 0.815625 0.3223684210526316 0.1890625
0 0.6513157894736842 0.975 0.6973684210526315 0.0484375
0 0.039473684210526314 0.709375 0.0756578947368421 0.078125
0 0.01644736842105263 0.8453125 0.029605263157894735 0.046875
0 0.4144736842105263 0.5875 0.20065789473684212 0.059375
0 0.8388157894736842 0.8171875 0.0756578947368421 0.059375
0 0.8585526315789473 0.7 0.06907894736842106 0.0390625
0 0.24671052631578946 0.6984375 0.08223684210526316 0.0390625
0 0.125 0.7265625 0.046052631578947366 0.0265625
0 0.5 0.8609375 0.11842105263157894 0.0578125
0 0.5296052631578947 0.821875 0.05263157894736842 0.0296875
0 0.023026315789473683 0.7703125 0.04276315789473684 0.028125
0 0.8125 0.628125 0.046052631578947366 0.0359375
0 0.32894736842105265 0.5 0.08881578947368421 0.01875