0 0.9695121951219512 0.171875 0.057926829268292686 0.0671875
0 0.45426829268292684 0.1953125 0.10060975609756098 0.040625
0 0.2804878048780488 0.0375 0.03048780487804878 0.0203125
0 0.3567073170731707 0.159375 0.07621951219512195 0.0359375
0 0.2682926829268293 0.1921875 0.06097560975609756 0.0359375
0 0.46646341463414637 0.240625 0.10060975609756098 0.053125
0 0.8445121951219512 0.378125 0.125 0.0640625
0 0.8567073170731707 0.5265625 0.10060975609756098 0.053125
0 0.2652439024390244 0.2765625 0.19817073170731708 0.071875
0 0.8658536585365854 0.259375 0.13109756097560976 0.040625
0 0.36890243902439024 0.565625 0.1951219512195122 0.128125
0 0.10365853658536585 0.5375 0.1951219512195122 0.259375
0 0.24695121951219512 0.953125 0.3597560975609756 0.0921875
0 0.3475609756097561 0.9890625 0.08231707317073171 0.021875
0 0.7134146341463414 0.5875 0.07926829268292683 0.0265625
0 0.9054878048780488 0.5734375 0.07621951219512195 0.0359375
0 0.13414634146341464 0.7 0.10975609756097561 0.0546875
0 0.2804878048780488 0.825 0.17073170731707318 0.0609375
0 0.054878048780487805 0.88125 0.07926829268292683 0.05
0 0.5426829268292683 0.0359375 0.09146341463414634 0.034375
0 0.7042682926829268 0.0046875 0.08231707317073171 0.0078125
0 0.5060975609756098 0.09375 0.08231707317073171 0.04375
0 0.6189024390243902 0.45 0.07317073170731707 0.03125
0 0.7469512195121951 0.3609375 0.03353658536585366 0.046875
0 0.9359756097560976 0.465625 0.04573170731707317 0.0265625
0 0.774390243902439 0.45 0.0975609756097561 0.0359375
0 0.9054878048780488 0.0140625 0.10670731707317073 0.028125
0 0.4115853658536585 0.01875 0.06707317073170732 0.0359375
0 0.23780487804878048 0.1140625 0.15853658536585366 0.0625
0 0.23170731707317074 0.075 0.10060975609756098 0.0484375
0 0.125 0.05625 0.06402439024390244 0.05
0 0.3170731707317073 0.03125 0.12195121951219512 0.0609375
0 0.6219512195121951 0.0140625 0.08231707317073171 0.028125
0 0.6310975609756098 0.0609375 0.039634146341463415 0.034375
0 0.6554878048780488 0.1109375 0.03353658536585366 0.0375
0 0.5335365853658537 0.1828125 0.09451219512195122 0.0640625
0 0.10365853658536585 0.146875 0.13719512195121952 0.05
0 0.926829268292683 0.9328125 0.14329268292682926 0.06875