0 0.02147239263803681 0.984375 0.04294478527607362 0.0296875
0 0.0705521472392638 0.971875 0.12269938650306748 0.05625
0 0.4263803680981595 0.509375 0.20245398773006135 0.1140625
0 0.8588957055214724 0.3890625 0.2331288343558282 0.134375
0 0.15644171779141106 0.46875 0.2392638036809816 0.0625
0 0.15644171779141106 0.5984375 0.10122699386503067 0.0515625
0 0.5245398773006135 0.6359375 0.08588957055214724 0.046875
0 0.5674846625766872 0.71875 0.08895705521472393 0.0484375
0 0.4754601226993865 0.6921875 0.08282208588957055 0.0359375
0 0.49079754601226994 0.7328125 0.08588957055214724 0.025
0 0.07668711656441718 0.1171875 0.1411042944785276 0.0734375
0 0.5 0.365625 0.08895705521472393 0.053125
0 0.7975460122699386 0.225 0.1165644171779141 0.04375
0 0.911042944785276 0.11875 0.10736196319018405 0.0703125
0 0.7638036809815951 0.09375 0.17484662576687116 0.096875
0 0.08282208588957055 0.8390625 0.12269938650306748 0.0484375
0 0.49693251533742333 0.1484375 0.17484662576687116 0.0828125
0 0.36809815950920244 0.2046875 0.10429447852760736 0.05
0 0.34049079754601225 0.0734375 0.12269938650306748 0.0515625
0 0.38650306748466257 0.0859375 0.0736196319018405 0.0484375
0 0.27300613496932513 0.6640625 0.10429447852760736 0.0515625
0 0.6717791411042945 0.9234375 0.17484662576687116 0.0703125