0 0.21779141104294478 0.3671875 0.31901840490797545 0.1546875
0 0.18711656441717792 0.7375 0.16257668711656442 0.05625
0 0.009202453987730062 0.671875 0.015337423312883436 0.0546875
0 0.15644171779141106 0.9671875 0.13190184049079753 0.0640625
0 0.15030674846625766 0.5953125 0.07975460122699386 0.046875
0 0.22085889570552147 0.6640625 0.10429447852760736 0.0328125
0 0.549079754601227 0.3859375 0.06441717791411043 0.0578125
0 0.049079754601226995 0.4578125 0.09815950920245399 0.046875
0 0.018404907975460124 0.4046875 0.03374233128834356 0.0359375
0 0.1441717791411043 0.48125 0.08588957055214724 0.05
0 0.046012269938650305 0.0421875 0.09202453987730061 0.0546875
0 0.5398773006134969 0.10625 0.1196319018404908 0.0421875
0 0.6717791411042945 0.2453125 0.13190184049079753 0.109375
0 0.8957055214723927 0.2375 0.0705521472392638 0.0359375
0 0.9171779141104295 0.2796875 0.0705521472392638 0.0421875
0 0.9079754601226994 0.475 0.10736196319018405 0.059375
0 0.3312883435582822 0.0390625 0.046012269938650305 0.0296875
0 0.25766871165644173 0.125 0.09202453987730061 0.04375
0 0.4171779141104294 0.0515625 0.05828220858895705 0.0265625
0 0.5153374233128835 0.1640625 0.05214723926380368 0.0265625
0 0.3834355828220859 0.1875 0.04294478527607362 0.0203125
0 0.15030674846625766 0.1828125 0.06441717791411043 0.0390625
0 0.05828220858895705 0.1296875 0.05521472392638037 0.0296875
0 0.17484662576687116 0.084375 0.03987730061349693 0.0203125
0 0.6411042944785276 0.9125 0.10429447852760736 0.059375
0 0.7423312883435583 0.8203125 0.0736196319018405 0.034375
0 0.7147239263803681 0.921875 0.046012269938650305 0.0234375
0 0.8619631901840491 0.7546875 0.11349693251533742 0.05
0 0.5920245398773006 0.6046875 0.09815950920245399 0.0390625
0 0.5122699386503068 0.6625 0.05828220858895705 0.0359375
0 0.10122699386503067 0.221875 0.0736196319018405 0.028125
0 0.15950920245398773 0.9765625 0.07668711656441718 0.034375
0 0.05828220858895705 0.9375 0.07668711656441718 0.040625
0 0.3006134969325153 0.809375 0.03987730061349693 0.0265625
0 0.37116564417177916 0.8765625 0.03680981595092025 0.0296875