0 0.9808259587020649 0.6421875 0.038348082595870206 0.028125
0 0.7315634218289085 0.890625 0.10619469026548672 0.0390625
0 0.3421828908554572 0.9921875 0.12979351032448377 0.015625
0 0.9528023598820059 0.23125 0.0943952802359882 0.0609375
0 0.7492625368731564 0.0546875 0.07374631268436578 0.05
0 0.855457227138643 0.10625 0.10029498525073746 0.0453125
0 0.13569321533923304 0.153125 0.11799410029498525 0.0453125
0 0.04424778761061947 0.2453125 0.08849557522123894 0.046875
0 0.4896755162241888 0.2515625 0.06489675516224189 0.0265625
0 0.6489675516224189 0.3375 0.061946902654867256 0.0375
0 0.7463126843657817 0.1734375 0.029498525073746312 0.0359375
0 0.7079646017699115 0.60625 0.10619469026548672 0.046875
0 0.2536873156342183 0.315625 0.058997050147492625 0.0390625
0 0.40707964601769914 0.3796875 0.07669616519174041 0.0453125
0 0.28023598820059 0.428125 0.061946902654867256 0.05
0 0.5250737463126843 0.3171875 0.08259587020648967 0.0453125
0 0.8348082595870207 0.525 0.10619469026548672 0.0359375
0 0.8643067846607669 0.9796875 0.07964601769911504 0.040625
0 0.5191740412979351 0.6265625 0.12094395280235988 0.0578125
0 0.2182890855457227 0.7265625 0.05604719764011799 0.0390625
0 0.0943952802359882 0.9890625 0.05309734513274336 0.0203125
0 0.5309734513274337 0.00625 0.08849557522123894 0.0109375
0 0.9144542772861357 0.034375 0.11504424778761062 0.0359375