0 0.9144542772861357 0.0171875 0.058997050147492625 0.034375
0 0.7050147492625368 0.096875 0.08259587020648967 0.0515625
0 0.2359882005899705 0.1078125 0.12389380530973451 0.0359375
0 0.21238938053097345 0.2484375 0.07079646017699115 0.028125
0 0.6135693215339233 0.2796875 0.035398230088495575 0.034375
0 0.7079646017699115 0.196875 0.04424778761061947 0.0234375
0 0.8377581120943953 0.2765625 0.06489675516224189 0.0296875
0 0.9410029498525073 0.3265625 0.10914454277286136 0.034375
0 0.967551622418879 0.934375 0.06489675516224189 0.0359375
0 0.22123893805309736 0.8109375 0.12094395280235988 0.0375
0 0.08849557522123894 0.6125 0.0943952802359882 0.0421875
0 0.014749262536873156 0.515625 0.029498525073746312 0.0203125
0 0.08849557522123894 0.5171875 0.038348082595870206 0.025
0 0.15339233038348082 0.5984375 0.02064896755162242 0.03125
0 0.29793510324483774 0.484375 0.08849557522123894 0.046875
0 0.3392330383480826 0.409375 0.04424778761061947 0.0203125
0 0.4277286135693215 0.3640625 0.06489675516224189 0.0484375
0 0.504424778761062 0.3859375 0.07669616519174041 0.0296875
0 0.5722713864306784 0.4171875 0.07669616519174041 0.040625
0 0.5132743362831859 0.459375 0.061946902654867256 0.0234375
0 0.6371681415929203 0.6015625 0.058997050147492625 0.021875
0 0.5634218289085545 0.5421875 0.058997050147492625 0.0140625
0 0.471976401179941 0.5328125 0.07964601769911504 0.0328125
0 0.7463126843657817 0.4875 0.07079646017699115 0.040625
0 0.9292035398230089 0.440625 0.07669616519174041 0.053125
0 0.971976401179941 0.38671875 0.05604719764011799 0.0203125
0 0.4336283185840708 0.8046875 0.04129793510324484 0.0359375
0 0.7522123893805309 0.8421875 0.05014749262536873 0.0359375
0 0.8466076696165191 0.8515625 0.07964601769911504 0.0625
0 0.9646017699115044 0.8796875 0.07079646017699115 0.0453125