0 0.71875 0.27734375 0.5625 0.3578125
0 0.7236842105263158 0.075 0.08881578947368421 0.0765625
0 0.05263157894736842 0.11875 0.10197368421052631 0.0890625
0 0.14473684210526316 0.534375 0.125 0.05
0 0.09868421052631579 0.5921875 0.12171052631578948 0.0453125
0 0.19078947368421054 0.9484375 0.1513157894736842 0.0921875
0 0.5197368421052632 0.8765625 0.08552631578947369 0.046875
0 0.6546052631578947 0.853125 0.09210526315789473 0.05
0 0.5328947368421053 0.15625 0.12171052631578948 0.0921875
0 0.3519736842105263 0.99375 0.08223684210526316 0.0109375
0 0.23026315789473684 0.746875 0.0625 0.065625
0 0.7763157894736842 0.4984375 0.08552631578947369 0.0421875
0 0.8980263157894737 0.5265625 0.049342105263157895 0.0671875
0 0.5986842105263158 0.553125 0.08881578947368421 0.0296875
0 0.8256578947368421 0.925 0.14144736842105263 0.0546875
0 0.3980263157894737 0.8171875 0.11513157894736842 0.0359375
0 0.4769736842105263 0.7796875 0.08223684210526316 0.0640625
0 0.3980263157894737 0.7703125 0.08223684210526316 0.05625
0 0.08223684210526316 0.2734375 0.09210526315789473 0.0359375
0 0.08881578947368421 0.2375 0.06578947368421052 0.0203125
0 0.029605263157894735 0.221875 0.05592105263157895 0.0484375
0 0.17763157894736842 0.1890625 0.10526315789473684 0.0109375
0 0.19078947368421054 0.2125 0.07894736842105263 0.034375
0 0.19078947368421054 0.30625 0.08223684210526316 0.05