0 0.649671052631579 0.14921875 0.7006578947368421 0.2984375
0 0.02631578947368421 0.596875 0.049342105263157895 0.121875
0 0.5986842105263158 0.9546875 0.8026315789473685 0.090625
0 0.3782894736842105 0.8703125 0.4473684210526316 0.15625
0 0.5 0.90625 0.046052631578947366 0.028125
0 0.45394736842105265 0.61875 0.08552631578947369 0.034375
0 0.875 0.859375 0.07236842105263158 0.0359375
0 0.8980263157894737 0.696875 0.03289473684210526 0.034375
0 0.9243421052631579 0.5359375 0.10855263157894737 0.0453125
0 0.3092105263157895 0.496875 0.07236842105263158 0.0328125
0 0.08223684210526316 0.74375 0.05921052631578947 0.03125
0 0.6776315789473685 0.778125 0.08223684210526316 0.034375
0 0.125 0.7828125 0.06578947368421052 0.025
0 0.39144736842105265 0.7640625 0.049342105263157895 0.028125
0 0.5263157894736842 0.7515625 0.07236842105263158 0.034375
0 0.8618421052631579 0.6421875 0.08552631578947369 0.0390625
0 0.9177631578947368 0.5796875 0.07236842105263158 0.034375
0 0.009868421052631578 0.953125 0.01644736842105263 0.0484375
0 0.07236842105263158 0.853125 0.07236842105263158 0.034375