0 0.8883792048929664 0.36171875 0.22324159021406728 0.2046875
0 0.1529051987767584 0.4265625 0.2966360856269113 0.1109375
0 0.28134556574923547 0.1328125 0.14984709480122324 0.0828125
0 0.672782874617737 0.128125 0.07339449541284404 0.0578125
0 0.8470948012232415 0.190625 0.13761467889908258 0.0484375
0 0.363914373088685 0.1890625 0.23547400611620795 0.040625
0 0.4831804281345566 0.2375 0.09785932721712538 0.034375
0 0.2324159021406728 0.6890625 0.1926605504587156 0.0890625
0 0.0856269113149847 0.7671875 0.16819571865443425 0.1
0 0.636085626911315 0.8921875 0.1529051987767584 0.0546875
0 0.24464831804281345 0.9796875 0.25382262996941896 0.040625
0 0.9678899082568807 0.73359375 0.06422018348623854 0.0296875
0 0.9892966360856269 0.8140625 0.021406727828746176 0.05
0 0.3944954128440367 0.459375 0.1651376146788991 0.10625
0 0.6758409785932722 0.55625 0.0581039755351682 0.0375
0 0.9831804281345565 0.584375 0.03363914373088685 0.028125
0 0.9602446483180428 0.096875 0.07951070336391437 0.0796875
0 0.0061162079510703364 0.0578125 0.012232415902140673 0.0546875
0 0.72782874617737 0.025 0.08256880733944955 0.0265625
0 0.7584097859327217 0.075 0.12844036697247707 0.0515625
0 0.5290519877675841 0.1234375 0.1345565749235474 0.05
0 0.6085626911314985 0.1734375 0.04892966360856269 0.040625
0 0.5229357798165137 0.2984375 0.07951070336391437 0.028125
0 0.5596330275229358 0.3453125 0.1162079510703364 0.040625
0 0.17737003058103976 0.20625 0.11926605504587157 0.065625
0 0.07033639143730887 0.2171875 0.13761467889908258 0.0609375
0 0.1651376146788991 0.0234375 0.1345565749235474 0.046875
0 0.7706422018348624 0.521875 0.05504587155963303 0.04375
0 0.5963302752293578 0.6109375 0.06116207951070336 0.0625
0 0.8440366972477065 0.5875 0.0581039755351682 0.034375
0 0.7767584097859327 0.6109375 0.05198776758409786 0.028125
0 0.5871559633027523 0.403125 0.05198776758409786 0.0296875
0 0.12844036697247707 0.246875 0.07033639143730887 0.0359375
0 0.7064220183486238 0.3359375 0.08868501529051988 0.034375
0 0.709480122324159 0.7828125 0.07951070336391437 0.0609375