0 0.22112211221122113 0.8921875 0.44224422442244227 0.2109375
0 0.1617161716171617 0.090625 0.3201320132013201 0.1515625
0 0.3465346534653465 0.4703125 0.24422442244224424 0.134375
0 0.7854785478547854 0.3484375 0.31353135313531355 0.115625
0 0.5841584158415841 0.01875 0.29042904290429045 0.0375
0 0.41914191419141916 0.15625 0.1848184818481848 0.05625
0 0.9752475247524752 0.07109375 0.04950495049504951 0.1140625
0 0.09900990099009901 0.5984375 0.1716171617161716 0.0546875
0 0.17491749174917492 0.7203125 0.07920792079207921 0.06875
0 0.43564356435643564 0.090625 0.09900990099009901 0.0421875
0 0.7953795379537953 0.078125 0.07260726072607261 0.04375
0 0.9075907590759076 0.921875 0.1254125412541254 0.053125
0 0.5313531353135313 0.9421875 0.132013201320132 0.028125
0 0.019801980198019802 0.3 0.039603960396039604 0.03125
0 0.15841584158415842 0.265625 0.0627062706270627 0.025
0 0.27722772277227725 0.3125 0.0462046204620462 0.0328125
0 0.17491749174917492 0.321875 0.09570957095709572 0.0453125
0 0.07590759075907591 0.371875 0.07920792079207921 0.040625
0 0.5808580858085809 0.4859375 0.1782178217821782 0.0625
0 0.40594059405940597 0.396875 0.08250825082508251 0.0578125
0 0.6138613861386139 0.25625 0.0858085808580858 0.0328125
0 0.5775577557755776 0.171875 0.14521452145214522 0.0421875
0 0.8646864686468647 0.1515625 0.07920792079207921 0.034375
0 0.7128712871287128 0.096875 0.07590759075907591 0.03125
0 0.013201320132013201 0.646875 0.026402640264026403 0.0328125
0 0.04950495049504951 0.678125 0.06930693069306931 0.034375
0 0.6336633663366337 0.8703125 0.132013201320132 0.0265625
0 0.2607260726072607 0.609375 0.09900990099009901 0.0359375
0 0.7029702970297029 0.7125 0.0858085808580858 0.05
0 0.9191419141914191 0.78203125 0.1617161716171617 0.0421875
0 0.8877887788778878 0.8296875 0.09570957095709572 0.0390625
0 0.5082508250825083 0.834375 0.052805280528052806 0.0296875
0 0.504950495049505 0.5203125 0.1188118811881188 0.071875
0 0.36303630363036304 0.5984375 0.08250825082508251 0.0671875
0 0.3201320132013201 0.6609375 0.10231023102310231 0.0484375