0 0.132013201320132 0.0921875 0.24752475247524752 0.109375
0 0.7491749174917491 0.9484375 0.5016501650165016 0.1015625
0 0.9983498349834984 0.7515625 0.0033003300330033004 0.221875
0 0.636963696369637 0.1421875 0.22442244224422442 0.1296875
0 0.6501650165016502 0.4265625 0.25412541254125415 0.1171875
0 0.4389438943894389 0.640625 0.20132013201320131 0.1
0 0.25742574257425743 0.771875 0.1254125412541254 0.05
0 0.5544554455445545 0.753125 0.1419141914191419 0.05625
0 0.24422442244224424 0.903125 0.12211221122112212 0.0390625
0 0.4389438943894389 0.2296875 0.18151815181518152 0.1
0 0.2079207920792079 0.221875 0.33003300330033003 0.140625
0 0.16501650165016502 0.7515625 0.1551155115511551 0.0421875
0 0.8217821782178217 0.596875 0.09570957095709572 0.0390625
0 0.995049504950495 0.584375 0.009900990099009901 0.034375
0 0.8481848184818482 0.7515625 0.07260726072607261 0.034375
0 0.7920792079207921 0.8140625 0.07590759075907591 0.034375
0 0.9174917491749175 0.5796875 0.0924092409240924 0.0328125
0 0.7557755775577558 0.6625 0.052805280528052806 0.0390625
0 0.7029702970297029 0.7328125 0.09900990099009901 0.0375
0 0.32673267326732675 0.6203125 0.11551155115511551 0.0375
0 0.22772277227722773 0.6625 0.0858085808580858 0.0328125
0 0.039603960396039604 0.7328125 0.07920792079207921 0.053125
0 0.06930693069306931 0.80625 0.0627062706270627 0.028125
0 0.8283828382838284 0.8484375 0.056105610561056105 0.0375
0 0.9207920792079208 0.88125 0.066006600660066 0.0328125
0 0.8646864686468647 0.815625 0.056105610561056105 0.0296875
0 0.09900990099009901 0.8796875 0.0891089108910891 0.0203125
0 0.1188118811881188 0.91875 0.10231023102310231 0.0515625
0 0.09900990099009901 0.95625 0.08250825082508251 0.025
0 0.09900990099009901 0.975 0.07260726072607261 0.0203125
0 0.3069306930693069 0.9421875 0.056105610561056105 0.025
0 0.3564356435643564 0.9875 0.07260726072607261 0.025
0 0.429042904290429 0.98125 0.07590759075907591 0.0359375