0 0.5396341463414634 0.9609375 0.35365853658536583 0.078125
0 0.09146341463414634 0.5609375 0.1798780487804878 0.1359375
0 0.5426829268292683 0.3828125 0.0975609756097561 0.0390625
0 0.04878048780487805 0.3359375 0.09451219512195122 0.0703125
0 0.17378048780487804 0.1046875 0.10975609756097561 0.0515625
0 0.3445121951219512 0.0546875 0.09451219512195122 0.0640625
0 0.49390243902439024 0.025 0.0701219512195122 0.0421875
0 0.04878048780487805 0.0125 0.08841463414634146 0.025
0 0.11890243902439024 0.1609375 0.0975609756097561 0.0421875
0 0.01524390243902439 0.134375 0.027439024390243903 0.0609375
0 0.21646341463414634 0.015625 0.10365853658536585 0.0296875
0 0.3323170731707317 0.13125 0.14634146341463414 0.0453125
0 0.32621951219512196 0.2078125 0.10975609756097561 0.0640625
0 0.32621951219512196 0.16875 0.08841463414634146 0.0390625
0 0.5335365853658537 0.09375 0.07317073170731707 0.0375
0 0.8932926829268293 0.0671875 0.0975609756097561 0.046875
0 0.9176829268292683 0.05 0.06402439024390244 0.0578125
0 0.8262195121951219 0.0953125 0.07621951219512195 0.0484375
0 0.2865853658536585 0.4609375 0.125 0.0390625
0 0.4268292682926829 0.371875 0.10975609756097561 0.05
0 0.3231707317073171 0.3484375 0.06707317073170732 0.0359375
0 0.4054878048780488 0.459375 0.09146341463414634 0.0421875
0 0.4451219512195122 0.50625 0.11280487804878049 0.0546875
0 0.5274390243902439 0.5046875 0.09451219512195122 0.0375
0 0.5609756097560976 0.5578125 0.10365853658536585 0.05625
0 0.10670731707317073 0.66875 0.13414634146341464 0.0578125
0 0.1798780487804878 0.66875 0.12804878048780488 0.0609375
0 0.7225609756097561 0.6625 0.10670731707317073 0.0640625
0 0.9176829268292683 0.575 0.16463414634146342 0.096875
0 0.7835365853658537 0.625 0.0701219512195122 0.028125
0 0.899390243902439 0.6609375 0.13414634146341464 0.0421875
0 0.8323170731707317 0.7359375 0.11280487804878049 0.071875
0 0.75 0.753125 0.0975609756097561 0.0171875
0 0.16463414634146342 0.9375 0.12195121951219512 0.0359375
0 0.0701219512195122 0.971875 0.0975609756097561 0.05625
0 0.3780487804878049 0.7484375 0.057926829268292686 0.0421875