0 0.9723926380368099 0.9234375 0.05521472392638037 0.040625
0 0.8834355828220859 0.940625 0.06441717791411043 0.0375
0 0.5337423312883436 0.778125 0.15644171779141106 0.078125
0 0.5858895705521472 0.528125 0.12883435582822086 0.0859375
0 0.36809815950920244 0.5890625 0.19631901840490798 0.08125
0 0.35276073619631904 0.76875 0.08588957055214724 0.0515625
0 0.8895705521472392 0.4859375 0.0736196319018405 0.059375
0 0.30368098159509205 0.0140625 0.6042944785276073 0.0265625
0 0.16257668711656442 0.9546875 0.07668711656441718 0.0359375
0 0.049079754601226995 0.9078125 0.06441717791411043 0.0375
0 0.03680981595092025 0.953125 0.03987730061349693 0.028125
0 0.46932515337423314 0.9015625 0.046012269938650305 0.0328125
0 0.5797546012269938 0.915625 0.10429447852760736 0.0359375
0 0.5398773006134969 0.95 0.0705521472392638 0.0296875
0 0.44785276073619634 0.975 0.03987730061349693 0.021875
0 0.5061349693251533 0.9890625 0.04294478527607362 0.0203125
0 0.31901840490797545 0.9375 0.04294478527607362 0.025
0 0.22085889570552147 0.9375 0.049079754601226995 0.0171875
0 0.2668711656441718 0.9625 0.04294478527607362 0.025
0 0.2883435582822086 0.9890625 0.06134969325153374 0.021875
0 0.34662576687116564 0.9921875 0.024539877300613498 0.015625
0 0.4171779141104294 0.771875 0.05521472392638037 0.028125
0 0.02147239263803681 0.815625 0.03987730061349693 0.021875
0 0.05214723926380368 0.84375 0.027607361963190184 0.015625
0 0.2085889570552147 0.6859375 0.0705521472392638 0.04375
0 0.941717791411043 0.7140625 0.06441717791411043 0.0375
0 0.5766871165644172 0.6546875 0.0705521472392638 0.0421875
0 0.9585889570552147 0.77890625 0.08282208588957055 0.0421875
0 0.05214723926380368 0.709375 0.10122699386503067 0.0453125