0 0.5346534653465347 0.0375 0.27722772277227725 0.0734375
0 0.132013201320132 0.25625 0.19801980198019803 0.071875
0 0.41914191419141916 0.5828125 0.1551155115511551 0.0421875
0 0.44554455445544555 0.70625 0.07920792079207921 0.0671875
0 0.6468646864686468 0.7921875 0.0858085808580858 0.04375
0 0.5181518151815182 0.871875 0.1353135313531353 0.04375
0 0.25742574257425743 0.903125 0.15841584158415842 0.0765625
0 0.8052805280528053 0.0375 0.2706270627062706 0.0734375
0 0.0462046204620462 0.153125 0.06930693069306931 0.04375
0 0.2739273927392739 0.0953125 0.07590759075907591 0.05
0 0.019801980198019802 0.075 0.039603960396039604 0.040625
0 0.38943894389438943 0.3609375 0.11221122112211221 0.04375
0 0.44224422442244227 0.296875 0.0429042904290429 0.0328125
0 0.25412541254125415 0.2765625 0.07260726072607261 0.040625
0 0.7425742574257426 0.38125 0.18811881188118812 0.09375
0 0.6600660066006601 0.4859375 0.1254125412541254 0.0421875
0 0.1782178217821782 0.471875 0.11221122112211221 0.040625
0 0.2079207920792079 0.7359375 0.0891089108910891 0.01875
0 0.1353135313531353 0.784375 0.06930693069306931 0.0328125
0 0.23432343234323433 0.8015625 0.0462046204620462 0.021875
0 0.15841584158415842 0.865625 0.0858085808580858 0.034375
0 0.07920792079207921 0.8796875 0.036303630363036306 0.0234375
0 0.6435643564356436 0.653125 0.12871287128712872 0.053125
0 0.6765676567656765 0.6078125 0.12211221122112212 0.0546875
0 0.7854785478547854 0.6078125 0.08250825082508251 0.04375
0 0.8415841584158416 0.6375 0.07260726072607261 0.0296875
0 0.8778877887788779 0.6625 0.0627062706270627 0.034375
0 0.8976897689768977 0.6984375 0.09570957095709572 0.0265625
0 0.7986798679867987 0.734375 0.11221122112211221 0.0171875
0 0.6864686468646864 0.7390625 0.09900990099009901 0.0421875
0 0.735973597359736 0.85 0.052805280528052806 0.028125
0 0.8250825082508251 0.8390625 0.06930693069306931 0.0265625
0 0.9207920792079208 0.8609375 0.09570957095709572 0.0265625
0 0.8613861386138614 0.9078125 0.06930693069306931 0.028125
0 0.9471947194719472 0.9390625 0.0594059405940594 0.0265625
0 0.48514851485148514 0.9390625 0.07590759075907591 0.0328125
0 0.5676567656765676 0.9390625 0.08250825082508251 0.0296875
0 0.4389438943894389 0.984375 0.056105610561056105 0.03125
0 0.25742574257425743 0.946875 0.056105610561056105 0.028125
0 0.7062706270627063 0.965625 0.0924092409240924 0.0453125
0 0.7986798679867987 0.9859375 0.066006600660066 0.0265625
0 0.8415841584158416 0.996875 0.07590759075907591 0.00625
0 0.9207920792079208 0.9875 0.08250825082508251 0.0234375
0 0.9587458745874587 0.98828125 0.08250825082508251 0.0203125
0 0.0297029702970297 0.784375 0.04950495049504951 0.0234375
0 0.0231023102310231 0.81875 0.0462046204620462 0.03125