0 0.2138157894736842 0.3640625 0.2993421052631579 0.196875
0 0.6414473684210527 0.1453125 0.13157894736842105 0.0671875
0 0.8388157894736842 0.0015625 0.06578947368421052 0.0015625
0 0.7796052631578947 0.8484375 0.1118421052631579 0.059375
0 0.6447368421052632 0.859375 0.13157894736842105 0.0578125
0 0.0756578947368421 0.5734375 0.14802631578947367 0.053125
0 0.4342105263157895 0.4109375 0.09868421052631579 0.05
0 0.5328947368421053 0.4578125 0.07236842105263158 0.0453125
0 0.5888157894736842 0.503125 0.049342105263157895 0.040625
0 0.48355263157894735 0.49375 0.06907894736842106 0.0484375
0 0.6710526315789473 0.5140625 0.07236842105263158 0.05
0 0.8519736842105263 0.4875 0.07236842105263158 0.0453125
0 0.9013157894736842 0.55 0.0625 0.0359375
0 0.17763157894736842 0.521875 0.0756578947368421 0.0453125
0 0.27631578947368424 0.60625 0.0625 0.046875
0 0.4506578947368421 0.5953125 0.10197368421052631 0.0234375
0 0.625 0.584375 0.1118421052631579 0.05
0 0.6842105263157895 0.565625 0.1118421052631579 0.0515625
0 0.7697368421052632 0.5546875 0.06578947368421052 0.0609375
0 0.9638157894736842 0.5640625 0.07236842105263158 0.08125
0 0.006578947368421052 0.671875 0.013157894736842105 0.0625
0 0.5263157894736842 0.9 0.125 0.078125
0 0.4407894736842105 0.0625 0.10855263157894737 0.053125