0 0.12941176470588237 0.009375 0.1264705882352941 0.0171875
0 0.07058823529411765 0.1375 0.09411764705882353 0.0484375
0 0.6529411764705882 0.05 0.09117647058823529 0.05625
0 0.8352941176470589 0.2984375 0.11470588235294117 0.05
0 0.023529411764705882 0.284375 0.047058823529411764 0.05
0 0.07647058823529412 0.2484375 0.15 0.028125
0 0.5176470588235295 0.0296875 0.07941176470588235 0.0375
0 0.8529411764705882 0.05625 0.09117647058823529 0.053125
0 0.7558823529411764 0.23125 0.06764705882352941 0.0625
0 0.22941176470588234 0.690625 0.06764705882352941 0.040625
0 0.5852941176470589 0.2796875 0.05588235294117647 0.0453125
0 0.7470588235294118 0.3984375 0.08823529411764706 0.0453125
0 0.638235294117647 0.446875 0.06764705882352941 0.0453125
0 0.7529411764705882 0.4703125 0.10588235294117647 0.0421875
0 0.6647058823529411 0.5734375 0.12058823529411765 0.040625
0 0.6970588235294117 0.65625 0.05 0.0328125
0 0.75 0.7125 0.047058823529411764 0.021875
0 0.11764705882352941 0.95 0.041176470588235294 0.0203125
0 0.3205882352941177 0.9109375 0.08529411764705883 0.053125
0 0.49411764705882355 0.8421875 0.058823529411764705 0.0234375
0 0.22647058823529412 0.7609375 0.1 0.0546875
0 0.5705882352941176 0.9890625 0.09117647058823529 0.021875
0 0.8823529411764706 0.4125 0.11764705882352941 0.0578125