0 0.7861842105263158 0.0828125 0.4243421052631579 0.1640625
0 0.3848684210526316 0.45625 0.39473684210526316 0.209375
0 0.5921052631578947 0.821875 0.5361842105263158 0.28125
0 0.003289473684210526 0.5046875 0.003289473684210526 0.075
0 0.07236842105263158 0.2578125 0.14144736842105263 0.0671875
0 0.23355263157894737 0.275 0.08552631578947369 0.0515625
0 0.10526315789473684 0.8484375 0.17763157894736842 0.0890625
0 0.046052631578947366 0.0546875 0.08223684210526316 0.053125
0 0.2993421052631579 0.59375 0.1875 0.0734375
0 0.7828947368421053 0.4734375 0.09539473684210527 0.0390625
0 0.8519736842105263 0.53125 0.06907894736842106 0.0390625
0 0.8453947368421053 0.65625 0.0625 0.034375
0 0.09539473684210527 0.4109375 0.10526315789473684 0.053125