0 0.7024539877300614 0.940625 0.17177914110429449 0.109375
0 0.6779141104294478 0.0546875 0.0736196319018405 0.0578125
0 0.35276073619631904 0.1546875 0.17484662576687116 0.046875
0 0.04294478527607362 0.1140625 0.08588957055214724 0.0453125
0 0.9401840490797546 0.459375 0.1196319018404908 0.0625
0 0.5184049079754601 0.4875 0.1441717791411043 0.0734375
0 0.2607361963190184 0.9859375 0.08588957055214724 0.0265625
0 0.450920245398773 0.9921875 0.046012269938650305 0.015625
0 0.19631901840490798 0.80625 0.0705521472392638 0.0359375
0 0.8803680981595092 0.7421875 0.0950920245398773 0.0390625
0 0.803680981595092 0.68125 0.0705521472392638 0.0390625
0 0.6104294478527608 0.6390625 0.12269938650306748 0.034375
0 0.7208588957055214 0.6453125 0.0736196319018405 0.0265625
0 0.3619631901840491 0.8625 0.06748466257668712 0.04375
0 0.27607361963190186 0.8828125 0.08588957055214724 0.0375
0 0.745398773006135 0.0578125 0.05521472392638037 0.0515625
0 0.8865030674846626 0.209375 0.08895705521472393 0.046875
0 0.2392638036809816 0.7734375 0.10122699386503067 0.0484375
0 0.450920245398773 0.3671875 0.05828220858895705 0.0859375
0 0.2085889570552147 0.29375 0.09202453987730061 0.0578125