0 0.8717105263157895 0.965625 0.21710526315789475 0.0671875
0 0.5953947368421053 0.33125 0.46710526315789475 0.115625
0 0.35855263157894735 0.0140625 0.13157894736842105 0.028125
0 0.7993421052631579 0.040625 0.14473684210526316 0.078125
0 0.8256578947368421 0.175 0.16776315789473684 0.0578125
0 0.875 0.2234375 0.09539473684210527 0.034375
0 0.33223684210526316 0.4078125 0.17105263157894737 0.0796875
0 0.5197368421052632 0.1296875 0.11513157894736842 0.05625
0 0.13486842105263158 0.409375 0.10855263157894737 0.0671875
0 0.3190789473684211 0.5296875 0.1513157894736842 0.059375
0 0.7467105263157895 0.540625 0.18421052631578946 0.0484375
0 0.9325657894736842 0.0171875 0.13486842105263158 0.034375
0 0.3651315789473684 0.7515625 0.06578947368421052 0.0421875
0 0.4769736842105263 0.8046875 0.12171052631578948 0.046875
0 0.7302631578947368 0.6078125 0.14802631578947367 0.046875
0 0.6381578947368421 0.6703125 0.15460526315789475 0.06875
0 0.9358552631578947 0.47578125 0.12828947368421054 0.0390625
0 0.9819078947368421 0.52109375 0.03618421052631579 0.0390625
0 0.6907894736842105 0.40625 0.11842105263157894 0.071875
0 0.618421052631579 0.1140625 0.14473684210526316 0.078125
0 0.3980263157894737 0.0953125 0.09210526315789473 0.0328125
0 0.2993421052631579 0.084375 0.1118421052631579 0.0703125
0 0.16776315789473684 0.0484375 0.08881578947368421 0.0421875
0 0.009868421052631578 0.1546875 0.019736842105263157 0.021875
0 0.03618421052631579 0.19375 0.06907894736842106 0.046875
0 0.009868421052631578 0.23125 0.01644736842105263 0.059375
0 0.05592105263157895 0.25625 0.06907894736842106 0.0390625
0 0.5164473684210527 0.1875 0.0756578947368421 0.0421875
0 0.34210526315789475 0.2390625 0.06907894736842106 0.0265625
0 0.2894736842105263 0.203125 0.019736842105263157 0.028125
0 0.8421052631578947 0.0875 0.2138157894736842 0.0421875
0 0.125 0.078125 0.04276315789473684 0.034375
0 0.125 0.3046875 0.07236842105263158 0.040625
0 0.3223684210526316 0.31875 0.10855263157894737 0.0484375
0 0.02631578947368421 0.3375 0.05263157894736842 0.040625
0 0.013157894736842105 0.3921875 0.02631578947368421 0.0359375
0 0.023026315789473683 0.4515625 0.04276315789473684 0.034375
0 0.19407894736842105 0.459375 0.12171052631578948 0.059375
0 0.22697368421052633 0.5171875 0.0756578947368421 0.0296875
0 0.19078947368421054 0.5359375 0.13815789473684212 0.0546875
0 0.2993421052631579 0.5890625 0.07236842105263158 0.0234375
0 0.5427631578947368 0.5796875 0.08552631578947369 0.04375
0 0.5822368421052632 0.4671875 0.14802631578947367 0.0515625
0 0.8092105263157895 0.41875 0.06578947368421052 0.0421875
0 0.930921052631579 0.2578125 0.05592105263157895 0.028125
0 0.6677631578947368 0.5078125 0.08881578947368421 0.040625
0 0.10526315789473684 0.6125 0.10855263157894737 0.0390625
0 0.10197368421052631 0.6640625 0.10526315789473684 0.040625
0 0.049342105263157895 0.7421875 0.09539473684210527 0.053125
0 0.17434210526315788 0.76875 0.10855263157894737 0.05625
0 0.2138157894736842 0.7171875 0.09868421052631579 0.0203125
0 0.4506578947368421 0.678125 0.07236842105263158 0.040625
0 0.569078947368421 0.61875 0.07894736842105263 0.0359375
0 0.45394736842105265 0.625 0.08552631578947369 0.0421875
0 0.9342105263157895 0.634375 0.11842105263157894 0.0734375
0 0.9276315789473685 0.7296875 0.14473684210526316 0.0359375
0 0.7763157894736842 0.9140625 0.10855263157894737 0.0296875
0 0.46710526315789475 0.9890625 0.08223684210526316 0.0203125
0 0.26973684210526316 0.8703125 0.08881578947368421 0.0109375
0 0.2730263157894737 0.9015625 0.08881578947368421 0.025
0 0.14802631578947367 0.9140625 0.08223684210526316 0.0421875
0 0.05263157894736842 0.9671875 0.07236842105263158 0.0546875
0 0.013157894736842105 0.6078125 0.02631578947368421 0.046875
0 0.8552631578947368 0.7953125 0.09210526315789473 0.046875