0 0.8486842105263158 0.296875 0.1513157894736842 0.10625
0 0.9506578947368421 0.43125 0.09868421052631579 0.0828125
0 0.40789473684210525 0.0375 0.15460526315789475 0.05625
0 0.5098684210526315 0.0421875 0.1118421052631579 0.0515625
0 0.8223684210526315 0.484375 0.17105263157894737 0.053125
0 0.17763157894736842 0.3671875 0.0625 0.028125
0 0.10855263157894737 0.26875 0.10197368421052631 0.078125
0 0.2598684210526316 0.2546875 0.09539473684210527 0.0328125
0 0.04276315789473684 0.1078125 0.03618421052631579 0.034375
0 0.14473684210526316 0.14375 0.0756578947368421 0.0359375
0 0.07894736842105263 0.0421875 0.08223684210526316 0.04375
0 0.17763157894736842 0.0453125 0.0625 0.028125
0 0.35855263157894735 0.175 0.14473684210526316 0.0734375
0 0.6217105263157895 0.21875 0.07236842105263158 0.034375
0 0.7763157894736842 0.19375 0.09539473684210527 0.0453125
0 0.8717105263157895 0.1859375 0.049342105263157895 0.040625
0 0.9802631578947368 0.1578125 0.039473684210526314 0.0484375
0 0.27960526315789475 0.3609375 0.20723684210526316 0.0578125
0 0.5460526315789473 0.31875 0.11842105263157894 0.0359375
0 0.5361842105263158 0.3625 0.049342105263157895 0.025
0 0.34539473684210525 0.5359375 0.16447368421052633 0.0671875
0 0.039473684210526314 0.6015625 0.07894736842105263 0.059375
0 0.13157894736842105 0.6828125 0.18421052631578946 0.0546875
0 0.0625 0.446875 0.09539473684210527 0.0296875
0 0.26644736842105265 0.4390625 0.08881578947368421 0.0375
0 0.41776315789473684 0.9828125 0.0756578947368421 0.034375