0 0.25 0.096875 0.17105263157894737 0.0734375
0 0.14144736842105263 0.84375 0.22697368421052633 0.1109375
0 0.3684210526315789 0.64375 0.15460526315789475 0.0421875
0 0.9210526315789473 0.915625 0.13486842105263158 0.05
0 0.9473684210526315 0.015625 0.10526315789473684 0.0296875
0 0.23684210526315788 0.009375 0.15460526315789475 0.01875
0 0.08552631578947369 0.1203125 0.11513157894736842 0.0484375
0 0.45723684210526316 0.0859375 0.14473684210526316 0.0515625
0 0.5197368421052632 0.309375 0.22697368421052633 0.071875
0 0.8914473684210527 0.2546875 0.08223684210526316 0.059375
0 0.9769736842105263 0.2640625 0.046052631578947366 0.059375
0 0.9111842105263158 0.39375 0.14802631578947367 0.071875
0 0.22039473684210525 0.4546875 0.12171052631578948 0.0390625
0 0.05592105263157895 0.4640625 0.07894736842105263 0.0375
0 0.16776315789473684 0.4921875 0.10197368421052631 0.0390625
0 0.32894736842105265 0.54375 0.08552631578947369 0.0375
0 0.35526315789473684 0.5859375 0.07894736842105263 0.0390625
0 0.75 0.5875 0.10197368421052631 0.034375
0 0.8717105263157895 0.603125 0.05921052631578947 0.05625
0 0.9736842105263158 0.64375 0.049342105263157895 0.053125
0 0.9703947368421053 0.4859375 0.05592105263157895 0.0390625
0 0.5921052631578947 0.628125 0.1118421052631579 0.046875
0 0.40131578947368424 0.8546875 0.19078947368421054 0.059375
0 0.47368421052631576 0.9203125 0.1611842105263158 0.04375
0 0.75 0.696875 0.09868421052631579 0.053125
0 0.41776315789473684 0.490625 0.03618421052631579 0.021875
0 0.9144736842105263 0.1875 0.09210526315789473 0.0546875