0 0.2225609756097561 0.3671875 0.3170731707317073 0.1546875
0 0.18902439024390244 0.7359375 0.16158536585365854 0.05625
0 0.012195121951219513 0.671875 0.021341463414634148 0.0546875
0 0.16158536585365854 0.9671875 0.13109756097560976 0.065625
0 0.1524390243902439 0.59375 0.07926829268292683 0.046875
0 0.2225609756097561 0.6625 0.10365853658536585 0.0328125
0 0.5487804878048781 0.3875 0.06402439024390244 0.0578125
0 0.051829268292682924 0.4578125 0.10060975609756098 0.046875
0 0.021341463414634148 0.40625 0.039634146341463415 0.0359375
0 0.14634146341463414 0.48125 0.08536585365853659 0.05
0 0.04878048780487805 0.04375 0.0975609756097561 0.0546875
0 0.5396341463414634 0.1078125 0.11890243902439024 0.0421875
0 0.6707317073170732 0.246875 0.13109756097560976 0.1078125
0 0.8902439024390244 0.2390625 0.06707317073170732 0.034375
0 0.9115853658536586 0.28125 0.06707317073170732 0.0421875
0 0.9024390243902439 0.475 0.10670731707317073 0.059375
0 0.3323170731707317 0.040625 0.04573170731707317 0.0296875
0 0.25914634146341464 0.1265625 0.09146341463414634 0.04375
0 0.4176829268292683 0.053125 0.057926829268292686 0.0265625
0 0.5152439024390244 0.165625 0.051829268292682924 0.0265625
0 0.38414634146341464 0.1890625 0.042682926829268296 0.0203125
0 0.15548780487804878 0.184375 0.06402439024390244 0.0390625
0 0.06402439024390244 0.1328125 0.054878048780487805 0.0296875
0 0.1798780487804878 0.0859375 0.039634146341463415 0.0203125
0 0.6371951219512195 0.9109375 0.10365853658536585 0.059375
0 0.7378048780487805 0.81875 0.07317073170731707 0.034375
0 0.7103658536585366 0.9203125 0.04573170731707317 0.0234375
0 0.8567073170731707 0.753125 0.10975609756097561 0.05
0 0.5914634146341463 0.6046875 0.0975609756097561 0.0390625
0 0.5121951219512195 0.6625 0.057926829268292686 0.0359375
0 0.10365853658536585 0.2234375 0.07317073170731707 0.028125
0 0.16463414634146342 0.9734375 0.07621951219512195 0.034375
0 0.06402439024390244 0.934375 0.07621951219512195 0.040625
0 0.3018292682926829 0.8078125 0.039634146341463415 0.0265625
0 0.3719512195121951 0.875 0.036585365853658534 0.0296875