0 0.4329268292682927 0.2578125 0.2073170731707317 0.134375
0 0.16158536585365854 0.0859375 0.1524390243902439 0.059375
0 0.14634146341463414 0.265625 0.13719512195121952 0.078125
0 0.551829268292683 0.6953125 0.13414634146341464 0.075
0 0.8719512195121951 0.6578125 0.10670731707317073 0.04375
0 0.6310975609756098 0.2578125 0.0701219512195122 0.040625
0 0.057926829268292686 0.4890625 0.051829268292682924 0.0171875
0 0.4451219512195122 0.853125 0.06707317073170732 0.059375
0 0.23780487804878048 0.91875 0.08841463414634146 0.0546875
0 0.7591463414634146 0.9125 0.19817073170731708 0.115625
0 0.07317073170731707 0.9375 0.08536585365853659 0.0625
0 0.24390243902439024 0.9890625 0.09146341463414634 0.021875
0 0.7134146341463414 0.50625 0.04878048780487805 0.0359375
0 0.3048780487804878 0.475 0.024390243902439025 0.025
0 0.22865853658536586 0.525 0.051829268292682924 0.0375
0 0.15853658536585366 0.5546875 0.07317073170731707 0.0203125
0 0.03048780487804878 0.3828125 0.06097560975609756 0.05
0 0.7652439024390244 0.0765625 0.06097560975609756 0.0453125
0 0.12804878048780488 0.021875 0.057926829268292686 0.0234375
0 0.35365853658536583 0.7 0.06707317073170732 0.0453125
0 0.40853658536585363 0.7109375 0.042682926829268296 0.0234375
0 0.45426829268292684 0.771875 0.07621951219512195 0.0421875
0 0.46646341463414637 0.0921875 0.10670731707317073 0.0296875
0 0.600609756097561 0.1140625 0.1524390243902439 0.05
0 0.027439024390243903 0.440625 0.051829268292682924 0.0265625
0 0.875 0.090625 0.0975609756097561 0.05625
0 0.9542682926829268 0.759375 0.057926829268292686 0.075
0 0.6128048780487805 0.753125 0.06707317073170732 0.0296875
0 0.6798780487804879 0.7578125 0.06402439024390244 0.034375