0 0.753822629969419 0.06015625 0.4923547400611621 0.1203125
0 0.28440366972477066 0.025 0.11009174311926606 0.0421875
0 0.3241590214067278 0.084375 0.08256880733944955 0.0375
0 0.03363914373088685 0.1515625 0.06422018348623854 0.0703125
0 0.22324159021406728 0.5234375 0.2599388379204893 0.1703125
0 0.9801223241590215 0.32734375 0.039755351681957186 0.1453125
0 0.7003058103975535 0.228125 0.3425076452599388 0.1484375
0 0.908256880733945 0.6 0.1834862385321101 0.1515625
0 0.7737003058103975 0.4546875 0.11314984709480122 0.0609375
0 0.08868501529051988 0.384375 0.07339449541284404 0.05
0 0.0764525993883792 0.2375 0.11926605504587157 0.084375
0 0.9984709480122325 0.78203125 0.0030581039755351682 0.0578125
0 0.16819571865443425 0.73125 0.07339449541284404 0.0359375
0 0.6330275229357798 0.865625 0.09785932721712538 0.0390625
0 0.3241590214067278 0.7328125 0.08868501529051988 0.0515625
0 0.6636085626911316 0.628125 0.13761467889908258 0.0421875
0 0.01834862385321101 0.9546875 0.03669724770642202 0.071875
0 0.9541284403669725 0.925 0.0672782874617737 0.03125