0 0.7439024390243902 0.2640625 0.21951219512195122 0.0859375
0 0.6280487804878049 0.3546875 0.2073170731707317 0.1015625
0 0.2926829268292683 0.2015625 0.1951219512195122 0.0734375
0 0.01524390243902439 0.0125 0.027439024390243903 0.0234375
0 0.15853658536585366 0.3703125 0.08231707317073171 0.034375
0 0.14329268292682926 0.7140625 0.07621951219512195 0.0453125
0 0.021341463414634148 0.80625 0.039634146341463415 0.05
0 0.12195121951219512 0.896875 0.18292682926829268 0.0546875
0 0.7774390243902439 0.1 0.17682926829268292 0.059375
0 0.7012195121951219 0.1171875 0.08231707317073171 0.04375
0 0.2621951219512195 0.7203125 0.11585365853658537 0.0546875
0 0.926829268292683 0.0578125 0.10975609756097561 0.05
0 0.4054878048780488 0.009375 0.0975609756097561 0.0171875
0 0.051829268292682924 0.5578125 0.10365853658536585 0.0609375
0 0.9634146341463414 0.2921875 0.07317073170731707 0.034375
0 0.32926829268292684 0.453125 0.11585365853658537 0.065625
0 0.5487804878048781 0.4984375 0.10365853658536585 0.0421875
0 0.3231707317073171 0.653125 0.14329268292682926 0.0703125
0 0.47865853658536583 0.10625 0.13109756097560976 0.0375
0 0.35060975609756095 0.071875 0.14634146341463414 0.0640625
0 0.5457317073170732 0.0390625 0.06402439024390244 0.071875
0 0.3628048780487805 0.9328125 0.08231707317073171 0.053125
0 0.5121951219512195 0.884375 0.12195121951219512 0.0578125
0 0.4847560975609756 0.965625 0.06707317073170732 0.0375
0 0.5975609756097561 0.696875 0.13109756097560976 0.090625
0 0.4725609756097561 0.7375 0.054878048780487805 0.040625
0 0.42073170731707316 0.778125 0.10670731707317073 0.0671875
0 0.6890243902439024 0.5921875 0.051829268292682924 0.05
0 0.9725609756097561 0.6296875 0.054878048780487805 0.05625
0 0.8262195121951219 0.8203125 0.10670731707317073 0.0578125
0 0.9085365853658537 0.853125 0.10670731707317073 0.0609375
0 0.23780487804878048 0.859375 0.17073170731707318 0.078125
0 0.3048780487804878 0.865625 0.06707317073170732 0.05625
0 0.40853658536585363 0.8328125 0.054878048780487805 0.0359375
0 0.04878048780487805 0.9921875 0.08841463414634146 0.0140625
0 0.27134146341463417 0.9515625 0.07621951219512195 0.053125
0 0.21646341463414634 0.9875 0.10365853658536585 0.025