0 0.696319018404908 0.9609375 0.3312883435582822 0.0765625
0 0.9386503067484663 0.9359375 0.12269938650306748 0.04375
0 0.4233128834355828 0.3890625 0.12269938650306748 0.0609375
0 0.5 0.5296875 0.11349693251533742 0.06875
0 0.9279141104294478 0.35625 0.1441717791411043 0.115625
0 0.7085889570552147 0.5484375 0.10736196319018405 0.053125
0 0.6257668711656442 0.6234375 0.08282208588957055 0.046875
0 0.450920245398773 0.59375 0.13803680981595093 0.0421875
0 0.5797546012269938 0.771875 0.09202453987730061 0.0421875
0 0.7668711656441718 0.7125 0.10429447852760736 0.0359375
0 0.7638036809815951 0.79375 0.05521472392638037 0.034375
0 0.6042944785276073 0.8875 0.1196319018404908 0.05625
0 0.027607361963190184 0.8796875 0.05214723926380368 0.065625
0 0.12269938650306748 0.8734375 0.07975460122699386 0.040625
0 0.12269938650306748 0.9421875 0.06441717791411043 0.03125
0 0.5797546012269938 0.271875 0.0736196319018405 0.034375
0 0.8006134969325154 0.353125 0.1901840490797546 0.0546875
0 0.2791411042944785 0.4109375 0.13803680981595093 0.034375
0 0.5398773006134969 0.05625 0.36809815950920244 0.1125
0 0.8680981595092024 0.0703125 0.13190184049079753 0.0625
0 0.7361963190184049 0.2015625 0.0950920245398773 0.0296875
0 0.8404907975460123 0.1984375 0.06748466257668712 0.0515625
0 0.018404907975460124 0.5359375 0.03374233128834356 0.0375
0 0.04294478527607362 0.4859375 0.08282208588957055 0.040625
0 0.2116564417177914 0.459375 0.10122699386503067 0.05
0 0.18404907975460122 0.996875 0.11349693251533742 0.00625
0 0.4386503067484663 0.93125 0.08588957055214724 0.0203125
0 0.38650306748466257 0.9859375 0.12576687116564417 0.0265625