0 0.7138157894736842 0.0484375 0.3125 0.0828125
0 0.7105263157894737 0.2 0.15460526315789475 0.09375
0 0.6151315789473685 0.3671875 0.24342105263157895 0.103125
0 0.506578947368421 0.4953125 0.4473684210526316 0.1625
0 0.7697368421052632 0.59375 0.28618421052631576 0.0859375
0 0.9177631578947368 0.4890625 0.1611842105263158 0.109375
0 0.9638157894736842 0.834375 0.06907894736842106 0.096875
0 0.6414473684210527 0.7890625 0.34210526315789475 0.0796875
0 0.4506578947368421 0.9328125 0.41118421052631576 0.1
0 0.9013157894736842 0.9578125 0.19407894736842105 0.084375
0 0.10526315789473684 0.5984375 0.1611842105263158 0.103125
0 0.3618421052631579 0.809375 0.2993421052631579 0.115625
0 0.35526315789473684 0.0203125 0.17434210526315788 0.0390625
0 0.34868421052631576 0.3734375 0.25 0.0390625
0 0.13815789473684212 0.8109375 0.125 0.1234375
0 0.5855263157894737 0.596875 0.19407894736842105 0.1515625
0 0.5131578947368421 0.7109375 0.21052631578947367 0.0828125
0 0.09868421052631579 0.978125 0.19407894736842105 0.040625
0 0.9539473684210527 0.3 0.09210526315789473 0.053125
0 0.5493421052631579 0.0984375 0.2236842105263158 0.0828125
0 0.3684210526315789 0.1953125 0.17434210526315788 0.0625
0 0.20723684210526316 0.4875 0.17434210526315788 0.0296875
0 0.8618421052631579 0.725 0.18421052631578946 0.1015625