0 0.168141592920354 0.04375 0.19174041297935104 0.0875
0 0.12094395280235988 0.3828125 0.20353982300884957 0.103125
0 0.775811209439528 0.54375 0.11799410029498525 0.096875
0 0.40412979351032446 0.278125 0.11504424778761062 0.046875
0 0.4690265486725664 0.3453125 0.13274336283185842 0.0421875
0 0.8053097345132744 0.0140625 0.07079646017699115 0.0265625
0 0.9085545722713865 0.0140625 0.07374631268436578 0.028125
0 0.696165191740413 0.0328125 0.09734513274336283 0.0484375
0 0.8613569321533924 0.0375 0.06784660766961652 0.0515625
0 0.9026548672566371 0.2484375 0.07669616519174041 0.04375
0 0.887905604719764 0.209375 0.05309734513274336 0.0296875
0 0.5811209439528023 0.30625 0.08259587020648967 0.0359375
0 0.5221238938053098 0.6609375 0.029498525073746312 0.0265625
0 0.2920353982300885 0.6234375 0.035398230088495575 0.0296875
0 0.5722713864306784 0.4078125 0.06784660766961652 0.0234375
0 0.0943952802359882 0.44375 0.10029498525073746 0.0484375
0 0.02064896755162242 0.475 0.04129793510324484 0.0234375
0 0.35988200589970504 0.153125 0.05309734513274336 0.0296875
0 0.23008849557522124 0.153125 0.029498525073746312 0.0203125
0 0.10324483775811209 0.15 0.058997050147492625 0.028125
0 0.15339233038348082 0.175 0.038348082595870206 0.021875
0 0.4778761061946903 0.1984375 0.05014749262536873 0.0140625
0 0.6637168141592921 0.1546875 0.038348082595870206 0.040625
0 0.7256637168141593 0.125 0.04129793510324484 0.0203125
0 0.5309734513274337 0.13125 0.017699115044247787 0.025
0 0.35398230088495575 0.0984375 0.0471976401179941 0.0234375
0 0.4896755162241888 0.053125 0.032448377581120944 0.0140625
0 0.6076696165191741 0.040625 0.038348082595870206 0.0390625
0 0.6224188790560472 0.06875 0.035398230088495575 0.028125
0 0.6991150442477876 0.0609375 0.0471976401179941 0.0171875
0 0.3008849557522124 0.25 0.058997050147492625 0.0203125
0 0.35103244837758113 0.234375 0.0471976401179941 0.01875
0 0.02064896755162242 0.29375 0.02359882005899705 0.021875
0 0.011799410029498525 0.23125 0.02359882005899705 0.021875
0 0.029498525073746312 0.2140625 0.058997050147492625 0.0390625
0 0.11209439528023599 0.21875 0.04129793510324484 0.01875
0 0.10324483775811209 0.51875 0.07374631268436578 0.034375
0 0.19469026548672566 0.515625 0.017699115044247787 0.0265625
0 0.8967551622418879 0.625 0.07079646017699115 0.021875
0 0.8731563421828908 0.75 0.12094395280235988 0.021875
0 0.7433628318584071 0.7609375 0.061946902654867256 0.040625
0 0.09734513274336283 0.9890625 0.02654867256637168 0.0203125
0 0.1415929203539823 0.98125 0.09144542772861357 0.0375
0 0.3392330383480826 0.9953125 0.08259587020648967 0.0078125