0 0.13274336283185842 0.146875 0.09734513274336283 0.0359375
0 0.9616519174041298 0.0296875 0.07669616519174041 0.0375
0 0.5398230088495575 0.33125 0.15634218289085547 0.090625
0 0.44837758112094395 0.5625 0.10914454277286136 0.0671875
0 0.4690265486725664 0.7359375 0.13274336283185842 0.1046875
0 0.3687315634218289 0.8640625 0.13274336283185842 0.15625
0 0.035398230088495575 0.90625 0.06784660766961652 0.0296875
0 0.584070796460177 0.5671875 0.12094395280235988 0.05
0 0.8672566371681416 0.884375 0.168141592920354 0.1078125
0 0.8171091445427728 0.28125 0.08259587020648967 0.059375
0 0.9498525073746312 0.4484375 0.0943952802359882 0.0546875
0 0.7581120943952803 0.4921875 0.40412979351032446 0.4328125
0 0.011799410029498525 0.4265625 0.02359882005899705 0.040625
0 0.29793510324483774 0.24375 0.05604719764011799 0.0375
0 0.35693215339233036 0.275 0.038348082595870206 0.0203125
0 0.49262536873156343 0.034375 0.15339233038348082 0.0296875
0 0.2743362831858407 0.6125 0.0943952802359882 0.0671875
0 0.1504424778761062 0.7140625 0.168141592920354 0.05625
0 0.28023598820059 0.4453125 0.0855457227138643 0.05
0 0.9233038348082596 0.0640625 0.058997050147492625 0.040625
0 0.017699115044247787 0.7171875 0.035398230088495575 0.028125
0 0.07374631268436578 0.8484375 0.06784660766961652 0.0265625
0 0.2743362831858407 0.734375 0.05309734513274336 0.028125
0 0.02654867256637168 0.640625 0.05014749262536873 0.0375
0 0.22123893805309736 0.1265625 0.06489675516224189 0.0421875
0 0.49262536873156343 0.2109375 0.11504424778761062 0.05
0 0.0855457227138643 0.209375 0.13274336283185842 0.0546875
0 0.1415929203539823 0.25 0.11504424778761062 0.0265625
0 0.008849557522123894 0.34375 0.014749262536873156 0.040625
0 0.014749262536873156 0.9890625 0.02654867256637168 0.0203125
0 0.2831858407079646 0.99375 0.10914454277286136 0.0125
0 0.4631268436578171 0.990625 0.11799410029498525 0.0171875
0 0.672566371681416 0.9359375 0.029498525073746312 0.090625
0 0.5958702064896755 0.94375 0.13569321533923304 0.0640625
0 0.07964601769911504 0.5890625 0.08259587020648967 0.0296875
0 0.18289085545722714 0.5890625 0.029498525073746312 0.0625