0 0.8079268292682927 0.3109375 0.10365853658536585 0.05
0 0.2073170731707317 0.953125 0.10975609756097561 0.0640625
0 0.4451219512195122 0.7734375 0.06097560975609756 0.034375
0 0.3567073170731707 0.0828125 0.17378048780487804 0.06875
0 0.7835365853658537 0.8890625 0.039634146341463415 0.046875
0 0.4176829268292683 0.921875 0.039634146341463415 0.03125
0 0.12804878048780488 0.6625 0.12195121951219512 0.05625
0 0.01524390243902439 0.6265625 0.027439024390243903 0.0375
0 0.027439024390243903 0.55625 0.03048780487804878 0.01875
0 0.09146341463414634 0.5328125 0.08231707317073171 0.0328125
0 0.2926829268292683 0.421875 0.13109756097560976 0.03125
0 0.39634146341463417 0.20625 0.11585365853658537 0.040625
0 0.3567073170731707 0.24375 0.14329268292682926 0.0421875
0 0.32926829268292684 0.303125 0.125 0.05
0 0.8719512195121951 0.578125 0.18292682926829268 0.08125
0 0.6097560975609756 0.5 0.07317073170731707 0.0390625
0 0.7347560975609756 0.475 0.08231707317073171 0.0421875
0 0.2652439024390244 0.4796875 0.125 0.0421875