0 0.003067484662576687 0.3578125 0.006134969325153374 0.1015625
0 0.8404907975460123 0.821875 0.2852760736196319 0.221875
0 0.897239263803681 0.615625 0.20552147239263804 0.328125
0 0.38650306748466257 0.771875 0.1901840490797546 0.0828125
0 0.2361963190184049 0.7671875 0.13803680981595093 0.08125
0 0.6595092024539877 0.0578125 0.12269938650306748 0.04375
0 0.006134969325153374 0.1625 0.009202453987730062 0.05625
0 0.018404907975460124 0.2328125 0.03374233128834356 0.0421875
0 0.941717791411043 0.0234375 0.08588957055214724 0.046875
0 0.0705521472392638 0.7125 0.08282208588957055 0.05
0 0.0705521472392638 0.765625 0.11042944785276074 0.0625
0 0.09815950920245399 0.371875 0.08588957055214724 0.0390625
0 0.1656441717791411 0.4 0.08588957055214724 0.0515625
0 0.3098159509202454 0.4875 0.1165644171779141 0.1109375
0 0.4110429447852761 0.8765625 0.10429447852760736 0.053125
0 0.6196319018404908 0.903125 0.05521472392638037 0.03125
0 0.3159509202453988 0.9484375 0.11349693251533742 0.05
0 0.6595092024539877 0.959375 0.05828220858895705 0.0359375
0 0.34662576687116564 0.303125 0.08588957055214724 0.0296875
0 0.5950920245398773 0.4046875 0.06441717791411043 0.040625
0 0.009202453987730062 0.3921875 0.015337423312883436 0.040625
0 0.3895705521472393 0.05625 0.6134969325153374 0.1125
0 0.5184049079754601 0.11875 0.12576687116564417 0.0734375
0 0.8404907975460123 0.03125 0.05521472392638037 0.0484375
0 0.10736196319018405 0.553125 0.10736196319018405 0.075
0 0.15950920245398773 0.5953125 0.10429447852760736 0.05625
0 0.40797546012269936 0.5625 0.1441717791411043 0.1515625
0 0.22699386503067484 0.228125 0.10429447852760736 0.04375
0 0.17484662576687116 0.26875 0.13803680981595093 0.053125
0 0.18404907975460122 0.31875 0.09202453987730061 0.05
0 0.6411042944785276 0.2171875 0.08282208588957055 0.0546875
0 0.6932515337423313 0.2390625 0.027607361963190184 0.0390625
0 0.8343558282208589 0.2453125 0.046012269938650305 0.0421875
0 0.0705521472392638 0.9359375 0.0736196319018405 0.04375
0 0.5122699386503068 0.9703125 0.08588957055214724 0.0359375
0 0.5030674846625767 0.9015625 0.08588957055214724 0.040625
0 0.006134969325153374 0.8828125 0.009202453987730062 0.034375
0 0.13190184049079753 0.8515625 0.05214723926380368 0.028125
0 0.18098159509202455 0.8953125 0.07668711656441718 0.04375
0 0.2791411042944785 0.9859375 0.06748466257668712 0.028125
0 0.40797546012269936 0.975 0.15337423312883436 0.0484375