0 0.5920245398773006 0.9921875 0.12269938650306748 0.0140625
0 0.9309815950920245 0.87421875 0.13803680981595093 0.0453125
0 0.8251533742331288 0.990625 0.1901840490797546 0.01875
0 0.7361963190184049 0.9609375 0.17177914110429449 0.04375
0 0.7791411042944786 0.646875 0.17484662576687116 0.0859375
0 0.6196319018404908 0.2265625 0.22699386503067484 0.0703125
0 0.7730061349693251 0.3359375 0.1411042944785276 0.0796875
0 0.4570552147239264 0.465625 0.15030674846625766 0.065625
0 0.6656441717791411 0.4390625 0.13496932515337423 0.0625
0 0.4785276073619632 0.384375 0.07668711656441718 0.034375
0 0.5184049079754601 0.0234375 0.11349693251533742 0.046875
0 0.3588957055214724 0.0140625 0.09815950920245399 0.0265625
0 0.5337423312883436 0.1671875 0.10429447852760736 0.05625
0 0.3773006134969325 0.2015625 0.11042944785276074 0.0578125
0 0.44785276073619634 0.29375 0.12269938650306748 0.065625
0 0.17484662576687116 0.021875 0.12883435582822086 0.04375
0 0.15644171779141106 0.13125 0.0736196319018405 0.0484375
0 0.3834355828220859 0.0765625 0.12269938650306748 0.0703125
0 0.2822085889570552 0.115625 0.1196319018404908 0.0609375
0 0.22392638036809817 0.2234375 0.10429447852760736 0.04375
0 0.22699386503067484 0.3890625 0.27607361963190186 0.2265625
0 0.3343558282208589 0.3703125 0.08588957055214724 0.0421875
0 0.8742331288343558 0.1421875 0.0736196319018405 0.0265625
0 0.843558282208589 0.034375 0.10736196319018405 0.0671875
0 0.5337423312883436 0.6171875 0.15030674846625766 0.0796875
0 0.046012269938650305 0.609375 0.06748466257668712 0.0828125
0 0.13803680981595093 0.678125 0.08588957055214724 0.04375
0 0.1411042944785276 0.7859375 0.12576687116564417 0.0546875
0 0.1441717791411043 0.85 0.1196319018404908 0.0921875
0 0.13190184049079753 0.9265625 0.17484662576687116 0.08125
0 0.2791411042944785 0.7625 0.08588957055214724 0.0375
0 0.5674846625766872 0.8078125 0.0736196319018405 0.078125
0 0.5797546012269938 0.7421875 0.11042944785276074 0.0734375
0 0.6533742331288344 0.7453125 0.10429447852760736 0.08125
0 0.8128834355828221 0.8859375 0.08588957055214724 0.053125
0 0.5214723926380368 0.9234375 0.15644171779141106 0.0484375
0 0.39570552147239263 0.9546875 0.06748466257668712 0.040625
0 0.34049079754601225 0.9875 0.0736196319018405 0.025
0 0.2791411042944785 0.9953125 0.05214723926380368 0.009375
0 0.046012269938650305 0.996875 0.03374233128834356 0.0046875
0 0.17791411042944785 0.9859375 0.03374233128834356 0.028125
0 0.3098159509202454 0.8921875 0.09815950920245399 0.08125
0 0.5 0.896875 0.08588957055214724 0.065625
0 0.7147239263803681 0.875 0.147239263803681 0.0828125