0 0.2116564417177914 0.6 0.10429447852760736 0.05
0 0.5122699386503068 0.7328125 0.09815950920245399 0.046875
0 0.8343558282208589 0.18125 0.09815950920245399 0.075
0 0.6595092024539877 0.35 0.05214723926380368 0.071875
0 0.10429447852760736 0.8671875 0.13496932515337423 0.071875
0 0.5766871165644172 0.4546875 0.06441717791411043 0.0390625
0 0.03067484662576687 0.0609375 0.06134969325153374 0.0453125
0 0.25153374233128833 0.128125 0.08282208588957055 0.0453125
0 0.2392638036809816 0.25 0.0950920245398773 0.021875
0 0.4049079754601227 0.2671875 0.0736196319018405 0.0453125
0 0.5337423312883436 0.26875 0.046012269938650305 0.040625
0 0.7147239263803681 0.553125 0.08895705521472393 0.0453125
0 0.7883435582822086 0.603125 0.06134969325153374 0.0296875
0 0.8680981595092024 0.565625 0.05828220858895705 0.0375
0 0.9355828220858896 0.5875 0.05828220858895705 0.0296875
0 0.5797546012269938 0.8953125 0.08282208588957055 0.0421875
0 0.647239263803681 0.865625 0.10122699386503067 0.0453125
0 0.6687116564417178 0.0234375 0.147239263803681 0.0453125
0 0.9708588957055214 0.82578125 0.05828220858895705 0.0453125