0 0.5914634146341463 0.9890625 0.11890243902439024 0.021875
0 0.9237804878048781 0.871875 0.1524390243902439 0.04375
0 0.8140243902439024 0.9859375 0.1798780487804878 0.028125
0 0.7286585365853658 0.953125 0.16463414634146342 0.0421875
0 0.7682926829268293 0.65 0.1676829268292683 0.0828125
0 0.6158536585365854 0.2453125 0.21951219512195122 0.06875
0 0.7621951219512195 0.3515625 0.13719512195121952 0.078125
0 0.4603658536585366 0.475 0.14329268292682926 0.0640625
0 0.6585365853658537 0.45 0.12804878048780488 0.0609375
0 0.4817073170731707 0.3984375 0.07317073170731707 0.034375
0 0.5182926829268293 0.0421875 0.10975609756097561 0.0625
0 0.36585365853658536 0.0265625 0.09451219512195122 0.0515625
0 0.5365853658536586 0.1875 0.10060975609756098 0.0546875
0 0.38414634146341464 0.221875 0.10670731707317073 0.05625
0 0.45426829268292684 0.309375 0.11890243902439024 0.0640625
0 0.03353658536585366 0.00625 0.06707317073170732 0.0125
0 0.09146341463414634 0.0078125 0.10365853658536585 0.0140625
0 0.18902439024390244 0.0453125 0.125 0.05
0 0.17378048780487804 0.153125 0.0701219512195122 0.046875
0 0.3902439024390244 0.1 0.11585365853658537 0.06875
0 0.2926829268292683 0.1390625 0.11280487804878049 0.0578125
0 0.23780487804878048 0.2421875 0.10060975609756098 0.0421875
0 0.24085365853658536 0.4015625 0.2621951219512195 0.21875
0 0.34146341463414637 0.384375 0.08231707317073171 0.040625
0 0.9908536585365854 0.1609375 0.018292682926829267 0.040625
0 0.8597560975609756 0.1640625 0.0701219512195122 0.0265625
0 0.8292682926829268 0.059375 0.10365853658536585 0.0640625
0 0.5335365853658537 0.621875 0.14329268292682926 0.078125
0 0.06707317073170732 0.6140625 0.06402439024390244 0.0796875
0 0.1524390243902439 0.68125 0.08231707317073171 0.0421875
0 0.15853658536585366 0.784375 0.12195121951219512 0.053125
0 0.16158536585365854 0.846875 0.11280487804878049 0.0890625
0 0.14939024390243902 0.9203125 0.16463414634146342 0.078125
0 0.2896341463414634 0.7625 0.08231707317073171 0.0359375
0 0.5670731707317073 0.80625 0.0701219512195122 0.075
0 0.5762195121951219 0.7421875 0.10670731707317073 0.0703125
0 0.649390243902439 0.7453125 0.0975609756097561 0.078125
0 0.801829268292683 0.88125 0.08231707317073171 0.0515625
0 0.5213414634146342 0.9171875 0.1524390243902439 0.046875
0 0.4024390243902439 0.946875 0.06402439024390244 0.0390625
0 0.35060975609756095 0.9828125 0.0701219512195122 0.028125
0 0.2926829268292683 0.990625 0.051829268292682924 0.01875
0 0.06707317073170732 0.9921875 0.03048780487804878 0.0140625
0 0.19207317073170732 0.98125 0.03353658536585366 0.0359375
0 0.3201219512195122 0.8875 0.09451219512195122 0.078125
0 0.5 0.8921875 0.08231707317073171 0.0640625
0 0.7073170731707317 0.871875 0.1402439024390244 0.0796875