0 0.5398773006134969 0.74375 0.1196319018404908 0.025
0 0.8098159509202454 0.6171875 0.17177914110429449 0.065625
0 0.5521472392638037 0.88125 0.13496932515337423 0.0421875
0 0.8343558282208589 0.8515625 0.09815950920245399 0.053125
0 0.29141104294478526 0.90625 0.08588957055214724 0.05
0 0.4815950920245399 0.7140625 0.09815950920245399 0.05
0 0.41411042944785276 0.653125 0.0705521472392638 0.028125
0 0.10122699386503067 0.04375 0.20245398773006135 0.0875
0 0.7975460122699386 0.25 0.13496932515337423 0.0484375
0 0.9294478527607362 0.0296875 0.1196319018404908 0.0578125
0 0.6134969325153374 0.0109375 0.06441717791411043 0.021875
0 0.3282208588957055 0.0515625 0.08282208588957055 0.0328125
0 0.696319018404908 0.13125 0.11042944785276074 0.0375
0 0.9171779141104295 0.3046875 0.049079754601226995 0.025
0 0.18098159509202455 0.4078125 0.08588957055214724 0.040625
0 0.18404907975460122 0.2359375 0.06441717791411043 0.04375
0 0.147239263803681 0.3078125 0.12883435582822086 0.0421875
0 0.6840490797546013 0.00625 0.06441717791411043 0.0125
0 0.5797546012269938 0.0421875 0.11349693251533742 0.0328125
0 0.4723926380368098 0.0984375 0.0705521472392638 0.0265625
0 0.5705521472392638 0.3984375 0.08282208588957055 0.0390625
0 0.6656441717791411 0.2859375 0.08588957055214724 0.0328125
0 0.43558282208588955 0.2328125 0.08282208588957055 0.0265625
0 0.549079754601227 0.23125 0.04294478527607362 0.0296875
0 0.35276073619631904 0.3015625 0.09815950920245399 0.0359375
0 0.3343558282208589 0.3359375 0.11349693251533742 0.0265625
0 0.3895705521472393 0.3703125 0.11042944785276074 0.009375
0 0.48773006134969327 0.3515625 0.0736196319018405 0.0265625
0 0.5337423312883436 0.334375 0.046012269938650305 0.0265625
0 0.99079754601227 0.1078125 0.018404907975460124 0.0140625
0 0.9846625766871165 0.1484375 0.03067484662576687 0.0140625
0 0.8680981595092024 0.1734375 0.05521472392638037 0.0234375
0 0.7944785276073619 0.209375 0.05214723926380368 0.0140625
0 0.9601226993865031 0.209375 0.03987730061349693 0.015625
0 0.9861963190184049 0.18828125 0.027607361963190184 0.0265625
0 0.9739263803680982 0.23515625 0.05214723926380368 0.0234375
0 0.911042944785276 0.2765625 0.03680981595092025 0.021875
0 0.6871165644171779 0.3375 0.03374233128834356 0.0140625
0 0.4570552147239264 0.45625 0.046012269938650305 0.0203125
0 0.5368098159509203 0.446875 0.049079754601226995 0.0171875
0 0.8220858895705522 0.434375 0.06441717791411043 0.01875
0 0.8282208588957055 0.4546875 0.03374233128834356 0.021875
0 0.7116564417177914 0.3703125 0.03067484662576687 0.0125
0 0.6717791411042945 0.39375 0.024539877300613498 0.01875
0 0.8282208588957055 0.3296875 0.03987730061349693 0.01875
0 0.8251533742331288 0.715625 0.07975460122699386 0.0265625
0 0.7576687116564417 0.759375 0.049079754601226995 0.0359375
0 0.9861963190184049 0.759375 0.027607361963190184 0.03125
0 0.9386503067484663 0.8390625 0.07668711656441718 0.0796875
0 0.18711656441717792 0.1171875 0.15337423312883436 0.0546875
0 0.48466257668711654 0.1859375 0.12576687116564417 0.05625
0 0.2361963190184049 0.4890625 0.12883435582822086 0.0625
0 0.18711656441717792 0.609375 0.09815950920245399 0.0375
0 0.2607361963190184 0.6171875 0.06748466257668712 0.046875
0 0.2392638036809816 0.6546875 0.147239263803681 0.0359375
0 0.6871165644171779 0.9546875 0.10122699386503067 0.0359375
0 0.9263803680981595 0.9359375 0.09815950920245399 0.0765625
0 0.36809815950920244 0.9765625 0.08588957055214724 0.046875
0 0.10122699386503067 0.8015625 0.12883435582822086 0.071875
0 0.13803680981595093 0.890625 0.08282208588957055 0.046875