0 0.618421052631579 0.425 0.16447368421052633 0.0875
0 0.0625 0.375 0.12171052631578948 0.065625
0 0.5328947368421053 0.01875 0.16447368421052633 0.0375
0 0.7927631578947368 0.134375 0.13486842105263158 0.0625
0 0.6513157894736842 0.5875 0.4901315789473684 0.1859375
0 0.006578947368421052 0.8546875 0.009868421052631578 0.2671875
0 0.4473684210526316 0.9890625 0.4769736842105263 0.0203125
0 0.22039473684210525 0.79375 0.20723684210526316 0.071875
0 0.18421052631578946 0.909375 0.1875 0.109375
0 0.5131578947368421 0.3765625 0.27631578947368424 0.0546875
0 0.03289473684210526 0.1515625 0.06578947368421052 0.0640625
0 0.3651315789473684 0.015625 0.10526315789473684 0.0296875
0 0.9078947368421053 0.05 0.07236842105263158 0.0515625
0 0.40131578947368424 0.2640625 0.0625 0.065625
0 0.4243421052631579 0.1859375 0.08881578947368421 0.0390625
0 0.3059210526315789 0.0859375 0.08881578947368421 0.0328125
0 0.4375 0.10625 0.09210526315789473 0.06875
0 0.6513157894736842 0.2671875 0.046052631578947366 0.034375
0 0.7828947368421053 0.240625 0.09210526315789473 0.0703125
0 0.17105263157894737 0.1484375 0.10197368421052631 0.0359375
0 0.17434210526315788 0.5765625 0.06907894736842106 0.0484375
0 0.05592105263157895 0.7203125 0.05921052631578947 0.0421875
0 0.1513157894736842 0.7125 0.08223684210526316 0.04375
0 0.29276315789473684 0.6875 0.05921052631578947 0.046875
0 0.7269736842105263 0.7625 0.13815789473684212 0.0390625
0 0.8881578947368421 0.7234375 0.08223684210526316 0.046875
0 0.8388157894736842 0.8234375 0.2138157894736842 0.1015625
0 0.6085526315789473 0.8296875 0.08223684210526316 0.0375
0 0.694078947368421 0.809375 0.08223684210526316 0.0546875
0 0.6118421052631579 0.76875 0.06907894736842106 0.034375
0 0.5657894736842105 0.740625 0.06907894736842106 0.0328125
0 0.03618421052631579 0.9984375 0.06907894736842106 0.0015625