0 0.9703947368421053 0.2453125 0.05592105263157895 0.1171875
0 0.881578947368421 0.2171875 0.19078947368421054 0.0875
0 0.7203947368421053 0.334375 0.17434210526315788 0.0625
0 0.48026315789473684 0.4609375 0.1875 0.090625
0 0.8585526315789473 0.4 0.1513157894736842 0.0546875
0 0.6447368421052632 0.215625 0.1875 0.078125
0 0.4144736842105263 0.2765625 0.24013157894736842 0.0890625
0 0.805921052631579 0.975 0.3881578947368421 0.05
0 0.8552631578947368 0.85625 0.07236842105263158 0.05
0 0.9144736842105263 0.6828125 0.12171052631578948 0.0515625
0 0.631578947368421 0.684375 0.08552631578947369 0.04375
0 0.4605263157894737 0.740625 0.1118421052631579 0.0515625
0 0.6052631578947368 0.10625 0.16447368421052633 0.0828125
0 0.7960526315789473 0.0609375 0.13157894736842105 0.05
0 0.26644736842105265 0.4390625 0.10197368421052631 0.0359375
0 0.04276315789473684 0.4515625 0.08223684210526316 0.0515625
0 0.07236842105263158 0.5796875 0.10526315789473684 0.0828125
0 0.23355263157894737 0.5515625 0.10197368421052631 0.0671875
0 0.1611842105263158 0.61875 0.05592105263157895 0.0671875
0 0.9638157894736842 0.61875 0.07236842105263158 0.0578125
0 0.875 0.778125 0.11513157894736842 0.0546875
0 0.7335526315789473 0.8625 0.14144736842105263 0.065625
0 0.34868421052631576 0.8078125 0.08881578947368421 0.0546875
0 0.3782894736842105 0.85625 0.09539473684210527 0.0515625
0 0.46710526315789475 0.7921875 0.06907894736842106 0.0515625
0 0.7105263157894737 0.721875 0.0756578947368421 0.034375
0 0.9769736842105263 0.7796875 0.046052631578947366 0.04375
0 0.9835526315789473 0.8296875 0.03289473684210526 0.059375
0 0.1611842105263158 0.25 0.05592105263157895 0.04375
0 0.23355263157894737 0.1953125 0.10197368421052631 0.0375
0 0.41118421052631576 0.1984375 0.13157894736842105 0.0625
0 0.05263157894736842 0.25 0.07236842105263158 0.0484375
0 0.0756578947368421 0.3015625 0.1513157894736842 0.078125
0 0.47039473684210525 0.009375 0.09868421052631579 0.01875
0 0.07894736842105263 0.0171875 0.06907894736842106 0.034375
0 0.5953947368421053 0.0046875 0.10197368421052631 0.0078125
0 0.8322368421052632 0.540625 0.14802631578947367 0.065625
0 0.6513157894736842 0.4640625 0.05263157894736842 0.0828125
0 0.6973684210526315 0.4640625 0.09210526315789473 0.0359375
0 0.9736842105263158 0.3703125 0.049342105263157895 0.0421875
0 0.9638157894736842 0.43125 0.06907894736842106 0.0484375
0 0.9967105263157895 0.1859375 0.006578947368421052 0.034375
0 0.34868421052631576 0.0234375 0.12171052631578948 0.03125
0 0.27631578947368424 0.13125 0.08223684210526316 0.0453125
0 0.06578947368421052 0.1109375 0.05592105263157895 0.0453125
0 0.17105263157894737 0.1046875 0.07236842105263158 0.028125
0 0.1118421052631579 0.165625 0.04276315789473684 0.0234375
0 0.1875 0.0125 0.049342105263157895 0.0234375
0 0.9769736842105263 0.0859375 0.04276315789473684 0.0328125
0 0.9013157894736842 0.1265625 0.15460526315789475 0.034375
0 0.09210526315789473 0.8890625 0.09539473684210527 0.05
0 0.41776315789473684 0.9921875 0.125 0.0140625
0 0.11513157894736842 0.8328125 0.13815789473684212 0.0828125
0 0.3092105263157895 0.703125 0.16776315789473684 0.0515625
0 0.05263157894736842 0.984375 0.10197368421052631 0.0296875