0 0.7370030581039755 0.059375 0.25688073394495414 0.1171875
0 0.581039755351682 0.3296875 0.25688073394495414 0.1109375
0 0.5749235474006116 0.18125 0.11926605504587157 0.0375
0 0.5015290519877675 0.25 0.10703363914373089 0.040625
0 0.9418960244648318 0.4375 0.07951070336391437 0.0375
0 0.8868501529051988 0.63125 0.13761467889908258 0.0640625
0 0.045871559633027525 0.6140625 0.09174311926605505 0.078125
0 0.10091743119266056 0.74375 0.19877675840978593 0.1625
0 0.05504587155963303 0.8765625 0.11009174311926606 0.0703125
0 0.12538226299694188 0.934375 0.13761467889908258 0.0578125
0 0.308868501529052 0.8828125 0.11009174311926606 0.0640625
0 0.2599388379204893 0.934375 0.11314984709480122 0.0453125
0 0.7155963302752294 0.409375 0.07339449541284404 0.034375
0 0.6605504587155964 0.49375 0.1345565749235474 0.0359375
0 0.6880733944954128 0.5484375 0.1437308868501529 0.065625
0 0.8960244648318043 0.5359375 0.1162079510703364 0.04375
0 0.7614678899082569 0.5046875 0.10091743119266056 0.04375
0 0.8899082568807339 0.74375 0.1651376146788991 0.078125
0 0.5963302752293578 0.915625 0.12232415902140673 0.0953125
0 0.3547400611620795 0.9890625 0.07339449541284404 0.0203125
0 0.47706422018348627 0.9703125 0.045871559633027525 0.0234375
0 0.7308868501529052 0.671875 0.14678899082568808 0.0703125
0 0.6452599388379205 0.7796875 0.12232415902140673 0.05
0 0.5168195718654435 0.790625 0.08868501529051988 0.0359375
0 0.6269113149847095 0.825 0.09785932721712538 0.046875
0 0.1345565749235474 0.1546875 0.2691131498470948 0.1828125
0 0.41284403669724773 0.1859375 0.0581039755351682 0.0234375
0 0.8562691131498471 0.321875 0.0672782874617737 0.040625
0 0.7155963302752294 0.9921875 0.0856269113149847 0.0140625
0 0.8990825688073395 0.0109375 0.05504587155963303 0.0203125
0 0.9617737003058104 0.0234375 0.0764525993883792 0.040625
0 0.9954128440366973 0.05703125 0.009174311926605505 0.0546875
0 0.7675840978593272 0.2140625 0.0764525993883792 0.04375
0 0.8318042813455657 0.26875 0.05504587155963303 0.0265625
0 0.11314984709480122 0.3359375 0.10397553516819572 0.0421875
0 0.28134556574923547 0.2953125 0.07951070336391437 0.0609375
0 0.3761467889908257 0.3484375 0.06116207951070336 0.075
0 0.44648318042813456 0.3765625 0.07033639143730887 0.015625
0 0.4709480122324159 0.428125 0.04281345565749235 0.0359375
0 0.5382262996941896 0.45625 0.07033639143730887 0.0484375
0 0.3180428134556575 0.4765625 0.1345565749235474 0.05625
0 0.5504587155963303 0.6125 0.08256880733944955 0.0640625
0 0.4954128440366973 0.6984375 0.0764525993883792 0.05625
0 0.4801223241590214 0.7296875 0.12844036697247707 0.0703125
0 0.41896024464831805 0.821875 0.0581039755351682 0.0765625
0 0.29357798165137616 0.7390625 0.03058103975535168 0.0015625
0 0.3211009174311927 0.753125 0.0764525993883792 0.125
0 0.22324159021406728 0.53125 0.01529051987767584 0.03125
0 0.27217125382262997 0.5875 0.10091743119266056 0.0484375
0 0.24464831804281345 0.628125 0.10397553516819572 0.0703125
0 0.47706422018348627 0.625 0.045871559633027525 0.0546875
0 0.44954128440366975 0.58125 0.10397553516819572 0.08125
0 0.9327217125382263 0.728125 0.07951070336391437 0.0453125
0 0.8990825688073395 0.134375 0.0764525993883792 0.0296875
0 0.045871559633027525 0.00625 0.07033639143730887 0.0125
0 0.1620795107033639 0.0140625 0.10397553516819572 0.028125
0 0.926605504587156 0.9796875 0.11314984709480122 0.0390625
0 0.30275229357798167 0.99375 0.12844036697247707 0.0109375
0 0.9541284403669725 0.3921875 0.0581039755351682 0.021875