0 0.6269113149847095 0.7671875 0.1529051987767584 0.0578125
0 0.9984709480122325 0.3234375 0.0030581039755351682 0.075
0 0.8899082568807339 0.134375 0.09785932721712538 0.0640625
0 0.2599388379204893 0.1671875 0.1743119266055046 0.09375
0 0.14067278287461774 0.2015625 0.12844036697247707 0.06875
0 0.0581039755351682 0.0921875 0.1162079510703364 0.0625
0 0.15902140672782875 0.0703125 0.06116207951070336 0.05
0 0.3425076452599388 0.0671875 0.0672782874617737 0.0453125
0 0.25076452599388377 0.0203125 0.12232415902140673 0.040625
0 0.39755351681957185 0.01875 0.10091743119266056 0.0375
0 0.4984709480122324 0.0265625 0.07033639143730887 0.0515625
0 0.48623853211009177 0.0609375 0.10703363914373089 0.0640625
0 0.7155963302752294 0.0046875 0.07951070336391437 0.009375
0 0.07033639143730887 0.2953125 0.13761467889908258 0.1109375
0 0.22629969418960244 0.378125 0.11314984709480122 0.0765625
0 0.39755351681957185 0.275 0.13761467889908258 0.0703125
0 0.3516819571865443 0.3515625 0.15902140672782875 0.04375
0 0.14067278287461774 0.4125 0.14678899082568808 0.1078125
0 0.3119266055045872 0.4234375 0.10091743119266056 0.05
0 0.926605504587156 0.328125 0.13761467889908258 0.0453125
0 0.72782874617737 0.2015625 0.13761467889908258 0.0578125
0 0.6024464831804281 0.1484375 0.13761467889908258 0.053125
0 0.40978593272171254 0.1671875 0.0672782874617737 0.0484375
0 0.9831804281345565 0.11015625 0.03363914373088685 0.0640625
0 0.7553516819571865 0.6 0.10703363914373089 0.065625
0 0.5688073394495413 0.6 0.11926605504587157 0.0453125
0 0.25076452599388377 0.64375 0.12232415902140673 0.0453125
0 0.21712538226299694 0.5015625 0.09785932721712538 0.04375
0 0.2691131498470948 0.55625 0.13761467889908258 0.078125
0 0.36085626911314983 0.490625 0.0672782874617737 0.0484375
0 0.6880733944954128 0.49375 0.07951070336391437 0.0703125
0 0.012232415902140673 0.6046875 0.021406727828746176 0.0421875
0 0.012232415902140673 0.671875 0.024464831804281346 0.0609375
0 0.12538226299694188 0.5671875 0.0764525993883792 0.05
0 0.14984709480122324 0.6453125 0.0856269113149847 0.0375
0 0.5229357798165137 0.6796875 0.045871559633027525 0.0515625
0 0.9480122324159022 0.696875 0.0672782874617737 0.0453125
0 0.8165137614678899 0.6859375 0.07033639143730887 0.028125
0 0.26605504587155965 0.715625 0.07033639143730887 0.0578125
0 0.37920489296636084 0.69375 0.07951070336391437 0.0390625
0 0.11926605504587157 0.8296875 0.18654434250764526 0.1125
0 0.4709480122324159 0.78125 0.08256880733944955 0.053125
0 0.3363914373088685 0.8390625 0.09785932721712538 0.0296875
0 0.23853211009174313 0.9390625 0.11009174311926606 0.065625
0 0.14067278287461774 0.9890625 0.13761467889908258 0.0203125
0 0.5137614678899083 0.8578125 0.07951070336391437 0.08125
0 0.7767584097859327 0.925 0.09785932721712538 0.0484375
0 0.5504587155963303 0.946875 0.0764525993883792 0.0609375
0 0.636085626911315 0.98125 0.04892966360856269 0.028125
0 0.7339449541284404 0.9703125 0.05504587155963303 0.0515625
0 0.5535168195718655 0.9921875 0.0672782874617737 0.0140625