0 0.4088235294117647 0.603125 0.16470588235294117 0.0796875
0 0.12941176470588237 0.9734375 0.1264705882352941 0.0515625
0 0.08235294117647059 0.8203125 0.16470588235294117 0.0890625
0 0.7705882352941177 0.046875 0.05 0.0265625
0 0.8205882352941176 0.1671875 0.1323529411764706 0.0625
0 0.15294117647058825 0.509375 0.19117647058823528 0.059375
0 0.17647058823529413 0.0859375 0.06470588235294118 0.0515625
0 0.10588235294117647 0.1640625 0.061764705882352944 0.0265625
0 0.22058823529411764 0.328125 0.11470588235294117 0.0515625
0 0.2529411764705882 0.265625 0.05588235294117647 0.0265625
0 0.5058823529411764 0.215625 0.047058823529411764 0.0359375
0 0.5823529411764706 0.2765625 0.06764705882352941 0.0296875
0 0.5470588235294118 0.3875 0.07647058823529412 0.04375
0 0.5058823529411764 0.4265625 0.058823529411764705 0.040625
0 0.6147058823529412 0.1859375 0.07352941176470588 0.0296875
0 0.5205882352941177 0.128125 0.047058823529411764 0.03125
0 0.38823529411764707 0.1890625 0.08235294117647059 0.0453125
0 0.8529411764705882 0.715625 0.03235294117647059 0.0171875
0 0.7147058823529412 0.64375 0.08235294117647059 0.0390625
0 0.8205882352941176 0.95 0.11764705882352941 0.0578125
0 0.4147058823529412 0.9234375 0.11470588235294117 0.0390625