0 0.23102310231023102 0.0125 0.46204620462046203 0.0234375
0 0.9752475247524752 0.69765625 0.04950495049504951 0.1859375
0 0.5148514851485149 0.4546875 0.3564356435643564 0.13125
0 0.9389438943894389 0.40390625 0.12211221122112212 0.0984375
0 0.9405940594059405 0.1015625 0.1188118811881188 0.10625
0 0.8811881188118812 0.8703125 0.13861386138613863 0.0671875
0 0.7293729372937293 0.19375 0.0924092409240924 0.0234375
0 0.8448844884488449 0.209375 0.07590759075907591 0.0265625
0 0.297029702970297 0.215625 0.15181518151815182 0.071875
0 0.5808580858085809 0.9875 0.09900990099009901 0.0234375
0 0.7887788778877888 0.7828125 0.0858085808580858 0.0546875
0 0.42244224422442245 0.7328125 0.0891089108910891 0.03125
0 0.44884488448844884 0.990625 0.11551155115511551 0.01875
0 0.19141914191419143 0.446875 0.1254125412541254 0.04375
0 0.009900990099009901 0.4 0.019801980198019802 0.04375
0 0.15181518151815182 0.375 0.07590759075907591 0.025
0 0.11221122112211221 0.3890625 0.0891089108910891 0.0375
0 0.1551155115511551 0.3015625 0.0462046204620462 0.025
0 0.26732673267326734 0.365625 0.0924092409240924 0.046875
0 0.21122112211221122 0.3484375 0.06930693069306931 0.0375
0 0.1551155115511551 0.346875 0.0462046204620462 0.021875
0 0.056105610561056105 0.3375 0.0429042904290429 0.028125
0 0.5412541254125413 0.1953125 0.12871287128712872 0.034375
0 0.44224422442244227 0.16875 0.15841584158415842 0.06875
0 0.801980198019802 0.128125 0.10231023102310231 0.0328125
0 0.6963696369636964 0.1421875 0.06930693069306931 0.0328125
0 0.8613861386138614 0.1703125 0.07260726072607261 0.028125
0 0.8283828382838284 0.1859375 0.06930693069306931 0.0265625
0 0.735973597359736 0.2125 0.0297029702970297 0.01875
0 0.7920792079207921 0.2578125 0.0627062706270627 0.0265625
0 0.8151815181518152 0.31875 0.09570957095709572 0.046875
0 0.8679867986798679 0.3359375 0.04950495049504951 0.025
0 0.6237623762376238 0.3578125 0.0891089108910891 0.0375
0 0.570957095709571 0.3859375 0.10231023102310231 0.04375
0 0.44884488448844884 0.3453125 0.1254125412541254 0.0625
0 0.9752475247524752 0.25546875 0.04950495049504951 0.0203125
0 0.8976897689768977 0.2578125 0.0858085808580858 0.034375
0 0.8877887788778878 0.2859375 0.0924092409240924 0.0359375
0 0.9636963696369637 0.309375 0.0429042904290429 0.0265625
0 0.066006600660066 0.1453125 0.09900990099009901 0.0453125
0 0.056105610561056105 0.23125 0.066006600660066 0.0328125
0 0.5379537953795379 0.0578125 0.07920792079207921 0.0390625
0 0.66996699669967 0.06875 0.10231023102310231 0.05
0 0.693069306930693 0.021875 0.0858085808580858 0.034375
0 0.7722772277227723 0.0328125 0.1419141914191419 0.0640625
0 0.8943894389438944 0.0140625 0.07920792079207921 0.0265625
0 0.8448844884488449 0.0984375 0.052805280528052806 0.0234375
0 0.9207920792079208 0.1015625 0.0627062706270627 0.0265625
0 0.9801980198019802 0.4828125 0.039603960396039604 0.0265625
0 0.9141914191419142 0.5171875 0.08250825082508251 0.0296875
0 0.9686468646864687 0.56953125 0.0627062706270627 0.0296875
0 0.9917491749174917 0.5125 0.0165016501650165 0.021875
0 0.5841584158415841 0.6484375 0.0627062706270627 0.0390625
0 0.2739273927392739 0.534375 0.1419141914191419 0.0640625
0 0.132013201320132 0.5796875 0.08250825082508251 0.0390625
0 0.0429042904290429 0.6046875 0.08250825082508251 0.0390625
0 0.1419141914191419 0.6328125 0.1188118811881188 0.078125
0 0.056105610561056105 0.5078125 0.11221122112211221 0.0578125
0 0.0429042904290429 0.45625 0.08250825082508251 0.021875
0 0.17491749174917492 0.8984375 0.1419141914191419 0.0875
0 0.11551155115511551 0.953125 0.08250825082508251 0.046875
0 0.056105610561056105 0.9890625 0.08250825082508251 0.021875