0 0.36470588235294116 0.015625 0.15588235294117647 0.03125
0 0.8941176470588236 0.240625 0.05 0.025
0 0.55 0.875 0.11764705882352941 0.0359375
0 0.36764705882352944 0.8921875 0.14705882352941177 0.0359375
0 0.7735294117647059 0.153125 0.09411764705882353 0.0625
0 0.9147058823529411 0.2015625 0.07941176470588235 0.0421875
0 0.14411764705882352 0.165625 0.09411764705882353 0.0796875
0 0.9823529411764705 0.2484375 0.03529411764705882 0.028125
0 0.7617647058823529 0.484375 0.041176470588235294 0.04375
0 0.6941176470588235 0.48125 0.06764705882352941 0.05
0 0.26176470588235295 0.21875 0.11176470588235295 0.0359375
0 0.4470588235294118 0.16875 0.1264705882352941 0.0453125
0 0.24705882352941178 0.065625 0.06470588235294118 0.03125
0 0.052941176470588235 0.0609375 0.058823529411764705 0.0265625
0 0.16470588235294117 0.0875 0.06764705882352941 0.04375
0 0.5705882352941176 0.0703125 0.1 0.05
0 0.8705882352941177 0.021875 0.08235294117647059 0.0296875
0 0.975 0.01171875 0.05 0.0234375
0 0.788235294117647 0.5375 0.06764705882352941 0.028125
0 0.7676470588235295 0.66875 0.08529411764705883 0.0484375
0 0.9294117647058824 0.640625 0.12352941176470589 0.0484375
0 0.4852941176470588 0.4609375 0.05 0.0421875
0 0.4294117647058823 0.45625 0.047058823529411764 0.046875
0 0.08823529411764706 0.484375 0.05 0.0421875
0 0.18823529411764706 0.85 0.08529411764705883 0.0375
0 0.11176470588235295 0.95625 0.06764705882352941 0.0375
0 0.4823529411764706 0.8125 0.09705882352941177 0.0515625