0 0.0058997050147492625 0.540625 0.008849557522123894 0.025
0 0.16519174041297935 0.90625 0.07669616519174041 0.0484375
0 0.2890855457227139 0.9875 0.06784660766961652 0.025
0 0.35398230088495575 0.9296875 0.0855457227138643 0.04375
0 0.3834808259587021 0.35625 0.08849557522123894 0.0546875
0 0.13864306784660768 0.4828125 0.11209439528023599 0.046875
0 0.9262536873156342 0.1890625 0.06489675516224189 0.0375
0 0.7846607669616519 0.2296875 0.12389380530973451 0.028125
0 0.6843657817109144 0.1234375 0.07374631268436578 0.0296875
0 0.40412979351032446 0.121875 0.11209439528023599 0.0609375
0 0.10619469026548672 0.0375 0.06489675516224189 0.040625
0 0.7286135693215339 0.9375 0.05604719764011799 0.021875
0 0.9616519174041298 0.95625 0.06489675516224189 0.021875
0 0.8082595870206489 0.5109375 0.07374631268436578 0.0296875
0 0.8112094395280236 0.5921875 0.04129793510324484 0.0359375
0 0.4808259587020649 0.4484375 0.04129793510324484 0.0296875
0 0.5752212389380531 0.00625 0.0943952802359882 0.0125
0 0.2713864306784661 0.3265625 0.1710914454277286 0.0328125
0 0.11504424778761062 0.8515625 0.08259587020648967 0.01875
0 0.6106194690265486 0.925 0.07669616519174041 0.0296875
0 0.5309734513274337 0.9953125 0.08849557522123894 0.009375
0 0.9498525073746312 0.753125 0.06489675516224189 0.0453125
0 0.9837758112094396 0.67265625 0.032448377581120944 0.0609375
0 0.9233038348082596 0.446875 0.0943952802359882 0.05