0 0.25 0.0328125 0.4407894736842105 0.0640625
0 0.2565789473684211 0.271875 0.27960526315789475 0.09375
0 0.9111842105263158 0.190625 0.17763157894736842 0.09375
0 0.6052631578947368 0.50625 0.35526315789473684 0.1375
0 0.930921052631579 0.73125 0.13815789473684212 0.1609375
0 0.8618421052631579 0.875 0.19078947368421054 0.08125
0 0.20723684210526316 0.471875 0.10197368421052631 0.0578125
0 0.3190789473684211 0.534375 0.0756578947368421 0.046875
0 0.04276315789473684 0.4359375 0.07236842105263158 0.0375
0 0.5625 0.4234375 0.14473684210526316 0.0390625
0 0.6348684210526315 0.38125 0.07236842105263158 0.04375
0 0.9177631578947368 0.4453125 0.10197368421052631 0.0578125
0 0.9950657894736842 0.3609375 0.009868421052631578 0.0625
0 0.9572368421052632 0.534375 0.08223684210526316 0.034375
0 0.6677631578947368 0.74375 0.15460526315789475 0.0625
0 0.13486842105263158 0.6234375 0.13815789473684212 0.078125
0 0.47039473684210525 0.984375 0.09868421052631579 0.0296875
0 0.07894736842105263 0.990625 0.06907894736842106 0.01875
0 0.5953947368421053 0.990625 0.10197368421052631 0.01875
0 0.19736842105263158 0.8953125 0.05263157894736842 0.0375
0 0.45394736842105265 0.6578125 0.125 0.0390625
0 0.5657894736842105 0.6875 0.09539473684210527 0.0375
0 0.9342105263157895 0.5875 0.046052631578947366 0.046875
0 0.25 0.709375 0.09210526315789473 0.0390625
0 0.4243421052631579 0.7375 0.05263157894736842 0.0375
0 0.09868421052631579 0.5375 0.11513157894736842 0.04375
0 0.7105263157894737 0.165625 0.11842105263157894 0.025
0 0.7631578947368421 0.2765625 0.08223684210526316 0.05
0 0.9243421052631579 0.29375 0.08881578947368421 0.0578125
0 0.5625 0.003125 0.12171052631578948 0.0046875
0 0.7467105263157895 0.05625 0.1118421052631579 0.078125
0 0.5 0.20625 0.10526315789473684 0.078125