0 0.8141592920353983 0.9640625 0.12389380530973451 0.0453125
0 0.2920353982300885 0.6046875 0.07964601769911504 0.04375
0 0.9867256637168141 0.490625 0.02654867256637168 0.059375
0 0.9542772861356932 0.3859375 0.09144542772861357 0.0625
0 0.8761061946902655 0.5765625 0.10619469026548672 0.053125
0 0.9174041297935103 0.6703125 0.06489675516224189 0.059375
0 0.831858407079646 0.7203125 0.13274336283185842 0.071875
0 0.5368731563421829 0.565625 0.1415929203539823 0.0625
0 0.061946902654867256 0.5546875 0.05604719764011799 0.034375
0 0.032448377581120944 0.6 0.06489675516224189 0.0390625
0 0.1887905604719764 0.6546875 0.11799410029498525 0.0359375