0 0.9572271386430679 0.809375 0.0855457227138643 0.090625
0 0.6991150442477876 0.984375 0.07079646017699115 0.03125
0 0.46017699115044247 0.984375 0.08259587020648967 0.0296875
0 0.9705014749262537 0.2578125 0.05604719764011799 0.0359375
0 0.8967551622418879 0.2484375 0.07374631268436578 0.0359375
0 0.36578171091445427 0.296875 0.07669616519174041 0.0578125
0 0.2153392330383481 0.428125 0.12979351032448377 0.0671875
0 0.1592920353982301 0.8703125 0.07669616519174041 0.0171875
0 0.471976401179941 0.9078125 0.08259587020648967 0.0484375
0 0.5014749262536873 0.225 0.06489675516224189 0.0390625
0 0.0855457227138643 0.003125 0.06489675516224189 0.00625
0 0.336283185840708 0.134375 0.08259587020648967 0.040625
0 0.9660766961651918 0.03359375 0.06784660766961652 0.0390625
0 0.1415929203539823 0.2453125 0.12979351032448377 0.0015625
0 0.995575221238938 0.2375 0.008849557522123894 0.06875
0 0.8731563421828908 0.140625 0.032448377581120944 0.028125
0 0.9911504424778761 0.09375 0.017699115044247787 0.0265625
0 0.11209439528023599 0.7875 0.12389380530973451 0.053125
0 0.1592920353982301 0.8375 0.07079646017699115 0.0375
0 0.3215339233038348 0.8609375 0.058997050147492625 0.034375
0 0.13864306784660768 0.7125 0.07079646017699115 0.05
0 0.22713864306784662 0.1390625 0.05604719764011799 0.0140625
0 0.20943952802359883 0.175 0.04424778761061947 0.028125
0 0.2182890855457227 0.271875 0.032448377581120944 0.025
0 0.10619469026548672 0.2921875 0.038348082595870206 0.025
0 0.9749262536873157 0.35078125 0.05014749262536873 0.0203125
0 0.8967551622418879 0.5859375 0.05014749262536873 0.03125
0 0.775811209439528 0.6875 0.02654867256637168 0.0296875
0 0.5014749262536873 0.3171875 0.0943952802359882 0.0609375
0 0.30678466076696165 0.7015625 0.17404129793510326 0.0453125
0 0.4896755162241888 0.428125 0.11504424778761062 0.0515625
0 0.5132743362831859 0.6359375 0.1887905604719764 0.1
0 0.56047197640118 0.4375 0.09144542772861357 0.071875
0 0.9380530973451328 0.6828125 0.11209439528023599 0.0171875
0 0.8200589970501475 0.7296875 0.05014749262536873 0.03125
0 0.8259587020648967 0.85625 0.07669616519174041 0.0421875
0 0.5191740412979351 0.846875 0.07669616519174041 0.034375