0 0.2730263157894737 0.4625 0.40460526315789475 0.2390625
0 0.8947368421052632 0.3953125 0.14473684210526316 0.075
0 0.6217105263157895 0.490625 0.14802631578947367 0.1
0 0.7532894736842105 0.565625 0.15460526315789475 0.084375
0 0.3815789473684211 0.6140625 0.2631578947368421 0.075
0 0.15460526315789475 0.9140625 0.3059210526315789 0.1546875
0 0.787828947368421 0.95625 0.4243421052631579 0.0875
0 0.8256578947368421 0.8 0.11513157894736842 0.0515625
0 0.20394736842105263 0.259375 0.22697368421052633 0.1609375
0 0.6151315789473685 0.365625 0.23684210526315788 0.1609375
0 0.3190789473684211 0.8046875 0.10526315789473684 0.05
0 0.5164473684210527 0.8578125 0.14473684210526316 0.0625
0 0.9851973684210527 0.534375 0.029605263157894735 0.0375
0 0.26973684210526316 0.0640625 0.14144736842105263 0.0546875
0 0.39144736842105265 0.0859375 0.05592105263157895 0.0453125
0 0.3355263157894737 0.121875 0.13157894736842105 0.0375
0 0.05921052631578947 0.0671875 0.05921052631578947 0.021875
0 0.27631578947368424 0.0171875 0.07236842105263158 0.0328125
0 0.555921052631579 0.028125 0.16447368421052633 0.0546875
0 0.8914473684210527 0.015625 0.08552631578947369 0.03125
0 0.7730263157894737 0.021875 0.11513157894736842 0.0421875
0 0.7072368421052632 0.0640625 0.05921052631578947 0.040625
0 0.7730263157894737 0.0890625 0.07236842105263158 0.0265625
0 0.7894736842105263 0.0421875 0.01644736842105263 0.0046875
0 0.8717105263157895 0.0390625 0.14473684210526316 0.0203125
0 0.12828947368421054 0.5953125 0.0625 0.025
0 0.08881578947368421 0.61875 0.05592105263157895 0.0203125
0 0.07236842105263158 0.7015625 0.046052631578947366 0.025
0 0.15460526315789475 0.715625 0.0625 0.0359375
0 0.21710526315789475 0.8046875 0.06907894736842106 0.0375
0 0.5032894736842105 0.7 0.07236842105263158 0.025
0 0.7401315789473685 0.675 0.09210526315789473 0.034375
0 0.6611842105263158 0.6375 0.0756578947368421 0.025
0 0.7532894736842105 0.6359375 0.049342105263157895 0.0234375
0 0.8881578947368421 0.6359375 0.07236842105263158 0.0421875
0 0.9605263157894737 0.66875 0.05263157894736842 0.03125
0 0.8717105263157895 0.721875 0.039473684210526314 0.034375
0 0.9572368421052632 0.75 0.05263157894736842 0.021875
0 0.05921052631578947 0.2796875 0.11513157894736842 0.0515625