0 0.17994100294985252 0.03125 0.35693215339233036 0.0609375
0 0.9896755162241888 0.82578125 0.02064896755162242 0.0359375
0 0.471976401179941 0.640625 0.19174041297935104 0.065625
0 0.40412979351032446 0.8875 0.10619469026548672 0.0875
0 0.2153392330383481 0.85 0.08259587020648967 0.0421875
0 0.415929203539823 0.7546875 0.09734513274336283 0.0625
0 0.7404129793510325 0.5765625 0.04424778761061947 0.059375
0 0.3392330383480826 0.99375 0.05014749262536873 0.0109375
0 0.25958702064896755 0.9734375 0.12979351032448377 0.053125
0 0.6578171091445427 0.678125 0.09734513274336283 0.053125
0 0.08849557522123894 0.765625 0.05604719764011799 0.034375
0 0.7817109144542773 0.8375 0.11504424778761062 0.0359375
0 0.8997050147492626 0.878125 0.08849557522123894 0.059375
0 0.6932153392330384 0.840625 0.0855457227138643 0.0671875
0 0.9808259587020649 0.99140625 0.038348082595870206 0.0140625
0 0.26253687315634217 0.6859375 0.12684365781710916 0.0546875