0 0.5412844036697247 0.5640625 0.3180428134556575 0.1515625
0 0.039755351681957186 0.4609375 0.07951070336391437 0.0703125
0 0.1345565749235474 0.8234375 0.11009174311926606 0.059375
0 0.9174311926605505 0.3375 0.08868501529051988 0.0578125
0 0.3516819571865443 0.2640625 0.07033639143730887 0.053125
0 0.2782874617737003 0.05 0.05504587155963303 0.028125
0 0.039755351681957186 0.1734375 0.07951070336391437 0.040625
0 0.2996941896024465 0.096875 0.07339449541284404 0.0375
0 0.3486238532110092 0.928125 0.06116207951070336 0.0296875
0 0.41896024464831805 0.8703125 0.0672782874617737 0.0375
0 0.9617737003058104 0.71328125 0.0764525993883792 0.0921875
0 0.7217125382262997 0.584375 0.13761467889908258 0.078125
0 0.027522935779816515 0.559375 0.05198776758409786 0.053125
0 0.09785932721712538 0.7296875 0.08256880733944955 0.0234375
0 0.09174311926605505 0.640625 0.05198776758409786 0.0390625
0 0.0030581039755351682 0.634375 0.0061162079510703364 0.059375
0 0.27217125382262997 0.6578125 0.05198776758409786 0.0375
0 0.2966360856269113 0.75 0.0672782874617737 0.0609375
0 0.2599388379204893 0.8484375 0.0856269113149847 0.06875
0 0.6880733944954128 0.9796875 0.1529051987767584 0.040625