0 0.40789473684210525 0.084375 0.3782894736842105 0.1671875
0 0.9013157894736842 0.1953125 0.19736842105263158 0.2203125
0 0.5328947368421053 0.9859375 0.2894736842105263 0.028125
0 0.16776315789473684 0.2671875 0.17434210526315788 0.0859375
0 0.15789473684210525 0.5609375 0.1118421052631579 0.065625
0 0.24013157894736842 0.625 0.14473684210526316 0.0515625
0 0.2993421052631579 0.7953125 0.08223684210526316 0.0421875
0 0.4769736842105263 0.7625 0.08881578947368421 0.0265625
0 0.05263157894736842 0.2828125 0.10197368421052631 0.0875
0 0.7828947368421053 0.521875 0.10197368421052631 0.0453125
0 0.023026315789473683 0.515625 0.04276315789473684 0.040625
0 0.05592105263157895 0.55625 0.05921052631578947 0.0296875
0 0.1875 0.3421875 0.05592105263157895 0.0296875
0 0.3782894736842105 0.3765625 0.08881578947368421 0.0375
0 0.33223684210526316 0.41875 0.10526315789473684 0.025
0 0.4243421052631579 0.275 0.10197368421052631 0.0515625
0 0.5361842105263158 0.26875 0.07236842105263158 0.0390625
0 0.6677631578947368 0.2453125 0.09539473684210527 0.0421875
0 0.6875 0.30625 0.05592105263157895 0.034375
0 0.9177631578947368 0.3765625 0.09539473684210527 0.040625
0 0.6447368421052632 0.35625 0.05592105263157895 0.03125
0 0.40131578947368424 0.5296875 0.09539473684210527 0.028125
0 0.47368421052631576 0.5046875 0.07236842105263158 0.0375
0 0.3618421052631579 0.4625 0.09210526315789473 0.040625
0 0.3190789473684211 0.5 0.10526315789473684 0.025
0 0.08552631578947369 0.4 0.1118421052631579 0.0484375
0 0.006578947368421052 0.3703125 0.013157894736842105 0.03125
0 0.18421052631578946 0.80625 0.05263157894736842 0.0265625
0 0.2598684210526316 0.8703125 0.07236842105263158 0.0359375
0 0.009868421052631578 0.6859375 0.019736842105263157 0.05625
0 0.5263157894736842 0.55 0.125 0.046875
0 0.7401315789473685 0.64375 0.16447368421052633 0.0515625
0 0.04276315789473684 0.9625 0.08552631578947369 0.05625