0 0.2361963190184049 0.03125 0.37423312883435583 0.0609375
0 0.7085889570552147 0.34375 0.5 0.2734375
0 0.9217791411042945 0.97578125 0.15644171779141106 0.0453125
0 0.7576687116564417 0.7453125 0.1901840490797546 0.06875
0 0.9739263803680982 0.72265625 0.05214723926380368 0.0421875
0 0.5521472392638037 0.5703125 0.15337423312883436 0.0625
0 0.20245398773006135 0.6625 0.0950920245398773 0.06875
0 0.4110429447852761 0.684375 0.08282208588957055 0.05
0 0.31901840490797545 0.7640625 0.10429447852760736 0.053125
0 0.2116564417177914 0.7953125 0.07668711656441718 0.0296875
0 0.0736196319018405 0.746875 0.05828220858895705 0.0359375
0 0.06748466257668712 0.7953125 0.06748466257668712 0.0421875
0 0.18711656441717792 0.9953125 0.0950920245398773 0.0078125
0 0.49079754601226994 0.9015625 0.11349693251533742 0.0484375
0 0.6411042944785276 0.9453125 0.15337423312883436 0.0421875
0 0.7515337423312883 0.9921875 0.0950920245398773 0.015625
0 0.7975460122699386 0.9484375 0.11042944785276074 0.0421875
0 0.9984662576687117 0.8625 0.003067484662576687 0.04375
0 0.8803680981595092 0.8578125 0.12576687116564417 0.046875
0 0.7269938650306749 0.8609375 0.09202453987730061 0.028125
0 0.6257668711656442 0.8890625 0.07668711656441718 0.0296875
0 0.04294478527607362 0.865625 0.08282208588957055 0.0234375
0 0.07975460122699386 0.9015625 0.08588957055214724 0.0359375
0 0.046012269938650305 0.946875 0.08895705521472393 0.0375
0 0.0950920245398773 0.946875 0.08588957055214724 0.025
0 0.2883435582822086 0.8921875 0.06134969325153374 0.04375
0 0.37423312883435583 0.8765625 0.027607361963190184 0.028125
0 0.13803680981595093 0.85 0.13803680981595093 0.0390625
0 0.25153374233128833 0.8828125 0.11042944785276074 0.0546875
0 0.9831288343558282 0.4625 0.03374233128834356 0.040625
0 0.9708588957055214 0.58125 0.05828220858895705 0.04375