0 0.3190789473684211 0.5390625 0.6381578947368421 0.2046875
0 0.24013157894736842 0.7359375 0.4769736842105263 0.2046875
0 0.7039473684210527 0.8375 0.34210526315789475 0.16875
0 0.16776315789473684 0.36875 0.23026315789473684 0.09375
0 0.9950657894736842 0.14609375 0.009868421052631578 0.0890625
0 0.6019736842105263 0.234375 0.3092105263157895 0.075
0 0.8980263157894737 0.225 0.0756578947368421 0.0359375
0 0.6578947368421053 0.178125 0.10526315789473684 0.040625
0 0.12171052631578948 0.040625 0.02631578947368421 0.028125
0 0.5197368421052632 0.0671875 0.0756578947368421 0.0375
0 0.631578947368421 0.115625 0.05592105263157895 0.0375
0 0.7335526315789473 0.1140625 0.07894736842105263 0.0515625
0 0.9802631578947368 0.140625 0.039473684210526314 0.04375
0 0.5526315789473685 0.290625 0.05263157894736842 0.025
0 0.6611842105263158 0.35625 0.07894736842105263 0.0359375
0 0.23684210526315788 0.28125 0.14144736842105263 0.078125
0 0.26644736842105265 0.0203125 0.0625 0.0328125
0 0.27631578947368424 0.109375 0.10526315789473684 0.0390625
0 0.3717105263157895 0.06875 0.05921052631578947 0.0140625
0 0.6842105263157895 0.478125 0.09539473684210527 0.0390625
0 0.569078947368421 0.5046875 0.06907894736842106 0.0296875
0 0.029605263157894735 0.2765625 0.049342105263157895 0.0140625
0 0.27631578947368424 0.2015625 0.046052631578947366 0.04375
0 0.19407894736842105 0.2109375 0.049342105263157895 0.03125
0 0.12171052631578948 0.271875 0.1118421052631579 0.04375
0 0.08223684210526316 0.6578125 0.06578947368421052 0.034375
0 0.05592105263157895 0.1125 0.0756578947368421 0.028125
0 0.8453947368421053 0.453125 0.14144736842105263 0.0390625
0 0.6776315789473685 0.721875 0.07236842105263158 0.028125
0 0.6776315789473685 0.6578125 0.06578947368421052 0.03125
0 0.9210526315789473 0.6171875 0.06578947368421052 0.021875
0 0.9901315789473685 0.865625 0.019736842105263157 0.034375
0 0.19407894736842105 0.940625 0.13486842105263158 0.078125
0 0.8125 0.9 0.06578947368421052 0.0328125
0 0.9539473684210527 0.715625 0.06578947368421052 0.04375