0 0.7937293729372937 0.42421875 0.41254125412541254 0.1984375
0 0.8168316831683168 0.56328125 0.36633663366336633 0.1171875
0 0.20132013201320131 0.253125 0.40264026402640263 0.215625
0 0.31353135313531355 0.08125 0.6237623762376238 0.1625
0 0.4884488448844885 0.8609375 0.5148514851485149 0.2578125
0 0.29372937293729373 0.6828125 0.1419141914191419 0.059375
0 0.2607260726072607 0.54375 0.13861386138613863 0.103125
0 0.0462046204620462 0.6171875 0.0924092409240924 0.078125
0 0.995049504950495 0.84453125 0.009900990099009901 0.0328125
0 0.44554455445544555 0.4390625 0.2706270627062706 0.1609375
0 0.1353135313531353 0.3921875 0.11221122112211221 0.028125
0 0.20132013201320131 0.428125 0.07590759075907591 0.040625
0 0.0297029702970297 0.428125 0.056105610561056105 0.028125
0 0.9867986798679867 0.7 0.026402640264026403 0.059375
0 0.8844884488448845 0.7234375 0.07590759075907591 0.04375
0 0.40594059405940597 0.5984375 0.052805280528052806 0.0453125
0 0.19141914191419143 0.61875 0.0462046204620462 0.0265625
0 0.30033003300330036 0.61875 0.052805280528052806 0.0203125
0 0.8646864686468647 0.640625 0.08250825082508251 0.0390625
0 0.1353135313531353 0.653125 0.17491749174917492 0.0515625
0 0.0165016501650165 0.6796875 0.0297029702970297 0.028125
0 0.08250825082508251 0.7015625 0.08250825082508251 0.0390625
0 0.013201320132013201 0.9234375 0.026402640264026403 0.03125
0 0.8415841584158416 0.865625 0.0429042904290429 0.0359375
0 0.528052805280528 0.6046875 0.11221122112211221 0.021875
0 0.1353135313531353 0.540625 0.07920792079207921 0.0296875
0 0.10231023102310231 0.4796875 0.07260726072607261 0.0359375
0 0.1848184818481848 0.4859375 0.036303630363036306 0.028125
0 0.26732673267326734 0.48125 0.056105610561056105 0.0328125
0 0.5511551155115512 0.7 0.06930693069306931 0.05
0 0.8844884488448845 0.81875 0.0627062706270627 0.046875