0 0.787828947368421 0.06640625 0.4243421052631579 0.1328125
0 0.3684210526315789 0.4578125 0.4407894736842105 0.2328125
0 0.5986842105263158 0.853125 0.5986842105263158 0.2921875
0 0.049342105263157895 0.2375 0.09539473684210527 0.075
0 0.19736842105263158 0.25625 0.09539473684210527 0.0578125
0 0.07894736842105263 0.89375 0.15460526315789475 0.1
0 0.019736842105263157 0.0203125 0.03618421052631579 0.0390625
0 0.2730263157894737 0.6109375 0.20723684210526316 0.0828125
0 0.8092105263157895 0.4765625 0.10855263157894737 0.04375
0 0.8881578947368421 0.5421875 0.0756578947368421 0.0421875
0 0.881578947368421 0.68125 0.06907894736842106 0.0390625
0 0.05263157894736842 0.40625 0.10526315789473684 0.059375