0 0.7846607669616519 0.8296875 0.3952802359882006 0.178125
0 0.775811209439528 0.934375 0.2448377581120944 0.103125
0 0.05014749262536873 0.821875 0.09734513274336283 0.0921875
0 0.1504424778761062 0.9546875 0.19469026548672566 0.0890625
0 0.19174041297935104 0.0078125 0.08259587020648967 0.015625
0 0.09144542772861357 0.303125 0.07669616519174041 0.046875
0 0.7168141592920354 0.6703125 0.11209439528023599 0.040625
0 0.22418879056047197 0.76875 0.12094395280235988 0.046875
0 0.6076696165191741 0.24375 0.08259587020648967 0.040625
0 0.9469026548672567 0.19375 0.10619469026548672 0.0484375
0 0.2359882005899705 0.0890625 0.06489675516224189 0.0328125
0 0.168141592920354 0.1609375 0.09144542772861357 0.0625
0 0.528023598820059 0.128125 0.0943952802359882 0.046875
0 0.4896755162241888 0.19375 0.11799410029498525 0.040625
0 0.9690265486725663 0.1375 0.061946902654867256 0.034375
0 0.7787610619469026 0.1703125 0.07079646017699115 0.0453125
0 0.7079646017699115 0.0671875 0.11209439528023599 0.040625
0 0.40117994100294985 0.721875 0.058997050147492625 0.034375
0 0.49262536873156343 0.7984375 0.05604719764011799 0.0296875
0 0.44542772861356933 0.8453125 0.0855457227138643 0.034375
0 0.7935103244837758 0.5203125 0.0855457227138643 0.04375
0 0.7168141592920354 0.5265625 0.058997050147492625 0.059375
0 0.6578171091445427 0.534375 0.04424778761061947 0.046875
0 0.6283185840707964 0.4828125 0.12684365781710916 0.04375
0 0.8643067846607669 0.39375 0.10324483775811209 0.0578125
0 0.6873156342182891 0.3609375 0.0471976401179941 0.03125
0 0.2920353982300885 0.371875 0.0855457227138643 0.0421875
0 0.04424778761061947 0.2390625 0.08849557522123894 0.0703125
0 0.008849557522123894 0.13125 0.017699115044247787 0.021875
0 0.011799410029498525 0.0953125 0.02064896755162242 0.0234375
0 0.7050147492625368 0.1171875 0.04129793510324484 0.0328125
0 0.56047197640118 0.040625 0.04424778761061947 0.0390625
0 0.36283185840707965 0.0796875 0.032448377581120944 0.0328125
0 0.41887905604719766 0.09375 0.02654867256637168 0.0421875
0 0.32448377581120946 0.1421875 0.06489675516224189 0.028125
0 0.24188790560471976 0.1515625 0.035398230088495575 0.0234375
0 0.07374631268436578 0.165625 0.04129793510324484 0.028125
0 0.8849557522123894 0.0390625 0.04424778761061947 0.015625
0 0.976401179941003 0.2890625 0.0471976401179941 0.0234375
0 0.9985250737463127 0.24609375 0.0029498525073746312 0.0140625
0 0.02064896755162242 0.3453125 0.038348082595870206 0.03125
0 0.038348082595870206 0.3578125 0.02654867256637168 0.01875
0 0.2448377581120944 0.4625 0.058997050147492625 0.025
0 0.3834808259587021 0.55625 0.05604719764011799 0.025
0 0.5575221238938053 0.5234375 0.05604719764011799 0.025
0 0.4336283185840708 0.3765625 0.0471976401179941 0.0328125
0 0.3185840707964602 0.4046875 0.07964601769911504 0.028125
0 0.4896755162241888 0.715625 0.08849557522123894 0.0296875
0 0.56047197640118 0.721875 0.04424778761061947 0.040625