0 0.08223684210526316 0.3921875 0.1611842105263158 0.0875
0 0.506578947368421 0.7546875 0.1118421052631579 0.06875
0 0.5493421052631579 0.875 0.11842105263157894 0.078125
0 0.8388157894736842 0.9640625 0.06578947368421052 0.071875
0 0.7861842105263158 0.575 0.09210526315789473 0.0421875
0 0.6381578947368421 0.6140625 0.08223684210526316 0.0265625
0 0.7664473684210527 0.6734375 0.11842105263157894 0.05
0 0.125 0.0640625 0.10197368421052631 0.0640625
0 0.28618421052631576 0.1109375 0.11842105263157894 0.059375
0 0.3717105263157895 0.165625 0.10197368421052631 0.053125
0 0.47039473684210525 0.115625 0.08552631578947369 0.0515625
0 0.003289473684210526 0.55625 0.003289473684210526 0.05625
0 0.28289473684210525 0.4359375 0.06578947368421052 0.03125
0 0.569078947368421 0.334375 0.09210526315789473 0.04375
0 0.881578947368421 0.3078125 0.0625 0.0390625
0 0.8914473684210527 0.471875 0.16776315789473684 0.0796875
0 0.47039473684210525 0.5734375 0.08552631578947369 0.0484375
0 0.5427631578947368 0.5734375 0.07236842105263158 0.0375
0 0.4934210526315789 0.665625 0.15789473684210525 0.040625
0 0.5164473684210527 0.471875 0.11513157894736842 0.0640625
0 0.40460526315789475 0.44375 0.10197368421052631 0.0328125
0 0.7927631578947368 0.871875 0.15460526315789475 0.0578125
0 0.7401315789473685 0.8421875 0.07236842105263158 0.0328125
0 0.8453947368421053 0.8546875 0.08223684210526316 0.034375
0 0.6217105263157895 0.7265625 0.07894736842105263 0.0421875
0 0.9506578947368421 0.725 0.09539473684210527 0.0359375
0 0.9473684210526315 0.60625 0.10526315789473684 0.1125
0 0.9078947368421053 0.6 0.09210526315789473 0.040625
0 0.7631578947368421 0.6109375 0.06907894736842106 0.0296875
0 0.8421052631578947 0.61875 0.08881578947368421 0.0359375
0 0.8486842105263158 0.665625 0.019736842105263157 0.028125
0 0.881578947368421 0.696875 0.049342105263157895 0.0484375
0 0.7269736842105263 0.7171875 0.07236842105263158 0.0234375
0 0.7302631578947368 0.7546875 0.0625 0.0328125
0 0.555921052631579 0.8 0.13815789473684212 0.0296875
0 0.7072368421052632 0.803125 0.06578947368421052 0.0328125
0 0.5855263157894737 0.9234375 0.09539473684210527 0.046875
0 0.756578947368421 0.9109375 0.09868421052631579 0.0578125
0 0.9868421052631579 0.94375 0.02631578947368421 0.0421875