0 0.09202453987730061 0.8328125 0.18098159509202455 0.1296875
0 0.7730061349693251 0.9734375 0.12883435582822086 0.0515625
0 0.4938650306748466 0.528125 0.18098159509202455 0.0796875
0 0.18404907975460122 0.440625 0.2116564417177914 0.1046875
0 0.015337423312883436 0.5890625 0.027607361963190184 0.078125
0 0.9616564417177914 0.67265625 0.07668711656441718 0.0546875
0 0.6533742331288344 0.703125 0.07975460122699386 0.0421875
0 0.44785276073619634 0.678125 0.11349693251533742 0.0359375
0 0.41411042944785276 0.75625 0.0736196319018405 0.0375
0 0.6380368098159509 0.7921875 0.12576687116564417 0.046875
0 0.34662576687116564 0.96875 0.13190184049079753 0.034375
0 0.027607361963190184 0.690625 0.05214723926380368 0.025
0 0.8742331288343558 0.44375 0.15950920245398773 0.078125
0 0.7730061349693251 0.5734375 0.07975460122699386 0.0390625
0 0.8773006134969326 0.571875 0.10429447852760736 0.0296875
0 0.5920245398773006 0.4734375 0.1656441717791411 0.0484375
0 0.12883435582822086 0.5734375 0.10122699386503067 0.0296875
0 0.4263803680981595 0.8671875 0.10122699386503067 0.0578125
0 0.5337423312883436 0.9828125 0.0705521472392638 0.0328125
0 0.6073619631901841 0.99375 0.04294478527607362 0.0109375
0 0.15644171779141106 0.3453125 0.09202453987730061 0.0484375
0 0.7975460122699386 0.25625 0.13496932515337423 0.06875
0 0.9478527607361963 0.3078125 0.06134969325153374 0.03125
0 0.9892638036809815 0.4046875 0.02147239263803681 0.0375
0 0.8834355828220859 0.140625 0.06748466257668712 0.0421875
0 0.9800613496932515 0.03828125 0.03987730061349693 0.0546875
0 0.4049079754601227 0.2265625 0.13190184049079753 0.0421875
0 0.5368098159509203 0.1984375 0.0950920245398773 0.0453125
0 0.29141104294478526 0.2703125 0.147239263803681 0.0546875
0 0.15337423312883436 0.175 0.13496932515337423 0.0515625
0 0.024539877300613498 0.059375 0.046012269938650305 0.0640625
0 0.34049079754601225 0.06875 0.10429447852760736 0.0828125
0 0.6226993865030674 0.034375 0.1196319018404908 0.046875
0 0.48466257668711654 0.09375 0.05828220858895705 0.0375
0 0.08895705521472393 0.9546875 0.12883435582822086 0.0375
0 0.5337423312883436 0.8375 0.046012269938650305 0.034375
0 0.8742331288343558 0.8203125 0.06748466257668712 0.0265625
0 0.7822085889570553 0.6796875 0.04294478527607362 0.0359375
0 0.754601226993865 0.7078125 0.05214723926380368 0.0390625
0 0.6809815950920245 0.63125 0.04294478527607362 0.028125
0 0.5644171779141104 0.6640625 0.05521472392638037 0.0140625
0 0.4662576687116564 0.659375 0.027607361963190184 0.021875
0 0.43558282208588955 0.615625 0.03987730061349693 0.025
0 0.549079754601227 0.6 0.03374233128834356 0.025
0 0.015337423312883436 0.440625 0.027607361963190184 0.021875
0 0.6993865030674846 0.175 0.04294478527607362 0.034375
0 0.7883435582822086 0.0296875 0.03067484662576687 0.0265625
0 0.7055214723926381 0.00625 0.05828220858895705 0.0125
0 0.7269938650306749 0.021875 0.03374233128834356 0.0265625
0 0.5245398773006135 0.0578125 0.08588957055214724 0.0296875
0 0.5214723926380368 0.93125 0.09202453987730061 0.0515625
0 0.22085889570552147 0.078125 0.04294478527607362 0.0359375
0 0.6595092024539877 0.8453125 0.06748466257668712 0.025
0 0.3619631901840491 0.671875 0.03987730061349693 0.0328125
0 0.3159509202453988 0.6046875 0.05828220858895705 0.0421875
0 0.19631901840490798 0.2734375 0.07975460122699386 0.065625
0 0.3128834355828221 0.371875 0.06134969325153374 0.028125
0 0.7822085889570553 0.7546875 0.027607361963190184 0.0140625
0 0.8803680981595092 0.734375 0.08588957055214724 0.0375
0 0.5766871165644172 0.3125 0.0736196319018405 0.0390625
0 0.803680981595092 0.325 0.16257668711656442 0.05625
0 0.6134969325153374 0.375 0.09202453987730061 0.0296875