0 0.6951219512195121 0.053125 0.11280487804878049 0.0484375
0 0.8780487804878049 0.1796875 0.14634146341463414 0.0578125
0 0.7134146341463414 0.1 0.07926829268292683 0.05625
0 0.5426829268292683 0.0125 0.08536585365853659 0.025
0 0.2804878048780488 0.846875 0.0701219512195122 0.04375
0 0.5396341463414634 0.8265625 0.125 0.0515625
0 0.08536585365853659 0.13125 0.1676829268292683 0.1
0 0.7134146341463414 0.4171875 0.10975609756097561 0.040625
0 0.9695121951219512 0.034375 0.04573170731707317 0.0234375
0 0.5182926829268293 0.1171875 0.06707317073170732 0.0390625
0 0.3719512195121951 0.1140625 0.10975609756097561 0.0578125
0 0.38414634146341464 0.409375 0.0701219512195122 0.028125
0 0.4268292682926829 0.4015625 0.04878048780487805 0.0296875
0 0.6920731707317073 0.5953125 0.10670731707317073 0.0375
0 0.45426829268292684 0.7765625 0.06097560975609756 0.0359375
0 0.11890243902439024 0.8171875 0.07317073170731707 0.04375
0 0.9298780487804879 0.5640625 0.0701219512195122 0.05
0 0.1402439024390244 0.971875 0.09146341463414634 0.0359375