0 0.22935779816513763 0.0296875 0.37920489296636084 0.059375
0 0.7125382262996942 0.346875 0.5076452599388379 0.278125
0 0.9250764525993884 0.98359375 0.14984709480122324 0.0296875
0 0.7614678899082569 0.75625 0.19571865443425077 0.0703125
0 0.9770642201834863 0.73359375 0.045871559633027525 0.0421875
0 0.5535168195718655 0.578125 0.1559633027522936 0.0640625
0 0.19571865443425077 0.6734375 0.09785932721712538 0.0703125
0 0.40978593272171254 0.69375 0.08256880733944955 0.05
0 0.3180428134556575 0.775 0.10703363914373089 0.0546875
0 0.20795107033639143 0.8078125 0.07951070336391437 0.0296875
0 0.0672782874617737 0.759375 0.0581039755351682 0.0375
0 0.06116207951070336 0.8078125 0.07033639143730887 0.0421875
0 0.4892966360856269 0.9171875 0.1162079510703364 0.05
0 0.6452599388379205 0.959375 0.1559633027522936 0.0421875
0 0.8012232415902141 0.9640625 0.11314984709480122 0.0421875
0 0.8868501529051988 0.871875 0.12844036697247707 0.0484375
0 0.7308868501529052 0.8734375 0.09480122324159021 0.0296875
0 0.6269113149847095 0.903125 0.07951070336391437 0.0296875
0 0.039755351681957186 0.8796875 0.0764525993883792 0.0234375
0 0.07339449541284404 0.915625 0.08868501529051988 0.0375
0 0.04281345565749235 0.9625 0.08256880733944955 0.0390625
0 0.08868501529051988 0.9625 0.08868501529051988 0.025
0 0.2874617737003058 0.90625 0.06116207951070336 0.0453125
0 0.37003058103975534 0.890625 0.027522935779816515 0.0296875
0 0.13149847094801223 0.8640625 0.14067278287461774 0.040625
0 0.24770642201834864 0.896875 0.11314984709480122 0.05625
0 0.9862385321100917 0.46875 0.027522935779816515 0.040625
0 0.9740061162079511 0.58828125 0.05198776758409786 0.0453125