0 0.4831804281345566 0.796875 0.2018348623853211 0.0828125
0 0.7033639143730887 0.79375 0.11926605504587157 0.0734375
0 0.5535168195718655 0.8921875 0.0764525993883792 0.046875
0 0.25382262996941896 0.8890625 0.20489296636085627 0.078125
0 0.12844036697247707 0.8875 0.07951070336391437 0.0625
0 0.30275229357798167 0.99375 0.10091743119266056 0.0125
0 0.18960244648318042 0.9953125 0.0856269113149847 0.0078125
0 0.5107033639143731 0.9453125 0.10703363914373089 0.05
0 0.7431192660550459 0.9703125 0.10091743119266056 0.034375
0 0.9648318042813455 0.84609375 0.07033639143730887 0.0515625
0 0.8990825688073395 0.8625 0.07339449541284404 0.0296875
0 0.9785932721712538 0.9484375 0.04281345565749235 0.05625
0 0.926605504587156 0.225 0.09174311926605505 0.0703125
0 0.918960244648318 0.321875 0.1620795107033639 0.08125
0 0.9801223241590215 0.43515625 0.039755351681957186 0.0734375
0 0.7155963302752294 0.571875 0.17737003058103976 0.0515625
0 0.7308868501529052 0.6875 0.11926605504587157 0.0640625
0 0.7492354740061162 0.7265625 0.11926605504587157 0.0421875
0 0.5932721712538226 0.009375 0.12538226299694188 0.0171875
0 0.6483180428134556 0.1265625 0.22629969418960244 0.0953125
0 0.8287461773700305 0.040625 0.19571865443425077 0.0796875
0 0.9296636085626911 0.146875 0.09785932721712538 0.03125
0 0.5902140672782875 0.265625 0.1162079510703364 0.0625
0 0.6972477064220184 0.271875 0.08256880733944955 0.05625
0 0.45565749235474007 0.4359375 0.13761467889908258 0.0515625
0 0.8853211009174312 0.484375 0.22935779816513763 0.08125
0 0.363914373088685 0.0328125 0.07033639143730887 0.0578125
0 0.18042813455657492 0.0234375 0.09785932721712538 0.046875
0 0.24464831804281345 0.2109375 0.1651376146788991 0.0453125
0 0.363914373088685 0.178125 0.039755351681957186 0.04375
0 0.39755351681957185 0.253125 0.09480122324159021 0.040625
0 0.23853211009174313 0.2953125 0.14678899082568808 0.05625
0 0.3486238532110092 0.2984375 0.1162079510703364 0.0484375
0 0.3058103975535168 0.353125 0.11926605504587157 0.040625
0 0.2691131498470948 0.4171875 0.13149847094801223 0.065625
0 0.08256880733944955 0.225 0.1651376146788991 0.08125
0 0.04892966360856269 0.31875 0.09785932721712538 0.053125
0 0.44648318042813456 0.39375 0.12844036697247707 0.0296875
0 0.027522935779816515 0.5109375 0.05504587155963303 0.0453125
0 0.24464831804281345 0.5640625 0.13761467889908258 0.078125
0 0.4648318042813456 0.628125 0.11926605504587157 0.040625
0 0.5321100917431193 0.596875 0.10703363914373089 0.06875
0 0.05504587155963303 0.675 0.11009174311926606 0.0578125
0 0.03363914373088685 0.734375 0.06422018348623854 0.0703125
0 0.045871559633027525 0.8265625 0.09174311926605505 0.0703125
0 0.5382262996941896 0.7234375 0.13149847094801223 0.04375
0 0.7492354740061162 0.6140625 0.1345565749235474 0.0578125
0 0.9709480122324159 0.99375 0.0581039755351682 0.0125
0 0.3547400611620795 0.478125 0.08256880733944955 0.0953125
0 0.5443425076452599 0.496875 0.07951070336391437 0.0359375
0 0.6697247706422018 0.9265625 0.08256880733944955 0.090625
0 0.9877675840978594 0.7609375 0.024464831804281346 0.05625