0 0.17177914110429449 0.065625 0.34355828220858897 0.1296875
0 0.8251533742331288 0.1484375 0.06748466257668712 0.0359375
0 0.9938650306748467 0.175 0.012269938650306749 0.0265625
0 0.9325153374233128 0.2609375 0.05521472392638037 0.0390625
0 0.9079754601226994 0.103125 0.06441717791411043 0.0234375
0 0.9785276073619632 0.128125 0.03987730061349693 0.028125
0 0.7423312883435583 0.1953125 0.0705521472392638 0.0390625
0 0.696319018404908 0.2515625 0.09815950920245399 0.0421875
0 0.7576687116564417 0.2859375 0.07975460122699386 0.0296875
0 0.7668711656441718 0.725 0.06748466257668712 0.028125
0 0.7883435582822086 0.640625 0.06441717791411043 0.0296875
0 0.294478527607362 0.6359375 0.12576687116564417 0.04375