0 0.7831858407079646 0.03125 0.4336283185840708 0.0625
0 0.6607669616519174 0.79375 0.1504424778761062 0.0921875
0 0.7964601769911505 0.1046875 0.16224188790560473 0.0625
0 0.4749262536873156 0.9671875 0.05014749262536873 0.0296875
0 0.7492625368731564 0.921875 0.05604719764011799 0.0453125
0 0.943952802359882 0.8953125 0.0943952802359882 0.0234375
0 0.9528023598820059 0.984375 0.04129793510324484 0.03125
0 0.4336283185840708 0.55625 0.06784660766961652 0.05
0 0.3687315634218289 0.740625 0.12684365781710916 0.040625
0 0.2890855457227139 0.778125 0.06489675516224189 0.021875
0 0.032448377581120944 0.3390625 0.061946902654867256 0.04375
0 0.6489675516224189 0.2984375 0.07669616519174041 0.0515625
0 0.20058997050147492 0.475 0.10029498525073746 0.034375
0 0.2713864306784661 0.2484375 0.07964601769911504 0.05625
0 0.4778761061946903 0.678125 0.13864306784660768 0.0296875
0 0.2536873156342183 0.9609375 0.05014749262536873 0.05625
0 0.3392330383480826 0.9375 0.07079646017699115 0.046875
0 0.17404129793510326 0.9890625 0.05604719764011799 0.021875
0 0.22713864306784662 0.8296875 0.09144542772861357 0.0703125
0 0.23303834808259588 0.8828125 0.06489675516224189 0.0421875
0 0.08849557522123894 0.9703125 0.04129793510324484 0.053125
0 0.04424778761061947 0.9796875 0.038348082595870206 0.0359375
0 0.8761061946902655 0.9890625 0.0855457227138643 0.0203125
0 0.7345132743362832 0.6734375 0.06489675516224189 0.0265625
0 0.855457227138643 0.73125 0.0471976401179941 0.0359375
0 0.9808259587020649 0.740625 0.038348082595870206 0.05625
0 0.3392330383480826 0.60625 0.0943952802359882 0.0390625
0 0.07669616519174041 0.0265625 0.0855457227138643 0.053125