0 0.19207317073170732 0.91875 0.3475609756097561 0.1609375
0 0.47865853658536583 0.990625 0.054878048780487805 0.0171875
0 0.08231707317073171 0.3703125 0.16158536585365854 0.1109375
0 0.5152439024390244 0.55 0.7621951219512195 0.4046875
0 0.19207317073170732 0.1078125 0.08231707317073171 0.04375
0 0.7926829268292683 0.2421875 0.10975609756097561 0.025
0 0.8414634146341463 0.325 0.16158536585365854 0.0609375
0 0.18597560975609756 0.0421875 0.31402439024390244 0.084375
0 0.7530487804878049 0.009375 0.07317073170731707 0.01875
0 0.7713414634146342 0.06875 0.10670731707317073 0.0484375
0 0.8048780487804879 0.9984375 0.0975609756097561 0.003125
0 0.9375 0.9828125 0.125 0.034375
0 0.7225609756097561 0.9828125 0.06402439024390244 0.034375