0 0.0029498525073746312 0.5484375 0.0029498525073746312 0.025
0 0.16519174041297935 0.921875 0.07669616519174041 0.0484375
0 0.2890855457227139 0.9953125 0.06784660766961652 0.009375
0 0.35398230088495575 0.9453125 0.08849557522123894 0.0453125
0 0.3834808259587021 0.359375 0.08849557522123894 0.05625
0 0.13569321533923304 0.4890625 0.11209439528023599 0.046875
0 0.9380530973451328 0.190625 0.06489675516224189 0.0375
0 0.7935103244837758 0.23125 0.12684365781710916 0.028125
0 0.6932153392330384 0.1234375 0.07374631268436578 0.03125
0 0.40707964601769914 0.121875 0.11209439528023599 0.0625
0 0.10324483775811209 0.0359375 0.06489675516224189 0.0421875
0 0.7374631268436578 0.953125 0.05604719764011799 0.0234375
0 0.9705014749262537 0.971875 0.058997050147492625 0.0234375
0 0.8171091445427728 0.5171875 0.07374631268436578 0.0296875
0 0.8230088495575221 0.6 0.04424778761061947 0.0359375
0 0.48672566371681414 0.453125 0.04424778761061947 0.03125
0 0.5811209439528023 0.00625 0.0943952802359882 0.0109375
0 0.2713864306784661 0.3296875 0.17699115044247787 0.034375
0 0.11209439528023599 0.8640625 0.0855457227138643 0.01875
0 0.616519174041298 0.940625 0.07964601769911504 0.03125
0 0.9616519174041298 0.765625 0.06489675516224189 0.046875
0 0.9896755162241888 0.684375 0.02064896755162242 0.0625
0 0.9351032448377581 0.453125 0.09734513274336283 0.05