0 0.14521452145214522 0.521875 0.29042904290429045 0.2359375
0 0.7392739273927392 0.7984375 0.2706270627062706 0.19375
0 0.2508250825082508 0.7515625 0.49834983498349833 0.221875
0 0.5082508250825083 0.6046875 0.44224422442244227 0.1625
0 0.9884488448844885 0.0953125 0.0231023102310231 0.06875
0 0.6501650165016502 0.13125 0.11551155115511551 0.028125
0 0.5346534653465347 0.1796875 0.036303630363036306 0.040625
0 0.570957095709571 0.2296875 0.07260726072607261 0.021875
0 0.9405940594059405 0.196875 0.08250825082508251 0.0671875
0 0.20132013201320131 0.328125 0.39933993399339934 0.1140625
0 0.8481848184818482 0.41875 0.10231023102310231 0.04375
0 0.7293729372937293 0.0078125 0.1254125412541254 0.0140625
0 0.759075907590759 0.0671875 0.056105610561056105 0.034375
0 0.5610561056105611 0.0171875 0.056105610561056105 0.0328125
0 0.26732673267326734 0.0546875 0.07590759075907591 0.03125
0 0.7425742574257426 0.3421875 0.09570957095709572 0.0328125
0 0.971947194719472 0.6078125 0.056105610561056105 0.04375
0 0.971947194719472 0.70859375 0.056105610561056105 0.0421875
0 0.6666666666666666 0.3203125 0.0594059405940594 0.0375
0 0.6864686468646864 0.640625 0.0891089108910891 0.040625
0 0.8415841584158416 0.921875 0.0924092409240924 0.034375
0 0.15841584158415842 0.9359375 0.07590759075907591 0.03125
0 0.9372937293729373 0.0640625 0.06930693069306931 0.0328125
0 0.8052805280528053 0.1625 0.0924092409240924 0.028125
0 0.31353135313531355 0.0328125 0.066006600660066 0.0203125
0 0.3564356435643564 0.9671875 0.1188118811881188 0.065625
0 0.9075907590759076 0.8578125 0.10561056105610561 0.0390625
0 0.9933993399339934 0.8703125 0.013201320132013201 0.0234375
0 0.9917491749174917 0.89921875 0.0165016501650165 0.0359375
0 0.9785478547854786 0.9421875 0.0429042904290429 0.034375
0 0.9141914191419142 0.984375 0.08250825082508251 0.0296875
0 0.9851485148514851 0.9796875 0.0297029702970297 0.03125