0 0.8932926829268293 0.9078125 0.10975609756097561 0.0546875
0 0.6951219512195121 0.43125 0.06707317073170732 0.0546875
0 0.7591463414634146 0.4921875 0.06097560975609756 0.028125
0 0.09146341463414634 0.6953125 0.18292682926829268 0.0546875
0 0.24390243902439024 0.49375 0.07317073170731707 0.084375
0 0.16463414634146342 0.428125 0.10975609756097561 0.0421875
0 0.8597560975609756 0.2578125 0.03353658536585366 0.0546875
0 0.13719512195121952 0.0203125 0.07621951219512195 0.0375
0 0.5975609756097561 0.1828125 0.16158536585365854 0.0515625
0 0.22865853658536586 0.890625 0.0975609756097561 0.0734375
0 0.29878048780487804 0.9375 0.08231707317073171 0.05625