0 0.5920245398773006 0.2046875 0.18711656441717792 0.1046875
0 0.17177914110429449 0.4390625 0.13803680981595093 0.0953125
0 0.6073619631901841 0.3609375 0.11349693251533742 0.0265625
0 0.3803680981595092 0.028125 0.17791411042944785 0.0546875
0 0.39570552147239263 0.4765625 0.15030674846625766 0.0640625
0 0.9432515337423313 0.75234375 0.11349693251533742 0.0734375
0 0.3619631901840491 0.7765625 0.26993865030674846 0.1015625
0 0.30368098159509205 0.9484375 0.2147239263803681 0.0875
0 0.7147239263803681 0.91875 0.15644171779141106 0.05625
0 0.6717791411042945 0.8625 0.12883435582822086 0.0265625
0 0.3343558282208589 0.5484375 0.11349693251533742 0.028125
0 0.7423312883435583 0.05 0.08588957055214724 0.0265625
0 0.17791411042944785 0.1734375 0.0705521472392638 0.0359375
0 0.03680981595092025 0.2015625 0.04294478527607362 0.0328125
0 0.13190184049079753 0.3 0.08588957055214724 0.0109375
0 0.09815950920245399 0.35625 0.07668711656441718 0.0234375
0 0.049079754601226995 0.3890625 0.06441717791411043 0.0265625
0 0.9401840490797546 0.58046875 0.1196319018404908 0.0734375
0 0.7791411042944786 0.6859375 0.15644171779141106 0.0796875
0 0.7147239263803681 0.284375 0.027607361963190184 0.015625
0 0.8680981595092024 0.3765625 0.05521472392638037 0.0171875
0 0.5337423312883436 0.4203125 0.04294478527607362 0.0171875
0 0.5214723926380368 0.4625 0.06748466257668712 0.028125
0 0.5398773006134969 0.5640625 0.10736196319018405 0.040625
0 0.5306748466257669 0.571875 0.06748466257668712 0.0328125
0 0.6165644171779141 0.5796875 0.04294478527607362 0.025
0 0.4447852760736196 0.5703125 0.05521472392638037 0.028125
0 0.36503067484662577 0.6015625 0.03374233128834356 0.0171875
0 0.24846625766871167 0.590625 0.0950920245398773 0.021875
0 0.3128834355828221 0.628125 0.05214723926380368 0.01875
0 0.26380368098159507 0.675 0.08895705521472393 0.034375
0 0.08588957055214724 0.4890625 0.03987730061349693 0.021875
0 0.3803680981595092 0.63125 0.03987730061349693 0.01875
0 0.5061349693251533 0.6171875 0.05828220858895705 0.028125
0 0.5 0.646875 0.04294478527607362 0.0203125
0 0.294478527607362 0.7296875 0.09815950920245399 0.0421875
0 0.5674846625766872 0.0671875 0.08895705521472393 0.0421875
0 0.41411042944785276 0.1171875 0.1196319018404908 0.046875
0 0.43558282208588955 0.125 0.07975460122699386 0.0296875
0 0.2668711656441718 0.128125 0.06441717791411043 0.04375
0 0.42024539877300615 0.296875 0.0736196319018405 0.04375
0 0.31901840490797545 0.2703125 0.046012269938650305 0.0421875
0 0.995398773006135 0.14453125 0.009202453987730062 0.0296875
0 0.9141104294478528 0.015625 0.049079754601226995 0.0296875
0 0.44171779141104295 0.4234375 0.05521472392638037 0.0453125
0 0.27607361963190186 0.39375 0.04294478527607362 0.05
0 0.8404907975460123 0.003125 0.05214723926380368 0.00625
0 0.6533742331288344 0.5046875 0.09815950920245399 0.05
0 0.7085889570552147 0.5703125 0.07668711656441718 0.05625
0 0.10122699386503067 0.690625 0.10736196319018405 0.05
0 0.6993865030674846 0.4140625 0.05828220858895705 0.0515625
0 0.656441717791411 0.6234375 0.05521472392638037 0.028125