0 0.4365781710914454 0.5875 0.15634218289085547 0.0484375
0 0.4247787610619469 0.6375 0.17404129793510326 0.05
0 0.8643067846607669 0.6359375 0.07964601769911504 0.0703125
0 0.13864306784660768 0.9171875 0.05604719764011799 0.0515625
0 0.0058997050147492625 0.6421875 0.008849557522123894 0.028125
0 0.1710914454277286 0.871875 0.058997050147492625 0.040625
0 0.1415929203539823 0.0890625 0.05604719764011799 0.0390625
0 0.13864306784660768 0.05 0.05604719764011799 0.025
0 0.3480825958702065 0.065625 0.09734513274336283 0.040625
0 0.008849557522123894 0.23125 0.017699115044247787 0.0609375
0 0.05309734513274336 0.30625 0.09144542772861357 0.046875
0 0.23303834808259588 0.303125 0.07374631268436578 0.05
0 0.5486725663716814 0.2 0.05309734513274336 0.046875
0 0.6430678466076696 0.1953125 0.05309734513274336 0.034375
0 0.8672566371681416 0.2453125 0.0943952802359882 0.03125
0 0.9631268436578171 0.353125 0.07374631268436578 0.065625
0 0.8171091445427728 0.4203125 0.05604719764011799 0.0328125
0 0.8761061946902655 0.4046875 0.05604719764011799 0.0484375
0 0.7581120943952803 0.3734375 0.13569321533923304 0.0578125
0 0.7374631268436578 0.9078125 0.08849557522123894 0.034375
0 0.8141592920353983 0.8296875 0.058997050147492625 0.0359375
0 0.8525073746312685 0.79375 0.061946902654867256 0.0390625
0 0.8613569321533924 0.74375 0.07964601769911504 0.03125
0 0.6784660766961652 0.671875 0.07079646017699115 0.0359375
0 0.7935103244837758 0.7234375 0.11504424778761062 0.0375
0 0.4896755162241888 0.74375 0.058997050147492625 0.028125
0 0.4690265486725664 0.784375 0.05604719764011799 0.0328125
0 0.5575221238938053 0.85 0.06489675516224189 0.0140625
0 0.06489675516224189 0.45 0.0471976401179941 0.05
0 0.12389380530973451 0.4125 0.10619469026548672 0.078125
0 0.336283185840708 0.2484375 0.09144542772861357 0.05
0 0.41297935103244837 0.1765625 0.0855457227138643 0.0671875
0 0.1976401179941003 0.99375 0.14454277286135694 0.0109375