0 0.5 0.9046875 0.18404907975460122 0.1234375
0 0.9079754601226994 0.6515625 0.147239263803681 0.1203125
0 0.15030674846625766 0.9734375 0.13496932515337423 0.053125
0 0.6748466257668712 0.93125 0.0705521472392638 0.04375
0 0.754601226993865 0.9734375 0.09815950920245399 0.0359375
0 0.6993865030674846 0.9984375 0.09202453987730061 0.003125
0 0.9923312883435583 0.46640625 0.015337423312883436 0.0640625
0 0.9524539877300614 0.5609375 0.0950920245398773 0.05625
0 0.7760736196319018 0.24375 0.10429447852760736 0.05625
0 0.8404907975460123 0.3703125 0.11042944785276074 0.046875
0 0.9984662576687117 0.35703125 0.003067484662576687 0.0515625
0 0.9923312883435583 0.4 0.015337423312883436 0.03125
0 0.9800613496932515 0.17265625 0.03987730061349693 0.0703125
0 0.9049079754601227 0.2234375 0.09815950920245399 0.05
0 0.9325153374233128 0.1203125 0.09815950920245399 0.0625
0 0.8619631901840491 0.06875 0.13803680981595093 0.053125
0 0.7638036809815951 0.575 0.09815950920245399 0.0328125
0 0.7177914110429447 0.6484375 0.06748466257668712 0.0234375
0 0.9049079754601227 0.0140625 0.08282208588957055 0.0265625
0 0.37423312883435583 0.1875 0.08588957055214724 0.04375
0 0.39570552147239263 0.4640625 0.08588957055214724 0.075
0 0.5644171779141104 0.4859375 0.07668711656441718 0.0296875
0 0.23006134969325154 0.8125 0.07975460122699386 0.0796875
0 0.3588957055214724 0.821875 0.10429447852760736 0.0671875
0 0.42024539877300615 0.6359375 0.1411042944785276 0.06875
0 0.3067484662576687 0.60625 0.08895705521472393 0.0625