0 0.4294478527607362 0.2546875 0.2116564417177914 0.1359375
0 0.15337423312883436 0.08125 0.15644171779141106 0.059375
0 0.13803680981595093 0.2640625 0.13803680981595093 0.0796875
0 0.549079754601227 0.696875 0.13496932515337423 0.075
0 0.8773006134969326 0.659375 0.10736196319018405 0.0453125
0 0.6319018404907976 0.2546875 0.0736196319018405 0.040625
0 0.049079754601226995 0.4890625 0.05214723926380368 0.0171875
0 0.44171779141104295 0.85625 0.0705521472392638 0.059375
0 0.2331288343558282 0.9234375 0.08895705521472393 0.0546875
0 0.7607361963190185 0.9171875 0.20245398773006135 0.1171875
0 0.06441717791411043 0.9421875 0.08895705521472393 0.0625
0 0.2392638036809816 0.990625 0.09202453987730061 0.0171875
0 0.7147239263803681 0.50625 0.049079754601226995 0.0375
0 0.3006134969325153 0.4734375 0.024539877300613498 0.025
0 0.22392638036809817 0.525 0.05214723926380368 0.0375
0 0.15030674846625766 0.55625 0.0736196319018405 0.021875
0 0.027607361963190184 0.38125 0.05214723926380368 0.0515625
0 0.7668711656441718 0.071875 0.06134969325153374 0.0453125
0 0.1196319018404908 0.0171875 0.05828220858895705 0.0234375
0 0.3496932515337423 0.703125 0.06748466257668712 0.0453125
0 0.4049079754601227 0.7140625 0.04294478527607362 0.0234375
0 0.450920245398773 0.7734375 0.07668711656441718 0.04375
0 0.4662576687116564 0.0875 0.10736196319018405 0.0296875
0 0.598159509202454 0.109375 0.15337423312883436 0.05
0 0.02147239263803681 0.4390625 0.04294478527607362 0.0265625
0 0.8773006134969326 0.0875 0.09815950920245399 0.05625
0 0.9601226993865031 0.7609375 0.05828220858895705 0.075
0 0.6134969325153374 0.75625 0.06748466257668712 0.0296875
0 0.6809815950920245 0.759375 0.06441717791411043 0.034375