0 0.8079268292682927 0.2390625 0.13719512195121952 0.0921875
0 0.8201219512195121 0.06875 0.13719512195121952 0.0546875
0 0.09451219512195122 0.41875 0.16158536585365854 0.0859375
0 0.5792682926829268 0.6234375 0.21951219512195122 0.10625
0 0.21951219512195122 0.1265625 0.10975609756097561 0.071875
0 0.573170731707317 0.253125 0.13719512195121952 0.0546875
0 0.07621951219512195 0.778125 0.1524390243902439 0.13125
0 0.5853658536585366 0.4078125 0.06402439024390244 0.0515625
0 0.021341463414634148 0.4859375 0.042682926829268296 0.0390625
0 0.003048780487804878 0.8921875 0.003048780487804878 0.0390625
0 0.0701219512195122 0.884375 0.08231707317073171 0.0296875
0 0.0975609756097561 0.9234375 0.17378048780487804 0.084375
0 0.3048780487804878 0.7609375 0.11890243902439024 0.0265625
0 0.6829268292682927 0.7703125 0.11890243902439024 0.0453125
0 0.850609756097561 0.828125 0.0975609756097561 0.0671875
0 0.7439024390243902 0.8390625 0.10060975609756098 0.05
0 0.6402439024390244 0.8328125 0.04573170731707317 0.034375
0 0.6432926829268293 0.890625 0.1402439024390244 0.06875
0 0.3628048780487805 0.028125 0.06707317073170732 0.028125
0 0.3231707317073171 0.253125 0.12195121951219512 0.034375
0 0.027439024390243903 0.028125 0.054878048780487805 0.028125
0 0.4115853658536585 0.85 0.08231707317073171 0.0203125
0 0.4451219512195122 0.8078125 0.0701219512195122 0.0203125
0 0.32621951219512196 0.809375 0.07317073170731707 0.0453125
0 0.8780487804878049 0.9171875 0.06097560975609756 0.0328125
0 0.23170731707317074 0.54375 0.054878048780487805 0.0140625
0 0.5487804878048781 0.5375 0.054878048780487805 0.015625
0 0.01524390243902439 0.5875 0.027439024390243903 0.0203125
0 0.3323170731707317 0.628125 0.07317073170731707 0.0328125
0 0.24390243902439024 0.6609375 0.08841463414634146 0.028125
0 0.6737804878048781 0.321875 0.054878048780487805 0.0296875
0 0.823170731707317 0.340625 0.054878048780487805 0.0421875
0 0.5579268292682927 0.075 0.04573170731707317 0.028125
0 0.6341463414634146 0.0828125 0.027439024390243903 0.0234375
0 0.43597560975609756 0.090625 0.036585365853658534 0.0203125
0 0.45121951219512196 0.1453125 0.04573170731707317 0.015625
0 0.27439024390243905 0.3921875 0.054878048780487805 0.028125
0 0.0975609756097561 0.303125 0.027439024390243903 0.0140625
0 0.036585365853658534 0.3109375 0.0701219512195122 0.0453125
0 0.009146341463414634 0.2109375 0.01524390243902439 0.0171875
0 0.4817073170731707 0.3015625 0.03353658536585366 0.025
0 0.5853658536585366 0.3359375 0.04573170731707317 0.021875
0 0.2865853658536585 0.34375 0.039634146341463415 0.021875
0 0.24390243902439024 0.3515625 0.027439024390243903 0.0203125
0 0.17378048780487804 0.3546875 0.039634146341463415 0.0203125
0 0.5030487804878049 0.425 0.027439024390243903 0.0171875
0 0.5945121951219512 0.4921875 0.06097560975609756 0.0296875
0 0.6890243902439024 0.46875 0.06402439024390244 0.028125
0 0.6707317073170732 0.4390625 0.04878048780487805 0.0265625
0 0.18597560975609756 0.5171875 0.06402439024390244 0.015625
0 0.3628048780487805 0.521875 0.039634146341463415 0.0171875