0 0.7808823529411765 0.03125 0.43823529411764706 0.0625
0 0.6558823529411765 0.7796875 0.14705882352941177 0.090625
0 0.788235294117647 0.103125 0.1588235294117647 0.0625
0 0.47352941176470587 0.95 0.05 0.0296875
0 0.7411764705882353 0.9046875 0.052941176470588235 0.04375
0 0.9323529411764706 0.8796875 0.09411764705882353 0.0234375
0 0.9411764705882353 0.9671875 0.041176470588235294 0.03125
0 0.4323529411764706 0.5453125 0.06764705882352941 0.05
0 0.36764705882352944 0.728125 0.12352941176470589 0.040625
0 0.2911764705882353 0.7640625 0.06470588235294118 0.021875
0 0.03529411764705882 0.3328125 0.06764705882352941 0.04375
0 0.6441176470588236 0.29375 0.07647058823529412 0.0515625
0 0.20294117647058824 0.4671875 0.1 0.034375
0 0.2735294117647059 0.24375 0.07941176470588235 0.0546875
0 0.47352941176470587 0.665625 0.13529411764705881 0.028125
0 0.25588235294117645 0.94375 0.05 0.0546875
0 0.3411764705882353 0.9203125 0.06764705882352941 0.0453125
0 0.6 0.9890625 0.06470588235294118 0.0203125
0 0.17941176470588235 0.9796875 0.052941176470588235 0.0390625
0 0.22941176470588234 0.815625 0.08823529411764706 0.06875
0 0.23529411764705882 0.8671875 0.06470588235294118 0.0421875
0 0.09411764705882353 0.953125 0.041176470588235294 0.053125
0 0.05 0.9640625 0.03823529411764706 0.0359375
0 0.8676470588235294 0.98125 0.08235294117647059 0.0359375
0 0.7264705882352941 0.6625 0.06470588235294118 0.0265625
0 0.8470588235294118 0.71875 0.047058823529411764 0.0359375
0 0.975 0.72734375 0.05 0.0546875
0 0.3411764705882353 0.5953125 0.09411764705882353 0.0375
0 0.08235294117647059 0.0265625 0.08235294117647059 0.053125