0 0.049342105263157895 0.9921875 0.09868421052631579 0.0140625
0 0.3256578947368421 0.875 0.11842105263157894 0.0515625
0 0.029605263157894735 0.6015625 0.05592105263157895 0.075
0 0.08223684210526316 0.134375 0.16447368421052633 0.075
0 0.10855263157894737 0.0015625 0.15460526315789475 0.0015625
0 0.9736842105263158 0.028125 0.049342105263157895 0.0421875
0 0.375 0.0046875 0.14473684210526316 0.009375
0 0.0625 0.2390625 0.125 0.0734375
0 0.375 0.3890625 0.11513157894736842 0.0390625
0 0.4243421052631579 0.1796875 0.08223684210526316 0.040625
0 0.45723684210526316 0.8765625 0.09539473684210527 0.0375
0 0.5723684210526315 0.94375 0.10197368421052631 0.0828125
0 0.18421052631578946 0.965625 0.1611842105263158 0.028125
0 0.2598684210526316 0.9265625 0.0625 0.01875
0 0.19736842105263158 0.8578125 0.07894736842105263 0.03125
0 0.375 0.996875 0.0756578947368421 0.00625
0 0.4440789473684211 0.9953125 0.039473684210526314 0.009375
0 0.7664473684210527 0.584375 0.07236842105263158 0.0234375
0 0.8453947368421053 0.5578125 0.046052631578947366 0.0640625
0 0.013157894736842105 0.8046875 0.023026315789473683 0.046875
0 0.003289473684210526 0.6828125 0.006578947368421052 0.0421875
0 0.16447368421052633 0.715625 0.06907894736842106 0.0390625
0 0.18092105263157895 0.05625 0.08881578947368421 0.0265625
0 0.25 0.0390625 0.07236842105263158 0.0203125
0 0.3519736842105263 0.0453125 0.05921052631578947 0.0328125
0 0.24342105263157895 0.3109375 0.14473684210526316 0.04375
0 0.25 0.3515625 0.09210526315789473 0.028125
0 0.26644736842105265 0.378125 0.05592105263157895 0.01875
0 0.6973684210526315 0.3109375 0.17105263157894737 0.059375
0 0.75 0.3171875 0.046052631578947366 0.0359375
0 0.5592105263157895 0.415625 0.05921052631578947 0.03125
0 0.15460526315789475 0.44375 0.13486842105263158 0.059375
0 0.35526315789473684 0.46875 0.09539473684210527 0.0484375
0 0.24342105263157895 0.525 0.0756578947368421 0.03125
0 0.33881578947368424 0.5171875 0.07236842105263158 0.04375
0 0.15789473684210525 0.5390625 0.10197368421052631 0.0375
0 0.06907894736842106 0.5140625 0.0625 0.0609375
0 0.013157894736842105 0.4421875 0.023026315789473683 0.0421875
0 0.19407894736842105 0.6796875 0.07894736842105263 0.0296875
0 0.21052631578947367 0.64375 0.13815789473684212 0.0390625
0 0.08552631578947369 0.665625 0.06578947368421052 0.0296875
0 0.05592105263157895 0.7375 0.10855263157894737 0.05
0 0.41118421052631576 0.59375 0.18092105263157895 0.0390625
0 0.33223684210526316 0.6109375 0.049342105263157895 0.015625
0 0.5822368421052632 0.7109375 0.049342105263157895 0.03125
0 0.6776315789473685 0.715625 0.08223684210526316 0.0359375
0 0.5493421052631579 0.740625 0.0625 0.03125
0 0.6217105263157895 0.753125 0.08223684210526316 0.0296875
0 0.555921052631579 0.8015625 0.08223684210526316 0.040625
0 0.2532894736842105 0.8234375 0.0625 0.025
0 0.3223684210526316 0.8328125 0.08552631578947369 0.01875
0 0.33881578947368424 0.8 0.0625 0.0234375
0 0.8881578947368421 0.478125 0.125 0.0234375
0 0.9078947368421053 0.5375 0.09210526315789473 0.04375
0 0.9506578947368421 0.928125 0.09539473684210527 0.0421875
0 0.7730263157894737 0.7828125 0.09210526315789473 0.021875
0 0.618421052631579 0.8515625 0.09210526315789473 0.0265625
0 0.8453947368421053 0.846875 0.09539473684210527 0.0296875
0 0.944078947368421 0.8328125 0.04276315789473684 0.0265625
0 0.9210526315789473 0.7984375 0.08223684210526316 0.0375
0 0.9243421052631579 0.771875 0.049342105263157895 0.0234375
0 0.40789473684210525 0.6890625 0.12171052631578948 0.0203125
0 0.5986842105263158 0.5703125 0.08223684210526316 0.04375
0 0.006578947368421052 0.9359375 0.009868421052631578 0.034375
0 0.756578947368421 0.6265625 0.10526315789473684 0.06875
0 0.09868421052631579 0.909375 0.08223684210526316 0.040625