0 0.16176470588235295 0.9875 0.08235294117647059 0.0234375
0 0.5088235294117647 0.9859375 0.07352941176470588 0.0265625
0 0.7970588235294118 0.9328125 0.11764705882352941 0.04375
0 0.2911764705882353 0.5859375 0.07647058823529412 0.0421875
0 0.975 0.4765625 0.05 0.05625
0 0.9426470588235294 0.37265625 0.11470588235294117 0.0609375
0 0.8529411764705882 0.5578125 0.1 0.0515625
0 0.8941176470588236 0.6484375 0.06470588235294118 0.0578125
0 0.8117647058823529 0.696875 0.1264705882352941 0.0703125
0 0.5264705882352941 0.546875 0.13529411764705881 0.0609375
0 0.07352941176470588 0.5375 0.052941176470588235 0.034375
0 0.03823529411764706 0.58125 0.07647058823529412 0.0375
0 0.19411764705882353 0.634375 0.11470588235294117 0.0359375