0 0.05921052631578947 0.3859375 0.11842105263157894 0.096875
0 0.5032894736842105 0.7890625 0.125 0.0765625
0 0.5493421052631579 0.925 0.13157894736842105 0.0859375
0 0.8717105263157895 0.990625 0.07236842105263158 0.0171875
0 0.8157894736842105 0.590625 0.10197368421052631 0.046875
0 0.6480263157894737 0.634375 0.09210526315789473 0.0296875
0 0.7894736842105263 0.6984375 0.13157894736842105 0.05625
0 0.0756578947368421 0.028125 0.1118421052631579 0.05625
0 0.2565789473684211 0.0734375 0.13157894736842105 0.065625
0 0.35526315789473684 0.134375 0.11513157894736842 0.059375
0 0.46381578947368424 0.0796875 0.09539473684210527 0.0578125
0 0.2532894736842105 0.434375 0.07236842105263158 0.034375
0 0.5723684210526315 0.321875 0.10526315789473684 0.05
0 0.9210526315789473 0.2921875 0.07236842105263158 0.04375
0 0.9177631578947368 0.475 0.16447368421052633 0.0890625
0 0.46381578947368424 0.5875 0.09539473684210527 0.053125
0 0.5460526315789473 0.5890625 0.07894736842105263 0.0421875
0 0.4901315789473684 0.690625 0.17763157894736842 0.0453125
0 0.5131578947368421 0.475 0.12828947368421054 0.071875
0 0.3881578947368421 0.44375 0.1118421052631579 0.0359375
0 0.8223684210526315 0.921875 0.17105263157894737 0.0640625
0 0.7631578947368421 0.8875 0.07894736842105263 0.0359375
0 0.8782894736842105 0.9015625 0.08881578947368421 0.0390625
0 0.631578947368421 0.759375 0.08881578947368421 0.046875
0 0.9720394736842105 0.7578125 0.05592105263157895 0.040625
0 0.9654605263157895 0.625 0.06907894736842106 0.125
0 0.9490131578947368 0.61796875 0.10197368421052631 0.0453125
0 0.7894736842105263 0.6296875 0.0756578947368421 0.0328125
0 0.8782894736842105 0.6390625 0.09868421052631579 0.040625
0 0.8848684210526315 0.690625 0.023026315789473683 0.03125
0 0.9210526315789473 0.725 0.05263157894736842 0.053125
0 0.75 0.7484375 0.08223684210526316 0.025
0 0.7532894736842105 0.790625 0.07236842105263158 0.0359375
0 0.555921052631579 0.840625 0.15460526315789475 0.0328125
0 0.7269736842105263 0.84375 0.07236842105263158 0.0359375
0 0.5921052631578947 0.975 0.10855263157894737 0.0484375
0 0.7796052631578947 0.965625 0.10855263157894737 0.0640625