0 0.8414634146341463 0.7625 0.1798780487804878 0.053125
0 0.6158536585365854 0.778125 0.1524390243902439 0.05
0 0.649390243902439 0.89375 0.09146341463414634 0.0296875
0 0.9466463414634146 0.1046875 0.10670731707317073 0.109375
0 0.9634146341463414 0.4546875 0.07317073170731707 0.0703125
0 0.28353658536585363 0.103125 0.16463414634146342 0.065625
0 0.07926829268292683 0.3171875 0.15548780487804878 0.1
0 0.04573170731707317 0.246875 0.08841463414634146 0.028125
0 0.27134146341463417 0.3015625 0.11890243902439024 0.028125
0 0.2926829268292683 0.384375 0.11280487804878049 0.0359375
0 0.676829268292683 0.3875 0.1798780487804878 0.0515625
0 0.551829268292683 0.053125 0.027439024390243903 0.025
0 0.676829268292683 0.0796875 0.04878048780487805 0.0375
0 0.7774390243902439 0.115625 0.07926829268292683 0.0296875
0 0.9603658536585366 0.0140625 0.07926829268292683 0.0265625
0 0.17682926829268292 0.0125 0.14939024390243902 0.025
0 0.18597560975609756 0.4796875 0.10365853658536585 0.0578125
0 0.19207317073170732 0.5609375 0.125 0.0328125
0 0.22560975609756098 0.615625 0.10365853658536585 0.0578125
0 0.46646341463414637 0.5125 0.14634146341463414 0.090625
0 0.8140243902439024 0.465625 0.0975609756097561 0.0421875
0 0.8810975609756098 0.925 0.13414634146341464 0.0375