0 0.17737003058103976 0.9828125 0.14984709480122324 0.034375
0 0.9831804281345565 0.99140625 0.03363914373088685 0.0140625
0 0.9877675840978594 0.959375 0.024464831804281346 0.0375
0 0.9235474006116208 0.9890625 0.0764525993883792 0.0203125
0 0.8348623853211009 0.678125 0.2966360856269113 0.1078125
0 0.9908256880733946 0.709375 0.01834862385321101 0.0671875
0 0.9403669724770642 0.41171875 0.11926605504587157 0.0578125
0 0.03058103975535168 0.4359375 0.06116207951070336 0.0734375
0 0.3853211009174312 0.378125 0.3119266055045872 0.1078125
0 0.3149847094801223 0.4875 0.19877675840978593 0.0703125
0 0.24770642201834864 0.6609375 0.1559633027522936 0.0609375
0 0.03058103975535168 0.734375 0.06116207951070336 0.0515625
0 0.45565749235474007 0.928125 0.15902140672782875 0.0796875
0 0.617737003058104 0.8828125 0.1345565749235474 0.0703125
0 0.7003058103975535 0.809375 0.09785932721712538 0.078125
0 0.8440366972477065 0.821875 0.08256880733944955 0.028125
0 0.9984709480122325 0.7671875 0.0030581039755351682 0.034375
0 0.908256880733945 0.865625 0.11314984709480122 0.0203125
0 0.9159021406727829 0.22265625 0.16819571865443425 0.0609375
0 0.08256880733944955 0.246875 0.09785932721712538 0.0546875
0 0.11926605504587157 0.3421875 0.07339449541284404 0.0296875
0 0.12844036697247707 0.5859375 0.11009174311926606 0.0578125
0 0.8929663608562691 0.3734375 0.21100917431192662 0.090625
0 0.8562691131498471 0.428125 0.06422018348623854 0.05
0 0.5259938837920489 0.771875 0.07033639143730887 0.0453125
0 0.746177370030581 0.584375 0.2415902140672783 0.09375
0 0.4801223241590214 0.5796875 0.05198776758409786 0.028125
0 0.04892966360856269 0.5125 0.05198776758409786 0.0265625
0 0.11009174311926606 0.0515625 0.06116207951070336 0.040625