0 0.6993865030674846 0.7984375 0.254601226993865 0.06875
0 0.6932515337423313 0.884375 0.13803680981595093 0.0671875
0 0.9800613496932515 0.8796875 0.03987730061349693 0.065625
0 0.8343558282208589 0.884375 0.1165644171779141 0.065625
0 0.4049079754601227 0.9578125 0.1165644171779141 0.05
0 0.8343558282208589 0.453125 0.17484662576687116 0.103125
0 0.5858895705521472 0.3796875 0.0950920245398773 0.05
0 0.7024539877300614 0.3265625 0.11349693251533742 0.04375
0 0.7607361963190185 0.35625 0.10736196319018405 0.0546875
0 0.5245398773006135 0.3078125 0.12269938650306748 0.0578125
0 0.401840490797546 0.3765625 0.11042944785276074 0.065625
0 0.5 0.3703125 0.10736196319018405 0.1015625
0 0.4386503067484663 0.45 0.1441717791411043 0.0515625
0 0.4815950920245399 0.50625 0.10736196319018405 0.0546875
0 0.9616564417177914 0.4140625 0.07668711656441718 0.0375
0 0.7883435582822086 0.2765625 0.09815950920245399 0.0515625
0 0.6411042944785276 0.078125 0.09815950920245399 0.0421875
0 0.5245398773006135 0.165625 0.08895705521472393 0.034375
0 0.5613496932515337 0.2015625 0.06748466257668712 0.034375
0 0.34049079754601225 0.0328125 0.1196319018404908 0.065625
0 0.5 0.0625 0.10429447852760736 0.0625
0 0.39570552147239263 0.1921875 0.0950920245398773 0.06875
0 0.12883435582822086 0.2109375 0.12576687116564417 0.0625
0 0.2791411042944785 0.290625 0.29141104294478526 0.090625
0 0.30368098159509205 0.3703125 0.13803680981595093 0.046875
0 0.3098159509202454 0.146875 0.0736196319018405 0.025
0 0.4570552147239264 0.146875 0.0736196319018405 0.046875
0 0.294478527607362 0.08125 0.08282208588957055 0.0734375
0 0.18404907975460122 0.0875 0.12269938650306748 0.0625
0 0.06134969325153374 0.3796875 0.11349693251533742 0.078125
0 0.13803680981595093 0.4125 0.08588957055214724 0.025
0 0.08282208588957055 0.5109375 0.06748466257668712 0.034375
0 0.2668711656441718 0.4859375 0.06134969325153374 0.05
0 0.2085889570552147 0.4421875 0.05214723926380368 0.040625
0 0.2852760736196319 0.4546875 0.06134969325153374 0.0578125
0 0.05521472392638037 0.6765625 0.10736196319018405 0.0890625
0 0.1656441717791411 0.709375 0.12269938650306748 0.053125
0 0.1411042944785276 0.759375 0.13496932515337423 0.0546875
0 0.46319018404907975 0.675 0.0705521472392638 0.053125
0 0.31901840490797545 0.684375 0.13803680981595093 0.046875
0 0.3496932515337423 0.7484375 0.13803680981595093 0.0390625
0 0.3282208588957055 0.790625 0.10429447852760736 0.034375
0 0.4233128834355828 0.8171875 0.05828220858895705 0.04375
0 0.5429447852760736 0.8375 0.07975460122699386 0.0578125
0 0.852760736196319 0.678125 0.08588957055214724 0.0609375
0 0.6349693251533742 0.6390625 0.1441717791411043 0.0796875
0 0.6319018404907976 0.5828125 0.15337423312883436 0.04375
0 0.8773006134969326 0.546875 0.13190184049079753 0.05
0 0.3374233128834356 0.603125 0.13496932515337423 0.0515625
0 0.2147239263803681 0.61875 0.15950920245398773 0.065625
0 0.06441717791411043 0.6015625 0.12576687116564417 0.065625
0 0.3220858895705521 0.5421875 0.10429447852760736 0.034375
0 0.13190184049079753 0.5578125 0.1196319018404908 0.03125
0 0.6134969325153374 0.45 0.1196319018404908 0.0640625
0 0.9984662576687117 0.5359375 0.003067484662576687 0.0375
0 0.9647239263803681 0.75 0.0705521472392638 0.053125
0 0.8711656441717791 0.725 0.1196319018404908 0.05
0 0.09202453987730061 0.8453125 0.10736196319018405 0.053125
0 0.08282208588957055 0.896875 0.16257668711656442 0.0796875
0 0.024539877300613498 0.98125 0.046012269938650305 0.0375
0 0.0705521472392638 0.9890625 0.10736196319018405 0.0203125
0 0.29141104294478526 0.9203125 0.08588957055214724 0.0390625