0 0.1875 0.0671875 0.20723684210526316 0.10625
0 0.2138157894736842 0.690625 0.21710526315789475 0.1171875
0 0.3355263157894737 0.484375 0.17434210526315788 0.14375
0 0.5296052631578947 0.871875 0.14473684210526316 0.06875
0 0.41776315789473684 0.0078125 0.0756578947368421 0.0140625
0 0.5625 0.0421875 0.13486842105263158 0.06875
0 0.7039473684210527 0.65625 0.16447368421052633 0.103125
0 0.1875 0.796875 0.12171052631578948 0.0390625
0 0.6447368421052632 0.7328125 0.0756578947368421 0.0515625
0 0.5361842105263158 0.7984375 0.06578947368421052 0.009375
0 0.33223684210526316 0.225 0.14473684210526316 0.0734375
0 0.2138157894736842 0.2296875 0.16447368421052633 0.1140625
0 0.5986842105263158 0.415625 0.009868421052631578 0.0734375
0 0.6973684210526315 0.321875 0.07894736842105263 0.0390625
0 0.5328947368421053 0.3125 0.0756578947368421 0.01875