0 0.8646864686468647 0.928125 0.21122112211221122 0.08125
0 0.594059405940594 0.309375 0.44884488448844884 0.1109375
0 0.36633663366336633 0.009375 0.1254125412541254 0.01875
0 0.7887788778877888 0.034375 0.1419141914191419 0.0671875
0 0.8151815181518152 0.159375 0.1617161716171617 0.0546875
0 0.8646864686468647 0.20625 0.0924092409240924 0.0328125
0 0.33993399339933994 0.3828125 0.16501650165016502 0.0765625
0 0.5214521452145214 0.115625 0.11221122112211221 0.053125
0 0.15181518151815182 0.384375 0.10561056105610561 0.0640625
0 0.32673267326732675 0.5 0.14521452145214522 0.0578125
0 0.7425742574257426 0.509375 0.1782178217821782 0.046875
0 0.9273927392739274 0.0125 0.14521452145214522 0.0234375
0 0.37293729372937295 0.7125 0.0627062706270627 0.040625
0 0.47854785478547857 0.7625 0.11551155115511551 0.0453125
0 0.7227722772277227 0.5734375 0.1419141914191419 0.0453125
0 0.6336633663366337 0.634375 0.1485148514851485 0.065625
0 0.9240924092409241 0.4484375 0.1254125412541254 0.0375
0 0.9752475247524752 0.4921875 0.04950495049504951 0.0375
0 0.6864686468646864 0.38125 0.11221122112211221 0.06875
0 0.6171617161716172 0.1 0.13861386138613863 0.075
0 0.40594059405940597 0.08125 0.0891089108910891 0.03125
0 0.3102310231023102 0.071875 0.10891089108910891 0.0671875
0 0.1848184818481848 0.0375 0.0858085808580858 0.0390625
0 0.019801980198019802 0.1390625 0.039603960396039604 0.0203125
0 0.0429042904290429 0.178125 0.0858085808580858 0.0453125
0 0.019801980198019802 0.2125 0.039603960396039604 0.05625
0 0.07590759075907591 0.2375 0.066006600660066 0.0375
0 0.5181518151815182 0.171875 0.07260726072607261 0.0390625
0 0.34983498349834985 0.2203125 0.066006600660066 0.0265625
0 0.30033003300330036 0.1859375 0.019801980198019802 0.0265625
0 0.8316831683168316 0.075 0.20462046204620463 0.0390625
0 0.1419141914191419 0.065625 0.039603960396039604 0.0328125
0 0.1419141914191419 0.284375 0.06930693069306931 0.0390625
0 0.3333333333333333 0.296875 0.10561056105610561 0.046875
0 0.036303630363036306 0.315625 0.07260726072607261 0.0390625
0 0.0231023102310231 0.3671875 0.0462046204620462 0.034375
0 0.033003300330033 0.425 0.0594059405940594 0.0328125
0 0.013201320132013201 0.434375 0.026402640264026403 0.053125
0 0.2079207920792079 0.43125 0.11551155115511551 0.0578125
0 0.2376237623762376 0.4859375 0.07260726072607261 0.028125
0 0.2079207920792079 0.5046875 0.132013201320132 0.053125
0 0.3102310231023102 0.55625 0.06930693069306931 0.021875
0 0.5412541254125413 0.546875 0.08250825082508251 0.0421875
0 0.5808580858085809 0.4390625 0.1419141914191419 0.05
0 0.801980198019802 0.39375 0.0627062706270627 0.0390625
0 0.9174917491749175 0.2390625 0.056105610561056105 0.0265625
0 0.6633663366336634 0.478125 0.0858085808580858 0.0390625
0 0.12211221122112212 0.578125 0.10231023102310231 0.0375
0 0.12211221122112212 0.628125 0.09900990099009901 0.0390625
0 0.056105610561056105 0.703125 0.11221122112211221 0.0515625
0 0.19141914191419143 0.7296875 0.10561056105610561 0.053125
0 0.22772277227722773 0.6796875 0.09570957095709572 0.01875
0 0.013201320132013201 0.6046875 0.026402640264026403 0.0390625
0 0.45544554455445546 0.6421875 0.06930693069306931 0.0390625
0 0.570957095709571 0.584375 0.07590759075907591 0.034375
0 0.45874587458745875 0.590625 0.08250825082508251 0.0390625
0 0.9207920792079208 0.6 0.11221122112211221 0.0703125
0 0.9207920792079208 0.6921875 0.1485148514851485 0.034375
0 0.768976897689769 0.8671875 0.10231023102310231 0.028125
0 0.47194719471947194 0.9484375 0.07920792079207921 0.0359375
0 0.07920792079207921 0.9765625 0.1551155115511551 0.046875
0 0.2145214521452145 0.990625 0.16831683168316833 0.0171875
0 0.28052805280528054 0.8265625 0.0858085808580858 0.0109375
0 0.2838283828382838 0.8546875 0.0858085808580858 0.025
0 0.16501650165016502 0.86875 0.07920792079207921 0.040625
0 0.07260726072607261 0.91875 0.06930693069306931 0.053125
0 0.0165016501650165 0.51875 0.0297029702970297 0.053125
0 0.033003300330033 0.5734375 0.0297029702970297 0.0453125
0 0.8448844884488449 0.753125 0.0891089108910891 0.0453125
0 0.995049504950495 0.53203125 0.009900990099009901 0.0640625