0 0.10122699386503067 0.959375 0.19938650306748465 0.08125
0 0.9693251533742331 0.8328125 0.06134969325153374 0.1296875
0 0.5858895705521472 0.628125 0.35276073619631904 0.1890625
0 0.9539877300613497 0.5890625 0.09202453987730061 0.078125
0 0.9294478527607362 0.996875 0.1196319018404908 0.00625
0 0.20245398773006135 0.7421875 0.11042944785276074 0.0875
0 0.22392638036809817 0.6171875 0.13803680981595093 0.0453125
0 0.39570552147239263 0.803125 0.10122699386503067 0.0484375
0 0.2822085889570552 0.771875 0.05521472392638037 0.0578125
0 0.08282208588957055 0.8375 0.07975460122699386 0.0328125
0 0.7944785276073619 0.9171875 0.12269938650306748 0.05
0 0.6871165644171779 0.9 0.08282208588957055 0.0375
0 0.598159509202454 0.9171875 0.09815950920245399 0.0515625
0 0.5644171779141104 0.9546875 0.1165644171779141 0.040625
0 0.6134969325153374 0.9984375 0.06441717791411043 0.003125
0 0.9355828220858896 0.709375 0.046012269938650305 0.0234375
0 0.5276073619631901 0.7890625 0.04294478527607362 0.0296875
0 0.39263803680981596 0.859375 0.09202453987730061 0.0171875
0 0.901840490797546 0.7734375 0.0705521472392638 0.0421875
0 0.8312883435582822 0.53125 0.0950920245398773 0.05
0 0.9447852760736196 0.375 0.07668711656441718 0.0421875
0 0.7914110429447853 0.4578125 0.07668711656441718 0.0390625
0 0.9141104294478528 0.284375 0.11349693251533742 0.0578125
0 0.6656441717791411 0.2328125 0.13190184049079753 0.05
0 0.7423312883435583 0.2625 0.08895705521472393 0.059375
0 0.254601226993865 0.275 0.24539877300613497 0.0609375
0 0.17791411042944785 0.2 0.1196319018404908 0.0734375
0 0.4325153374233129 0.1140625 0.13190184049079753 0.0703125
0 0.588957055214724 0.1671875 0.18711656441717792 0.0484375
0 0.9754601226993865 0.059375 0.049079754601226995 0.0640625
0 0.8650306748466258 0.95 0.08282208588957055 0.0171875
0 0.6809815950920245 0.9921875 0.06441717791411043 0.0140625
0 0.36503067484662577 0.925 0.0950920245398773 0.0453125
0 0.4539877300613497 0.9171875 0.0705521472392638 0.0296875
0 0.995398773006135 0.440625 0.009202453987730062 0.021875
0 0.8834355828220859 0.4171875 0.05828220858895705 0.0140625
0 0.941717791411043 0.434375 0.03680981595092025 0.028125
0 0.9202453987730062 0.4640625 0.05521472392638037 0.021875
0 0.7515337423312883 0.4328125 0.049079754601226995 0.0359375
0 0.4601226993865031 0.0265625 0.10122699386503067 0.0453125
0 0.6257668711656442 0.028125 0.06748466257668712 0.0296875
0 0.8343558282208589 0.046875 0.0950920245398773 0.034375
0 0.7852760736196319 0.16875 0.08588957055214724 0.0453125
0 0.9386503067484663 0.14375 0.06441717791411043 0.0390625
0 0.10122699386503067 0.340625 0.10429447852760736 0.05
0 0.11349693251533742 0.45 0.12883435582822086 0.04375
0 0.03987730061349693 0.5046875 0.07975460122699386 0.0453125
0 0.3128834355828221 0.5078125 0.05214723926380368 0.0296875
0 0.30368098159509205 0.4125 0.05828220858895705 0.0546875
0 0.950920245398773 0.3375 0.05828220858895705 0.0296875
0 0.9861963190184049 0.23671875 0.027607361963190184 0.0359375
0 0.015337423312883436 0.334375 0.027607361963190184 0.0671875
0 0.5828220858895705 0.3234375 0.09815950920245399 0.0515625
0 0.49079754601226994 0.315625 0.0736196319018405 0.0421875
0 0.4110429447852761 0.3984375 0.44171779141104295 0.16875