0 0.13864306784660768 0.9140625 0.27728613569321536 0.1578125
0 0.07669616519174041 0.675 0.15339233038348082 0.090625
0 0.05604719764011799 0.5296875 0.10914454277286136 0.0671875
0 0.6814159292035398 0.7890625 0.14749262536873156 0.090625
0 0.7109144542772862 0.159375 0.19174041297935104 0.1234375
0 0.9056047197640118 0.4328125 0.10914454277286136 0.0609375
0 0.09144542772861357 0.15625 0.07964601769911504 0.03125
0 0.30383480825958703 0.2515625 0.0471976401179941 0.028125
0 0.36283185840707965 0.2578125 0.05309734513274336 0.0390625
0 0.9292035398230089 0.2484375 0.10914454277286136 0.05625
0 0.6578171091445427 0.4046875 0.0943952802359882 0.0390625
0 0.02064896755162242 0.39375 0.038348082595870206 0.0375
0 0.23303834808259588 0.5421875 0.10619469026548672 0.0484375
0 0.02654867256637168 0.7828125 0.05309734513274336 0.0359375
0 0.7640117994100295 0.9515625 0.06784660766961652 0.04375
0 0.40707964601769914 0.403125 0.0943952802359882 0.0515625
0 0.6666666666666666 0.565625 0.058997050147492625 0.0234375
0 0.9085545722713865 0.9953125 0.07374631268436578 0.0078125
0 0.41002949852507375 0.9125 0.07079646017699115 0.0453125
0 0.5162241887905604 0.96875 0.06489675516224189 0.040625
0 0.6991150442477876 0.9953125 0.05604719764011799 0.009375
0 0.8171091445427728 0.834375 0.08259587020648967 0.0640625
0 0.6283185840707964 0.709375 0.04129793510324484 0.0296875
0 0.696165191740413 0.65625 0.13274336283185842 0.0453125
0 0.30973451327433627 0.6765625 0.07079646017699115 0.0375
0 0.2831858407079646 0.7234375 0.04129793510324484 0.028125
0 0.3333333333333333 0.725 0.05014749262536873 0.0375
0 0.3185840707964602 0.7765625 0.05604719764011799 0.0484375
0 0.41887905604719766 0.7671875 0.06784660766961652 0.034375
0 0.3333333333333333 0.7921875 0.05604719764011799 0.0359375
0 0.12684365781710916 0.734375 0.07669616519174041 0.0453125
0 0.18289085545722714 0.7953125 0.05604719764011799 0.0203125
0 0.12094395280235988 0.6109375 0.07669616519174041 0.040625
0 0.4631268436578171 0.1703125 0.0943952802359882 0.0484375
0 0.5486725663716814 0.284375 0.05604719764011799 0.0375
0 0.616519174041298 0.35625 0.05604719764011799 0.028125
0 0.7227138643067846 0.3828125 0.07669616519174041 0.0296875
0 0.41297935103244837 0.06875 0.08259587020648967 0.05625
0 0.4277286135693215 0.1015625 0.06784660766961652 0.04375
0 0.5103244837758112 0.015625 0.06489675516224189 0.0296875
0 0.5575221238938053 0.05625 0.07669616519174041 0.0359375
0 0.2153392330383481 0.0296875 0.11504424778761062 0.0546875