0 0.975 0.63046875 0.05 0.0265625
0 0.7264705882352941 0.875 0.10294117647058823 0.0375
0 0.3411764705882353 0.9828125 0.1264705882352941 0.0328125
0 0.9485294117647058 0.22734375 0.10294117647058823 0.0609375
0 0.7411764705882353 0.053125 0.07058823529411765 0.05
0 0.8441176470588235 0.103125 0.1 0.04375
0 0.13823529411764707 0.15 0.11764705882352941 0.04375
0 0.047058823529411764 0.240625 0.09411764705882353 0.0453125
0 0.4852941176470588 0.2484375 0.06470588235294118 0.0265625
0 0.6441176470588236 0.33125 0.061764705882352944 0.0359375
0 0.7382352941176471 0.1703125 0.029411764705882353 0.0359375
0 0.7029411764705882 0.5953125 0.10294117647058823 0.0453125
0 0.25588235294117645 0.309375 0.058823529411764705 0.0375
0 0.40588235294117647 0.3734375 0.07647058823529412 0.04375
0 0.2823529411764706 0.4203125 0.061764705882352944 0.05
0 0.5235294117647059 0.3109375 0.08235294117647059 0.04375
0 0.8235294117647058 0.515625 0.10294117647058823 0.0359375
0 0.8558823529411764 0.96875 0.07941176470588235 0.0515625
0 0.5176470588235295 0.615625 0.11764705882352941 0.05625
0 0.22058823529411764 0.7140625 0.052941176470588235 0.0375
0 0.1 0.98125 0.05 0.0375
0 0.17941176470588235 0.990625 0.047058823529411764 0.0171875
0 0.5264705882352941 0.00625 0.08529411764705883 0.0109375
0 0.9029411764705882 0.034375 0.11470588235294117 0.0359375