0 0.9243421052631579 0.3265625 0.13157894736842105 0.06875
0 0.9835526315789473 0.4375 0.03289473684210526 0.0890625
0 0.3717105263157895 0.0328125 0.1118421052631579 0.0640625
0 0.618421052631579 0.0578125 0.0756578947368421 0.0484375
0 0.4375 0.9796875 0.06578947368421052 0.040625
0 0.9638157894736842 0.8984375 0.06907894736842106 0.046875
0 0.2236842105263158 0.371875 0.1118421052631579 0.059375
0 0.19407894736842105 0.296875 0.19736842105263158 0.0640625
0 0.14473684210526316 0.6921875 0.13486842105263158 0.04375
0 0.05263157894736842 0.60625 0.09210526315789473 0.0484375
0 0.3782894736842105 0.5625 0.08223684210526316 0.021875
0 0.7861842105263158 0.4765625 0.08223684210526316 0.0515625
0 0.5888157894736842 0.34375 0.09868421052631579 0.059375
0 0.9901315789473685 0.0171875 0.019736842105263157 0.034375
0 0.6513157894736842 0.2203125 0.125 0.0296875
0 0.40131578947368424 0.1796875 0.13157894736842105 0.059375
0 0.8289473684210527 0.68125 0.14144736842105263 0.128125
0 0.8717105263157895 0.178125 0.10855263157894737 0.071875