0 0.8795379537953796 0.48203125 0.24092409240924093 0.0796875
0 0.7161716171617162 0.3578125 0.22112211221122113 0.0765625
0 0.5181518151815182 0.5921875 0.3201320132013201 0.121875
0 0.3069306930693069 0.8015625 0.49834983498349833 0.221875
0 0.1617161716171617 0.4 0.19801980198019803 0.0515625
0 0.7128712871287128 0.0921875 0.17491749174917492 0.0796875
0 0.5907590759075908 0.209375 0.22772277227722773 0.0875
0 0.8547854785478548 0.159375 0.1551155115511551 0.0453125
0 0.8877887788778878 0.2484375 0.1254125412541254 0.0671875
0 0.3696369636963696 0.0859375 0.22772277227722773 0.11875
0 0.801980198019802 0.021875 0.13861386138613863 0.0421875
0 0.0891089108910891 0.35 0.1188118811881188 0.03125
0 0.47854785478547857 0.4515625 0.08250825082508251 0.0546875
0 0.6138613861386139 0.4734375 0.1617161716171617 0.053125
0 0.8316831683168316 0.7109375 0.11551155115511551 0.04375
0 0.039603960396039604 0.4640625 0.07590759075907591 0.0796875
0 0.1617161716171617 0.1015625 0.0924092409240924 0.046875
0 0.08250825082508251 0.0984375 0.0858085808580858 0.0328125
0 0.5214521452145214 0.346875 0.15181518151815182 0.08125
0 0.3102310231023102 0.1828125 0.07920792079207921 0.0234375
0 0.38613861386138615 0.284375 0.056105610561056105 0.01875
0 0.0297029702970297 0.1921875 0.056105610561056105 0.0390625
0 0.0429042904290429 0.225 0.056105610561056105 0.028125
0 0.013201320132013201 0.603125 0.026402640264026403 0.0328125
0 0.0297029702970297 0.640625 0.056105610561056105 0.0234375
0 0.10891089108910891 0.628125 0.052805280528052806 0.0390625