0 0.7003058103975535 0.96875 0.3363914373088685 0.0609375
0 0.9403669724770642 0.95 0.11926605504587157 0.04375
0 0.42201834862385323 0.39375 0.12232415902140673 0.0609375
0 0.4984709480122324 0.5359375 0.1162079510703364 0.0703125
0 0.9311926605504587 0.35859375 0.13761467889908258 0.1171875
0 0.7125382262996942 0.55625 0.11009174311926606 0.053125
0 0.6299694189602446 0.6328125 0.08256880733944955 0.0484375
0 0.44954128440366975 0.6015625 0.13761467889908258 0.0421875
0 0.581039755351682 0.7828125 0.09480122324159021 0.0421875
0 0.7706422018348624 0.7234375 0.10397553516819572 0.0375
0 0.7675840978593272 0.80625 0.0581039755351682 0.0359375
0 0.6055045871559633 0.9015625 0.11926605504587157 0.0578125
0 0.021406727828746176 0.8921875 0.04281345565749235 0.0671875
0 0.1162079510703364 0.8875 0.07951070336391437 0.040625
0 0.1162079510703364 0.95625 0.06422018348623854 0.03125
0 0.581039755351682 0.275 0.0764525993883792 0.0359375
0 0.8073394495412844 0.3578125 0.1926605504587156 0.05625
0 0.2782874617737003 0.415625 0.13761467889908258 0.0359375
0 0.5412844036697247 0.05625 0.3761467889908257 0.1109375
0 0.8746177370030581 0.06875 0.1345565749235474 0.0625
0 0.7400611620795107 0.203125 0.09785932721712538 0.0296875
0 0.8440366972477065 0.2 0.0672782874617737 0.0515625
0 0.012232415902140673 0.54375 0.024464831804281346 0.0390625
0 0.039755351681957186 0.4921875 0.0764525993883792 0.040625
0 0.20795107033639143 0.465625 0.10091743119266056 0.05
0 0.43730886850152906 0.9453125 0.0856269113149847 0.0203125
0 0.3853211009174312 0.99375 0.12844036697247707 0.0109375