0 0.23355263157894737 0.0375 0.46710526315789475 0.075
0 0.9605263157894737 0.7078125 0.0756578947368421 0.1734375
0 0.5164473684210527 0.478125 0.33223684210526316 0.1234375
0 0.9243421052631579 0.4328125 0.14473684210526316 0.0921875
0 0.9835526315789473 0.125 0.029605263157894735 0.175
0 0.9276315789473685 0.1484375 0.14144736842105263 0.0984375
0 0.8585526315789473 0.86875 0.12828947368421054 0.0640625
0 0.7138157894736842 0.234375 0.08552631578947369 0.021875
0 0.8223684210526315 0.25 0.07236842105263158 0.0234375
0 0.3125 0.25625 0.14144736842105263 0.0671875
0 0.5756578947368421 0.9828125 0.09210526315789473 0.0328125
0 0.7697368421052632 0.7859375 0.08223684210526316 0.0515625
0 0.4309210526315789 0.7390625 0.08223684210526316 0.0296875
0 0.45394736842105265 0.9859375 0.10855263157894737 0.028125
0 0.2138157894736842 0.471875 0.11513157894736842 0.040625
0 0.02631578947368421 0.428125 0.05263157894736842 0.040625
0 0.17763157894736842 0.403125 0.07236842105263158 0.0234375
0 0.14144736842105263 0.4171875 0.08223684210526316 0.034375
0 0.18092105263157895 0.3359375 0.04276315789473684 0.0234375
0 0.28289473684210525 0.3953125 0.08552631578947369 0.04375
0 0.23026315789473684 0.3796875 0.06578947368421052 0.034375
0 0.18092105263157895 0.378125 0.04276315789473684 0.0203125
0 0.08881578947368421 0.36875 0.039473684210526314 0.0265625
0 0.019736842105263157 0.3859375 0.039473684210526314 0.0265625
0 0.5394736842105263 0.2359375 0.12171052631578948 0.0328125
0 0.4473684210526316 0.2109375 0.14802631578947367 0.0640625
0 0.7828947368421053 0.1734375 0.09539473684210527 0.03125
0 0.6842105263157895 0.1859375 0.0625 0.03125
0 0.8388157894736842 0.2125 0.06907894736842106 0.0265625
0 0.8092105263157895 0.2265625 0.06578947368421052 0.025
0 0.7236842105263158 0.253125 0.029605263157894735 0.0171875
0 0.7763157894736842 0.2953125 0.05921052631578947 0.0234375
0 0.7960526315789473 0.3515625 0.08881578947368421 0.04375
0 0.8453947368421053 0.36875 0.046052631578947366 0.0234375
0 0.618421052631579 0.3890625 0.08223684210526316 0.034375
0 0.569078947368421 0.415625 0.09539473684210527 0.040625
0 0.45394736842105265 0.3765625 0.11842105263157894 0.059375
0 0.9572368421052632 0.2921875 0.0756578947368421 0.01875
0 0.8717105263157895 0.2953125 0.08223684210526316 0.0328125
0 0.8651315789473685 0.321875 0.08552631578947369 0.034375
0 0.9342105263157895 0.34375 0.039473684210526314 0.025
0 0.09868421052631579 0.190625 0.09210526315789473 0.0421875
0 0.08881578947368421 0.2703125 0.0625 0.0296875
0 0.5361842105263158 0.10625 0.07236842105263158 0.0375
0 0.6578947368421053 0.1171875 0.09539473684210527 0.046875
0 0.680921052631579 0.0734375 0.08223684210526316 0.0328125
0 0.7532894736842105 0.08125 0.13157894736842105 0.0640625
0 0.8717105263157895 0.0578125 0.07236842105263158 0.0421875
0 0.8223684210526315 0.1453125 0.049342105263157895 0.021875
0 0.8914473684210527 0.1484375 0.05921052631578947 0.025
0 0.9605263157894737 0.5046875 0.0625 0.0234375
0 0.8848684210526315 0.5375 0.0756578947368421 0.028125
0 0.9506578947368421 0.5875 0.08223684210526316 0.028125
0 0.9736842105263158 0.5328125 0.049342105263157895 0.0203125
0 0.5789473684210527 0.6609375 0.05921052631578947 0.0359375
0 0.29276315789473684 0.553125 0.13157894736842105 0.059375
0 0.15789473684210525 0.5953125 0.0756578947368421 0.0359375
0 0.05592105263157895 0.61875 0.1118421052631579 0.0359375
0 0.16776315789473684 0.6453125 0.1118421052631579 0.0734375
0 0.08223684210526316 0.528125 0.11513157894736842 0.053125
0 0.06578947368421052 0.4796875 0.09210526315789473 0.0203125
0 0.19736842105263158 0.89375 0.13486842105263158 0.08125
0 0.14473684210526316 0.9453125 0.0756578947368421 0.04375
0 0.08552631578947369 0.984375 0.0756578947368421 0.03125
0 0.17434210526315788 0.996875 0.0625 0.00625
0 0.33223684210526316 0.996875 0.06907894736842106 0.0046875