0 0.995049504950495 0.89140625 0.009900990099009901 0.2109375
0 0.7887788778877888 0.9765625 0.35973597359735976 0.0453125
0 0.9587458745874587 0.08984375 0.08250825082508251 0.1515625
0 0.7293729372937293 0.3828125 0.37293729372937295 0.1875
0 0.30363036303630364 0.6625 0.24092409240924093 0.1359375
0 0.0924092409240924 0.3171875 0.10891089108910891 0.065625
0 0.32673267326732675 0.48125 0.1848184818481848 0.078125
0 0.14521452145214522 0.4203125 0.16831683168316833 0.0703125
0 0.24422442244224424 0.20625 0.12211221122112212 0.04375
0 0.6666666666666666 0.0171875 0.20132013201320131 0.0328125
0 0.49504950495049505 0.1203125 0.132013201320132 0.0609375
0 0.9224422442244224 0.3390625 0.1551155115511551 0.0625
0 0.8217821782178217 0.659375 0.23102310231023102 0.0953125
0 0.45874587458745875 0.9765625 0.1353135313531353 0.046875
0 0.16501650165016502 0.2375 0.11551155115511551 0.034375
0 0.8547854785478548 0.246875 0.11551155115511551 0.0453125
0 0.9983498349834984 0.25234375 0.0033003300330033004 0.0328125
0 0.33993399339933994 0.040625 0.1254125412541254 0.046875
0 0.0594059405940594 0.209375 0.06930693069306931 0.021875
0 0.18811881188118812 0.1796875 0.07920792079207921 0.034375
0 0.31353135313531355 0.2265625 0.0594059405940594 0.021875
0 0.24422442244224424 0.31875 0.08250825082508251 0.04375
0 0.2871287128712871 0.3640625 0.13861386138613863 0.0609375
0 0.07260726072607261 0.4703125 0.08250825082508251 0.0265625
0 0.14521452145214522 0.50625 0.0627062706270627 0.00625
0 0.22772277227722773 0.5515625 0.07590759075907591 0.028125
0 0.38943894389438943 0.53125 0.07920792079207921 0.0328125
0 0.033003300330033 0.6734375 0.0627062706270627 0.046875
0 0.29372937293729373 0.840625 0.0594059405940594 0.0625
0 0.5148514851485149 0.740625 0.12871287128712872 0.059375
0 0.6996699669966997 0.75 0.0858085808580858 0.0359375
0 0.5445544554455446 0.684375 0.08250825082508251 0.053125
0 0.5610561056105611 0.6515625 0.0858085808580858 0.025
0 0.6138613861386139 0.5828125 0.10561056105610561 0.05
0 0.6270627062706271 0.471875 0.08250825082508251 0.0328125
0 0.6765676567656765 0.49375 0.09900990099009901 0.04375
0 0.7062706270627063 0.5375 0.06930693069306931 0.03125
0 0.995049504950495 0.678125 0.009900990099009901 0.05
0 0.9422442244224423 0.8984375 0.11551155115511551 0.084375
0 0.039603960396039604 0.5328125 0.07920792079207921 0.0640625