0 0.9309815950920245 0.30703125 0.13803680981595093 0.0828125
0 0.5705521472392638 0.0375 0.11349693251533742 0.03125
0 0.4570552147239264 0.96875 0.16257668711656442 0.0546875
0 0.3803680981595092 0.996875 0.17791411042944785 0.0046875
0 0.8159509202453987 0.9515625 0.05521472392638037 0.040625
0 0.4539877300613497 0.35625 0.0950920245398773 0.025
0 0.16257668711656442 0.4046875 0.0950920245398773 0.05
0 0.16257668711656442 0.08125 0.08588957055214724 0.059375
0 0.08588957055214724 0.0734375 0.0736196319018405 0.0421875
0 0.08282208588957055 0.20625 0.07668711656441718 0.04375
0 0.44171779141104295 0.465625 0.05521472392638037 0.0390625
0 0.6196319018404908 0.4078125 0.08588957055214724 0.0328125
0 0.34662576687116564 0.6984375 0.07668711656441718 0.06875
0 0.8496932515337423 0.3125 0.046012269938650305 0.025
0 0.7883435582822086 0.35625 0.07668711656441718 0.0546875
0 0.3006134969325153 0.3125 0.05521472392638037 0.0359375
0 0.8865030674846626 0.825 0.06134969325153374 0.05625
0 0.8926380368098159 0.459375 0.08588957055214724 0.05
0 0.35276073619631904 0.7828125 0.0705521472392638 0.053125
0 0.8404907975460123 0.9921875 0.05214723926380368 0.0140625
0 0.5061349693251533 0.5921875 0.09815950920245399 0.0421875
0 0.34662576687116564 0.209375 0.08588957055214724 0.0359375
0 0.46932515337423314 0.2125 0.06748466257668712 0.0578125
0 0.7822085889570553 0.10625 0.06441717791411043 0.0421875