0 0.588957055214724 0.203125 0.1901840490797546 0.1046875
0 0.1656441717791411 0.4390625 0.13803680981595093 0.096875
0 0.6042944785276073 0.3609375 0.1165644171779141 0.0265625
0 0.3773006134969325 0.0265625 0.17791411042944785 0.0515625
0 0.39263803680981596 0.4765625 0.15030674846625766 0.0640625
0 0.9432515337423313 0.75390625 0.11349693251533742 0.0734375
0 0.3588957055214724 0.778125 0.26993865030674846 0.1015625
0 0.3006134969325153 0.95 0.2147239263803681 0.0890625
0 0.7147239263803681 0.921875 0.15644171779141106 0.05625
0 0.6687116564417178 0.8640625 0.12883435582822086 0.0265625
0 0.3312883435582822 0.5484375 0.11349693251533742 0.028125
0 0.7423312883435583 0.046875 0.08895705521472393 0.0265625
0 0.17177914110429449 0.171875 0.0736196319018405 0.0375
0 0.03067484662576687 0.2 0.04294478527607362 0.0328125
0 0.12883435582822086 0.2984375 0.08588957055214724 0.0109375
0 0.09202453987730061 0.35625 0.07668711656441718 0.0234375
0 0.046012269938650305 0.3890625 0.06441717791411043 0.0265625
0 0.9401840490797546 0.58203125 0.1196319018404908 0.0734375
0 0.7791411042944786 0.6859375 0.15950920245398773 0.08125
0 0.7116564417177914 0.284375 0.027607361963190184 0.015625
0 0.8680981595092024 0.375 0.05521472392638037 0.0171875
0 0.5337423312883436 0.4203125 0.04294478527607362 0.0171875
0 0.5184049079754601 0.4625 0.06748466257668712 0.028125
0 0.5398773006134969 0.5640625 0.10736196319018405 0.040625
0 0.5276073619631901 0.571875 0.06748466257668712 0.0328125
0 0.6134969325153374 0.5796875 0.04294478527607362 0.025
0 0.44171779141104295 0.571875 0.05828220858895705 0.028125
0 0.3619631901840491 0.6015625 0.03374233128834356 0.0171875
0 0.24539877300613497 0.590625 0.0950920245398773 0.021875
0 0.3098159509202454 0.628125 0.05214723926380368 0.01875
0 0.2607361963190184 0.6765625 0.08895705521472393 0.034375
0 0.08282208588957055 0.4890625 0.03987730061349693 0.021875
0 0.3773006134969325 0.6328125 0.03987730061349693 0.01875
0 0.5030674846625767 0.6171875 0.05828220858895705 0.028125
0 0.49693251533742333 0.6484375 0.04294478527607362 0.0203125
0 0.29141104294478526 0.73125 0.10122699386503067 0.0421875
0 0.5644171779141104 0.065625 0.08895705521472393 0.0421875
0 0.4110429447852761 0.1140625 0.1196319018404908 0.046875
0 0.4325153374233129 0.1234375 0.07975460122699386 0.0296875
0 0.2607361963190184 0.125 0.06441717791411043 0.04375
0 0.4171779141104294 0.2953125 0.0736196319018405 0.04375
0 0.3128834355828221 0.26875 0.046012269938650305 0.0421875
0 0.995398773006135 0.14296875 0.009202453987730062 0.0296875
0 0.9141104294478528 0.0140625 0.049079754601226995 0.028125
0 0.4386503067484663 0.4234375 0.05828220858895705 0.0453125
0 0.27300613496932513 0.39375 0.04294478527607362 0.05
0 0.8404907975460123 0.0015625 0.05214723926380368 0.003125
0 0.6533742331288344 0.5046875 0.09815950920245399 0.05
0 0.7055214723926381 0.571875 0.07668711656441718 0.05625
0 0.0950920245398773 0.6921875 0.10736196319018405 0.05
0 0.696319018404908 0.4140625 0.05828220858895705 0.0515625
0 0.6533742331288344 0.6234375 0.05828220858895705 0.0296875