0 0.18404907975460122 0.975 0.147239263803681 0.05
0 0.9800613496932515 0.98359375 0.03987730061349693 0.0296875
0 0.9831288343558282 0.94296875 0.03374233128834356 0.0359375
0 0.9171779141104295 0.98125 0.0736196319018405 0.0359375
0 0.8312883435582822 0.66875 0.294478527607362 0.10625
0 0.9861963190184049 0.7 0.027607361963190184 0.065625
0 0.9386503067484663 0.4078125 0.12269938650306748 0.05625
0 0.03374233128834356 0.4296875 0.06748466257668712 0.071875
0 0.38650306748466257 0.3734375 0.3067484662576687 0.10625
0 0.31901840490797545 0.48125 0.19325153374233128 0.06875
0 0.25153374233128833 0.6515625 0.15337423312883436 0.0609375
0 0.03374233128834356 0.7234375 0.06748466257668712 0.0515625
0 0.4570552147239264 0.9140625 0.15644171779141106 0.078125
0 0.6134969325153374 0.86875 0.13190184049079753 0.06875
0 0.696319018404908 0.796875 0.09815950920245399 0.0765625
0 0.8374233128834356 0.809375 0.08282208588957055 0.0265625
0 0.9923312883435583 0.7546875 0.015337423312883436 0.034375
0 0.901840490797546 0.853125 0.11042944785276074 0.0203125
0 0.911042944785276 0.221875 0.1687116564417178 0.0609375
0 0.08895705521472393 0.2453125 0.09815950920245399 0.053125
0 0.12269938650306748 0.3390625 0.0705521472392638 0.0296875
0 0.13496932515337423 0.578125 0.10736196319018405 0.05625
0 0.8865030674846626 0.36875 0.2085889570552147 0.0890625
0 0.8496932515337423 0.421875 0.06441717791411043 0.05
0 0.5245398773006135 0.7609375 0.06748466257668712 0.04375
0 0.7423312883435583 0.5765625 0.2392638036809816 0.0921875
0 0.4815950920245399 0.571875 0.05214723926380368 0.0265625
0 0.05521472392638037 0.5046875 0.05214723926380368 0.0265625
0 0.1165644171779141 0.053125 0.06134969325153374 0.040625