0 0.9778761061946902 0.48671875 0.04424778761061947 0.0578125
0 0.40707964601769914 0.69375 0.15339233038348082 0.1484375
0 0.8864306784660767 0.85078125 0.22713864306784662 0.1453125
0 0.3480825958702065 0.1328125 0.13274336283185842 0.053125
0 0.5103244837758112 0.265625 0.13569321533923304 0.040625
0 0.0943952802359882 0.2140625 0.0943952802359882 0.04375
0 0.1415929203539823 0.275 0.16519174041297935 0.04375
0 0.9026548672566371 0.10625 0.14749262536873156 0.08125
0 0.9749262536873157 0.225 0.05014749262536873 0.04375
0 0.7817109144542773 0.3203125 0.11504424778761062 0.040625
0 0.6607669616519174 0.5 0.10914454277286136 0.040625
0 0.7050147492625368 0.575 0.07669616519174041 0.05
0 0.8200589970501475 0.634375 0.058997050147492625 0.046875
0 0.336283185840708 0.5421875 0.0943952802359882 0.028125
0 0.0855457227138643 0.634375 0.08259587020648967 0.04375
0 0.1504424778761062 0.7234375 0.058997050147492625 0.0265625
0 0.05604719764011799 0.7546875 0.06489675516224189 0.0234375
0 0.13864306784660768 0.7828125 0.04424778761061947 0.025
0 0.25073746312684364 0.828125 0.11504424778761062 0.034375
0 0.6489675516224189 0.9546875 0.10324483775811209 0.034375
0 0.5870206489675516 0.934375 0.10324483775811209 0.021875
0 0.4749262536873156 0.946875 0.0471976401179941 0.0296875
0 0.4277286135693215 0.98125 0.10324483775811209 0.021875
0 0.35693215339233036 0.0515625 0.0943952802359882 0.059375
0 0.5250737463126843 0.13125 0.10324483775811209 0.0515625
0 0.6637168141592921 0.275 0.05014749262536873 0.0375
0 0.640117994100295 0.309375 0.038348082595870206 0.05
0 0.058997050147492625 0.978125 0.11799410029498525 0.04375
0 0.8082595870206489 0.421875 0.09734513274336283 0.040625
0 0.6548672566371682 0.2078125 0.05604719764011799 0.040625
0 0.8023598820058997 0.171875 0.038348082595870206 0.0203125
0 0.17699115044247787 0.434375 0.13274336283185842 0.0640625
0 0.20353982300884957 0.9890625 0.08259587020648967 0.021875
0 0.30678466076696165 0.99375 0.07669616519174041 0.0125
0 0.6991150442477876 0.9890625 0.0471976401179941 0.0203125
0 0.9056047197640118 0.65625 0.09734513274336283 0.04375
0 0.9749262536873157 0.61484375 0.05014749262536873 0.0359375
0 0.8731563421828908 0.565625 0.05014749262536873 0.05625
0 0.7433628318584071 0.446875 0.04424778761061947 0.0296875
0 0.8436578171091446 0.4828125 0.07079646017699115 0.0265625
0 0.9705014749262537 0.5609375 0.0471976401179941 0.0265625
0 0.9911504424778761 0.6171875 0.017699115044247787 0.0375
0 0.6047197640117994 0.0015625 0.06489675516224189 0.003125
0 0.6637168141592921 0.0296875 0.06489675516224189 0.0484375
0 0.5191740412979351 0.0609375 0.10914454277286136 0.0546875
0 0.17404129793510326 0.0015625 0.05604719764011799 0.0015625
0 0.8761061946902655 0.0140625 0.0855457227138643 0.0265625
0 0.2182890855457227 0.5953125 0.017699115044247787 0.0109375
0 0.6548672566371682 0.721875 0.13274336283185842 0.046875
0 0.9424778761061947 0.98515625 0.11504424778761062 0.0265625
0 0.7640117994100295 0.9640625 0.11209439528023599 0.0375