0 0.7791411042944786 0.7484375 0.19938650306748465 0.0921875
0 0.5674846625766872 0.9328125 0.09202453987730061 0.0546875
0 0.7177914110429447 0.925 0.13803680981595093 0.05
0 0.48466257668711654 0.696875 0.17177914110429449 0.0921875
0 0.4049079754601227 0.7734375 0.08895705521472393 0.0484375
0 0.5276073619631901 0.5203125 0.1441717791411043 0.05625
0 0.6042944785276073 0.6328125 0.1441717791411043 0.0578125
0 0.7331288343558282 0.240625 0.1901840490797546 0.0359375
0 0.36809815950920244 0.2203125 0.0705521472392638 0.0390625
0 0.8174846625766872 0.01328125 0.36503067484662577 0.0265625
0 0.8650306748466258 0.875 0.015337423312883436 0.0140625
0 0.7668711656441718 0.984375 0.05828220858895705 0.0296875
0 0.7055214723926381 0.9671875 0.03987730061349693 0.0234375
0 0.07668711656441718 0.340625 0.1441717791411043 0.0546875
0 0.2822085889570552 0.4546875 0.11349693251533742 0.0578125
0 0.16257668711656442 0.6515625 0.07975460122699386 0.0265625
0 0.09202453987730061 0.7 0.06441717791411043 0.04375
0 0.19631901840490798 0.7 0.027607361963190184 0.0328125
0 0.9447852760736196 0.828125 0.05828220858895705 0.0453125
0 0.6411042944785276 0.853125 0.09815950920245399 0.04375
0 0.6134969325153374 0.775 0.06134969325153374 0.0234375
0 0.9386503067484663 0.0203125 0.11349693251533742 0.040625
0 0.48466257668711654 0.9078125 0.11349693251533742 0.04375
0 0.3619631901840491 0.9375 0.17177914110429449 0.05
0 0.16257668711656442 0.9375 0.05214723926380368 0.0421875
0 0.31901840490797545 0.984375 0.08282208588957055 0.0296875
0 0.995398773006135 0.70859375 0.009202453987730062 0.0453125