0 0.15789473684210525 0.1390625 0.23026315789473684 0.103125
0 0.9835526315789473 0.5421875 0.03289473684210526 0.2203125
0 0.7401315789473685 0.946875 0.4769736842105263 0.10625
0 0.9802631578947368 0.75625 0.03618421052631579 0.2078125
0 0.631578947368421 0.1859375 0.20723684210526316 0.121875
0 0.6414473684210527 0.453125 0.23684210526315788 0.109375
0 0.4440789473684211 0.653125 0.1875 0.09375
0 0.8421052631578947 0.028125 0.23026315789473684 0.0546875
0 0.2730263157894737 0.7765625 0.11842105263157894 0.046875
0 0.5526315789473685 0.7578125 0.13486842105263158 0.053125
0 0.2631578947368421 0.8984375 0.1118421052631579 0.0359375
0 0.4440789473684211 0.2671875 0.16776315789473684 0.09375
0 0.23026315789473684 0.2609375 0.3092105263157895 0.1328125
0 0.1875 0.7578125 0.14473684210526316 0.0390625
0 0.2138157894736842 0.0078125 0.07894736842105263 0.0140625
0 0.8026315789473685 0.6109375 0.08881578947368421 0.0375
0 0.9802631578947368 0.6 0.039473684210526314 0.0328125
0 0.8256578947368421 0.75625 0.06907894736842106 0.0328125
0 0.7730263157894737 0.8140625 0.07236842105263158 0.0328125
0 0.8914473684210527 0.5953125 0.08552631578947369 0.03125
0 0.7401315789473685 0.6734375 0.049342105263157895 0.0359375
0 0.6907894736842105 0.7390625 0.09210526315789473 0.034375
0 0.33881578947368424 0.634375 0.10855263157894737 0.034375
0 0.24671052631578946 0.6734375 0.08223684210526316 0.03125
0 0.06578947368421052 0.7390625 0.08881578947368421 0.05
0 0.09868421052631579 0.8078125 0.05921052631578947 0.0265625
0 0.8092105263157895 0.8484375 0.049342105263157895 0.034375
0 0.8947368421052632 0.878125 0.0625 0.03125
0 0.8421052631578947 0.8171875 0.049342105263157895 0.028125
0 0.12828947368421054 0.8765625 0.08223684210526316 0.01875
0 0.14473684210526316 0.9125 0.09539473684210527 0.0484375
0 0.12828947368421054 0.9484375 0.0756578947368421 0.0234375
0 0.12828947368421054 0.965625 0.06907894736842106 0.01875
0 0.3190789473684211 0.9359375 0.05263157894736842 0.0234375
0 0.3684210526315789 0.9828125 0.06907894736842106 0.034375
0 0.4342105263157895 0.978125 0.07236842105263158 0.04375