0 0.9677914110429447 0.98359375 0.06441717791411043 0.0296875
0 0.6748466257668712 0.4015625 0.15030674846625766 0.0703125
0 0.15644171779141106 0.55 0.17791411042944785 0.090625
0 0.27300613496932513 0.671875 0.12269938650306748 0.05625
0 0.34355828220858897 0.759375 0.08282208588957055 0.05
0 0.803680981595092 0.471875 0.0736196319018405 0.0359375
0 0.8067484662576687 0.746875 0.1411042944785276 0.0515625
0 0.6441717791411042 0.8546875 0.05828220858895705 0.0390625
0 0.7116564417177914 0.8796875 0.06748466257668712 0.05625
0 0.7699386503067485 0.9703125 0.10429447852760736 0.059375
0 0.647239263803681 0.00625 0.24233128834355827 0.0125
0 0.6165644171779141 0.0375 0.13803680981595093 0.04375
0 0.5306748466257669 0.1078125 0.1687116564417178 0.075
0 0.40797546012269936 0.2296875 0.147239263803681 0.0625
0 0.29754601226993865 0.1609375 0.11349693251533742 0.053125
0 0.1901840490797546 0.134375 0.17791411042944785 0.05
0 0.2668711656441718 0.0140625 0.09815950920245399 0.028125
0 0.6993865030674846 0.2171875 0.08588957055214724 0.034375
0 0.27300613496932513 0.3703125 0.12269938650306748 0.0484375
0 0.027607361963190184 0.4109375 0.05214723926380368 0.04375
0 0.147239263803681 0.4296875 0.147239263803681 0.040625
0 0.1687116564417178 0.234375 0.15030674846625766 0.0828125
0 0.05214723926380368 0.159375 0.06748466257668712 0.0703125
0 0.03987730061349693 0.2359375 0.07668711656441718 0.0734375
0 0.6012269938650306 0.325 0.0736196319018405 0.0671875
0 0.9769938650306749 0.871875 0.046012269938650305 0.040625
0 0.1165644171779141 0.925 0.15644171779141106 0.0515625
0 0.16257668711656442 0.9921875 0.15644171779141106 0.0140625
0 0.7177914110429447 0.1515625 0.1901840490797546 0.0578125
0 0.8773006134969326 0.1515625 0.06134969325153374 0.0625