0 0.5548780487804879 0.0203125 0.0975609756097561 0.040625
0 0.8353658536585366 0.0703125 0.10975609756097561 0.046875
0 0.003048780487804878 0.2328125 0.006097560975609756 0.0484375
0 0.9695121951219512 0.26875 0.06097560975609756 0.140625
0 0.0975609756097561 0.0203125 0.11890243902439024 0.0390625
0 0.4817073170731707 0.146875 0.16463414634146342 0.0234375
0 0.8292682926829268 0.028125 0.0701219512195122 0.015625
0 0.649390243902439 0.6609375 0.45426829268292684 0.1234375
0 0.7012195121951219 0.7828125 0.3079268292682927 0.1
0 0.07621951219512195 0.840625 0.1524390243902439 0.1015625
0 0.3384146341463415 0.9140625 0.0975609756097561 0.04375
0 0.3170731707317073 0.8171875 0.06402439024390244 0.0359375
0 0.7621951219512195 0.2734375 0.08231707317073171 0.025
0 0.6097560975609756 0.309375 0.04878048780487805 0.028125
0 0.5670731707317073 0.253125 0.08231707317073171 0.0171875
0 0.8536585365853658 0.0015625 0.04573170731707317 0.0015625
0 0.989329268292683 0.0328125 0.021341463414634148 0.025
0 0.9207317073170732 0.1140625 0.06402439024390244 0.0296875
0 0.8628048780487805 0.1734375 0.054878048780487805 0.0203125
0 0.31402439024390244 0.2765625 0.054878048780487805 0.0234375
0 0.5060975609756098 0.3765625 0.06707317073170732 0.034375
0 0.07317073170731707 0.128125 0.054878048780487805 0.034375
0 0.006097560975609756 0.0984375 0.012195121951219513 0.0234375
0 0.3628048780487805 0.103125 0.057926829268292686 0.025
0 0.18902439024390244 0.0609375 0.027439024390243903 0.0171875
0 0.12195121951219512 0.3703125 0.0701219512195122 0.0265625
0 0.2652439024390244 0.45 0.06097560975609756 0.034375
0 0.5304878048780488 0.4203125 0.04573170731707317 0.0375
0 0.600609756097561 0.4125 0.07926829268292683 0.0546875
0 0.6615853658536586 0.39375 0.057926829268292686 0.040625
0 0.8384146341463414 0.3875 0.057926829268292686 0.0421875
0 0.7713414634146342 0.425 0.057926829268292686 0.028125
0 0.6951219512195121 0.4546875 0.07926829268292683 0.0375
0 0.1524390243902439 0.2796875 0.027439024390243903 0.0171875
0 0.16463414634146342 0.3296875 0.054878048780487805 0.021875
0 0.22865853658536586 0.3140625 0.027439024390243903 0.028125
0 0.4054878048780488 0.396875 0.054878048780487805 0.0203125
0 0.45121951219512196 0.421875 0.06097560975609756 0.0234375
0 0.3871951219512195 0.4703125 0.04878048780487805 0.0234375
0 0.4634146341463415 0.465625 0.04573170731707317 0.0359375
0 0.5182926829268293 0.5203125 0.08536585365853659 0.01875
0 0.3079268292682927 0.6171875 0.06707317073170732 0.0484375
0 0.3475609756097561 0.6 0.051829268292682924 0.0421875
0 0.9725609756097561 0.9265625 0.054878048780487805 0.034375
0 0.7652439024390244 0.9109375 0.04878048780487805 0.025
0 0.2865853658536585 0.0015625 0.04573170731707317 0.0015625
0 0.6280487804878049 0.0703125 0.09146341463414634 0.034375
0 0.551829268292683 0.125 0.054878048780487805 0.034375
0 0.6920731707317073 0.146875 0.08841463414634146 0.0359375
0 0.9969512195121951 0.3 0.003048780487804878 0.034375
0 0.13109756097560976 0.6640625 0.1798780487804878 0.0359375
0 0.3628048780487805 0.6734375 0.039634146341463415 0.0203125
0 0.3567073170731707 0.7140625 0.054878048780487805 0.0421875
0 0.2682926829268293 0.75625 0.08231707317073171 0.0234375
0 0.9024390243902439 0.228125 0.054878048780487805 0.0421875
0 0.07621951219512195 0.5984375 0.04878048780487805 0.0203125
0 0.18597560975609756 0.4625 0.042682926829268296 0.021875
0 0.9740853658536586 0.8625 0.051829268292682924 0.034375
0 0.49085365853658536 0.328125 0.13109756097560976 0.0515625