0 0.8470948012232415 0.834375 0.290519877675841 0.2265625
0 0.8990825688073395 0.6234375 0.2018348623853211 0.334375
0 0.382262996941896 0.784375 0.1926605504587156 0.084375
0 0.2324159021406728 0.778125 0.13761467889908258 0.0828125
0 0.6605504587155964 0.05625 0.12232415902140673 0.04375
0 0.01529051987767584 0.234375 0.027522935779816515 0.0421875
0 0.9480122324159022 0.0234375 0.08868501529051988 0.0453125
0 0.06422018348623854 0.7234375 0.08256880733944955 0.05
0 0.06116207951070336 0.778125 0.11314984709480122 0.0625
0 0.09174311926605505 0.3765625 0.0856269113149847 0.040625
0 0.1620795107033639 0.4046875 0.08868501529051988 0.0515625
0 0.3058103975535168 0.4953125 0.11926605504587157 0.1125
0 0.40978593272171254 0.890625 0.10703363914373089 0.0546875
0 0.6207951070336392 0.91875 0.0581039755351682 0.03125
0 0.3149847094801223 0.9640625 0.1162079510703364 0.05
0 0.6605504587155964 0.975 0.0581039755351682 0.0375
0 0.345565749235474 0.30625 0.0856269113149847 0.0296875
0 0.5963302752293578 0.409375 0.06422018348623854 0.040625
0 0.0061162079510703364 0.396875 0.009174311926605505 0.040625
0 0.38837920489296635 0.05625 0.6238532110091743 0.1109375
0 0.5198776758409785 0.1171875 0.12844036697247707 0.075
0 0.8470948012232415 0.0296875 0.0581039755351682 0.05
0 0.10091743119266056 0.5609375 0.11009174311926606 0.0765625
0 0.1559633027522936 0.603125 0.10703363914373089 0.0578125
0 0.40672782874617736 0.5703125 0.14678899082568808 0.153125
0 0.22324159021406728 0.2296875 0.10703363914373089 0.04375
0 0.1712538226299694 0.271875 0.13761467889908258 0.053125
0 0.18042813455657492 0.321875 0.09480122324159021 0.05
0 0.6452599388379205 0.21875 0.08256880733944955 0.05625
0 0.6972477064220184 0.240625 0.027522935779816515 0.040625
0 0.8409785932721713 0.246875 0.045871559633027525 0.0421875
0 0.06422018348623854 0.9515625 0.0764525993883792 0.0453125
0 0.5137614678899083 0.9828125 0.0856269113149847 0.0328125
0 0.5015290519877675 0.915625 0.08868501529051988 0.040625
0 0.12538226299694188 0.8640625 0.05198776758409786 0.0296875
0 0.17737003058103976 0.909375 0.07951070336391437 0.0453125
0 0.2782874617737003 0.99375 0.07033639143730887 0.0125
0 0.40672782874617736 0.9828125 0.1559633027522936 0.0328125