0 0.8593272171253823 0.775 0.1926605504587156 0.05625
0 0.6207951070336392 0.790625 0.1620795107033639 0.0515625
0 0.6574923547400612 0.9125 0.09785932721712538 0.03125
0 0.9571865443425076 0.0796875 0.0856269113149847 0.115625
0 0.9740061162079511 0.44765625 0.05198776758409786 0.0734375
0 0.2691131498470948 0.0765625 0.1743119266055046 0.0703125
0 0.0672782874617737 0.303125 0.1345565749235474 0.1046875
0 0.03058103975535168 0.2296875 0.06116207951070336 0.0296875
0 0.25688073394495414 0.2875 0.12538226299694188 0.0296875
0 0.2782874617737003 0.375 0.11926605504587157 0.0390625
0 0.6850152905198776 0.378125 0.1926605504587156 0.0546875
0 0.5535168195718655 0.025 0.03058103975535168 0.0265625
0 0.6850152905198776 0.053125 0.05198776758409786 0.040625
0 0.7920489296636085 0.0921875 0.08256880733944955 0.03125
0 0.1651376146788991 0.475 0.11009174311926606 0.0609375
0 0.1712538226299694 0.5609375 0.13149847094801223 0.034375
0 0.20795107033639143 0.6203125 0.11009174311926606 0.0609375
0 0.4648318042813456 0.5109375 0.1559633027522936 0.0953125
0 0.8318042813455657 0.4609375 0.10091743119266056 0.0453125
0 0.9021406727828746 0.946875 0.14067278287461774 0.040625