0 0.2865853658536585 0.0796875 0.4054878048780488 0.159375
0 0.10060975609756098 0.3734375 0.19817073170731708 0.19375
0 0.27134146341463417 0.7546875 0.125 0.046875
0 0.3932926829268293 0.675 0.10670731707317073 0.040625
0 0.1676829268292683 0.6390625 0.06097560975609756 0.034375
0 0.054878048780487805 0.68125 0.06402439024390244 0.0234375
0 0.006097560975609756 0.725 0.009146341463414634 0.028125
0 0.03353658536585366 0.8 0.06402439024390244 0.046875
0 0.6554878048780488 0.996875 0.13414634146341464 0.00625
0 0.7896341463414634 0.7296875 0.39939024390243905 0.540625
0 0.6798780487804879 0.346875 0.24695121951219512 0.1234375
0 0.8109756097560976 0.4125 0.09146341463414634 0.0421875
0 0.8536585365853658 0.375 0.08841463414634146 0.0359375
0 0.3871951219512195 0.3609375 0.0701219512195122 0.0703125
0 0.4054878048780488 0.23125 0.10975609756097561 0.0484375
0 0.018292682926829267 0.5828125 0.03353658536585366 0.0265625
0 0.006097560975609756 0.121875 0.012195121951219513 0.075
0 0.774390243902439 0.1296875 0.10975609756097561 0.040625
0 0.5975609756097561 0.2390625 0.08231707317073171 0.034375
0 0.10060975609756098 0.8953125 0.13414634146341464 0.0484375
0 0.29878048780487804 0.5984375 0.009146341463414634 0.028125
0 0.3048780487804878 0.6390625 0.11585365853658537 0.025
0 0.20121951219512196 0.7234375 0.051829268292682924 0.034375
0 0.13719512195121952 0.2796875 0.057926829268292686 0.05