0 0.5552147239263804 0.01875 0.09815950920245399 0.0375
0 0.8374233128834356 0.06875 0.11042944785276074 0.046875
0 0.9723926380368099 0.26875 0.05521472392638037 0.140625
0 0.0950920245398773 0.01875 0.1196319018404908 0.0359375
0 0.48466257668711654 0.14375 0.1656441717791411 0.0234375
0 0.8312883435582822 0.025 0.0705521472392638 0.015625
0 0.6533742331288344 0.6609375 0.4601226993865031 0.125
0 0.7024539877300614 0.7828125 0.3128834355828221 0.1
0 0.07668711656441718 0.8421875 0.15030674846625766 0.1015625
0 0.3374233128834356 0.915625 0.09815950920245399 0.04375
0 0.3159509202453988 0.8203125 0.06441717791411043 0.0359375
0 0.7638036809815951 0.271875 0.08282208588957055 0.025
0 0.6134969325153374 0.309375 0.049079754601226995 0.028125
0 0.5674846625766872 0.2515625 0.08282208588957055 0.0171875
0 0.9923312883435583 0.0296875 0.015337423312883436 0.025
0 0.9263803680981595 0.1125 0.06441717791411043 0.0296875
0 0.8680981595092024 0.171875 0.05521472392638037 0.021875
0 0.3098159509202454 0.275 0.05521472392638037 0.0234375
0 0.5061349693251533 0.375 0.0705521472392638 0.034375
0 0.0705521472392638 0.1265625 0.05521472392638037 0.0359375
0 0.003067484662576687 0.0953125 0.006134969325153374 0.0234375
0 0.3619631901840491 0.1 0.05828220858895705 0.025
0 0.18711656441717792 0.0578125 0.027607361963190184 0.0171875
0 0.1165644171779141 0.3703125 0.0705521472392638 0.0265625
0 0.26380368098159507 0.4484375 0.06134969325153374 0.0359375
0 0.5337423312883436 0.4203125 0.046012269938650305 0.0375
0 0.6042944785276073 0.4125 0.07975460122699386 0.0546875
0 0.6656441717791411 0.39375 0.05828220858895705 0.040625
0 0.843558282208589 0.3875 0.05828220858895705 0.04375
0 0.7730061349693251 0.4234375 0.05828220858895705 0.028125
0 0.696319018404908 0.4546875 0.07975460122699386 0.0375
0 0.147239263803681 0.2796875 0.027607361963190184 0.0171875
0 0.15950920245398773 0.328125 0.05521472392638037 0.021875
0 0.22699386503067484 0.3140625 0.027607361963190184 0.028125
0 0.4049079754601227 0.396875 0.05521472392638037 0.0203125
0 0.450920245398773 0.4203125 0.06134969325153374 0.0234375
0 0.38650306748466257 0.4703125 0.049079754601226995 0.0234375
0 0.46319018404907975 0.465625 0.046012269938650305 0.0359375
0 0.5184049079754601 0.5203125 0.08588957055214724 0.01875
0 0.3067484662576687 0.6171875 0.06748466257668712 0.0484375
0 0.34662576687116564 0.6015625 0.05214723926380368 0.04375
0 0.9739263803680982 0.92890625 0.05214723926380368 0.0359375
0 0.7699386503067485 0.9125 0.049079754601226995 0.025
0 0.6288343558282209 0.06875 0.09202453987730061 0.0359375
0 0.5521472392638037 0.121875 0.05521472392638037 0.0359375
0 0.696319018404908 0.1453125 0.08895705521472393 0.0359375
0 0.12576687116564417 0.6640625 0.18098159509202455 0.0359375
0 0.3619631901840491 0.675 0.04294478527607362 0.021875
0 0.35276073619631904 0.715625 0.05521472392638037 0.04375
0 0.2668711656441718 0.7578125 0.08282208588957055 0.0234375
0 0.9079754601226994 0.228125 0.05521472392638037 0.0421875
0 0.0736196319018405 0.5984375 0.049079754601226995 0.0203125
0 0.18404907975460122 0.4625 0.04294478527607362 0.021875
0 0.9769938650306749 0.86328125 0.046012269938650305 0.0359375
0 0.49079754601226994 0.328125 0.13190184049079753 0.0515625