0 0.9375 0.3015625 0.125 0.0484375
0 0.5032894736842105 0.4296875 0.1118421052631579 0.040625
0 0.6085526315789473 0.5671875 0.09210526315789473 0.0640625
0 0.8585526315789473 0.4921875 0.09539473684210527 0.06875
0 0.8125 0.55 0.14473684210526316 0.04375
0 0.039473684210526314 0.775 0.0756578947368421 0.059375
0 0.6611842105263158 0.85 0.11513157894736842 0.065625
0 0.8092105263157895 0.8828125 0.07236842105263158 0.0296875
0 0.9802631578947368 0.6984375 0.039473684210526314 0.084375
0 0.7039473684210527 0.671875 0.07236842105263158 0.053125
0 0.9572368421052632 0.0890625 0.08223684210526316 0.0640625
0 0.875 0.20625 0.17434210526315788 0.0640625
0 0.25 0.0203125 0.20065789473684212 0.0390625