0 0.3333333333333333 0.934375 0.1848184818481848 0.1296875
0 0.7557755775577558 0.7421875 0.30363036303630364 0.1390625
0 0.2871287128712871 0.621875 0.33003300330033003 0.11875
0 0.7887788778877888 0.0171875 0.35973597359735976 0.0328125
0 0.9207920792079208 0.1 0.11551155115511551 0.0359375
0 0.9686468646864687 0.171875 0.0627062706270627 0.059375
0 0.46534653465346537 0.075 0.21122112211221122 0.0671875
0 0.3432343234323432 0.1546875 0.08250825082508251 0.0453125
0 0.026402640264026403 0.225 0.04950495049504951 0.0625
0 0.37293729372937295 0.45 0.09570957095709572 0.065625
0 0.693069306930693 0.5078125 0.066006600660066 0.0328125
0 0.22772277227722773 0.4703125 0.056105610561056105 0.0515625
0 0.006600660066006601 0.6296875 0.009900990099009901 0.05625
0 0.0627062706270627 0.725 0.06930693069306931 0.05
0 0.9273927392739274 0.3375 0.1419141914191419 0.0609375
0 0.036303630363036306 0.2953125 0.06930693069306931 0.0328125
0 0.15841584158415842 0.3234375 0.13861386138613863 0.0609375
0 0.28052805280528054 0.334375 0.10231023102310231 0.053125
0 0.297029702970297 0.3640625 0.11221122112211221 0.05
0 0.07260726072607261 0.4421875 0.09900990099009901 0.0421875
0 0.9752475247524752 0.4625 0.04950495049504951 0.084375
0 0.8646864686468647 0.496875 0.07590759075907591 0.025
0 0.8481848184818482 0.9515625 0.16831683168316833 0.0703125
0 0.528052805280528 0.9734375 0.11551155115511551 0.053125
0 0.1551155115511551 0.046875 0.0594059405940594 0.0453125