0 0.23102310231023102 0.046875 0.1848184818481848 0.0796875
0 0.1188118811881188 0.8453125 0.23432343234323433 0.11875
0 0.3564356435643564 0.63125 0.16501650165016502 0.0453125
0 0.9389438943894389 0.921875 0.12211221122112212 0.053125
0 0.0594059405940594 0.071875 0.11551155115511551 0.0515625
0 0.4521452145214521 0.034375 0.1551155115511551 0.0546875
0 0.5181518151815182 0.2734375 0.24092409240924093 0.0765625
0 0.9174917491749175 0.215625 0.0858085808580858 0.0640625
0 0.9917491749174917 0.225 0.0165016501650165 0.0625
0 0.929042904290429 0.36328125 0.1419141914191419 0.0765625
0 0.19801980198019803 0.428125 0.12871287128712872 0.040625
0 0.033003300330033 0.4390625 0.0627062706270627 0.0390625
0 0.1419141914191419 0.46875 0.10891089108910891 0.040625
0 0.31353135313531355 0.5234375 0.0924092409240924 0.0390625
0 0.3432343234323432 0.56875 0.08250825082508251 0.0421875
0 0.7656765676567657 0.5703125 0.10891089108910891 0.0375
0 0.8976897689768977 0.5875 0.0627062706270627 0.059375
0 0.9917491749174917 0.6296875 0.0165016501650165 0.05625
0 0.9867986798679867 0.4625 0.026402640264026403 0.0421875
0 0.5973597359735974 0.6140625 0.1188118811881188 0.05
0 0.3927392739273927 0.8546875 0.20462046204620463 0.0625
0 0.47194719471947194 0.925 0.1716171617161716 0.046875
0 0.7656765676567657 0.6875 0.10561056105610561 0.0578125
0 0.40924092409240925 0.465625 0.039603960396039604 0.0234375
0 0.9405940594059405 0.14375 0.09900990099009901 0.059375