0 0.7760736196319018 0.75 0.19938650306748465 0.0921875
0 0.5644171779141104 0.934375 0.09202453987730061 0.0546875
0 0.7177914110429447 0.928125 0.13803680981595093 0.0515625
0 0.4815950920245399 0.6984375 0.17177914110429449 0.0921875
0 0.401840490797546 0.775 0.08895705521472393 0.0484375
0 0.5245398773006135 0.5203125 0.1441717791411043 0.05625
0 0.6012269938650306 0.6328125 0.147239263803681 0.0578125
0 0.7300613496932515 0.2390625 0.19325153374233128 0.0359375
0 0.36503067484662577 0.21875 0.0736196319018405 0.0390625
0 0.8174846625766872 0.01171875 0.36503067484662577 0.0234375
0 0.8650306748466258 0.8765625 0.015337423312883436 0.0140625
0 0.7668711656441718 0.9859375 0.05828220858895705 0.028125
0 0.7024539877300614 0.9703125 0.03987730061349693 0.0234375
0 0.0736196319018405 0.340625 0.1441717791411043 0.0546875
0 0.27607361963190186 0.4546875 0.1165644171779141 0.059375
0 0.15644171779141106 0.6515625 0.07975460122699386 0.0265625
0 0.08588957055214724 0.7015625 0.06441717791411043 0.0453125
0 0.1901840490797546 0.7 0.027607361963190184 0.0328125
0 0.9447852760736196 0.8296875 0.05828220858895705 0.0453125
0 0.6411042944785276 0.85625 0.10122699386503067 0.0453125
0 0.6104294478527608 0.7765625 0.06134969325153374 0.0234375
0 0.9386503067484663 0.01875 0.11349693251533742 0.0375
0 0.4815950920245399 0.9109375 0.1165644171779141 0.04375
0 0.3558282208588957 0.9390625 0.17484662576687116 0.05
0 0.15950920245398773 0.9390625 0.05214723926380368 0.0421875
0 0.3128834355828221 0.9859375 0.08282208588957055 0.028125
0 0.995398773006135 0.71015625 0.009202453987730062 0.0453125