0 0.01644736842105263 0.35 0.03289473684210526 0.096875
0 0.6776315789473685 0.5875 0.46381578947368424 0.1890625
0 0.6447368421052632 0.41875 0.2138157894736842 0.09375
0 0.1118421052631579 0.940625 0.15460526315789475 0.1015625
0 0.1118421052631579 0.7421875 0.14473684210526316 0.0625
0 0.7894736842105263 0.1109375 0.09210526315789473 0.0640625
0 0.16447368421052633 0.8328125 0.3256578947368421 0.0921875
0 0.41776315789473684 0.384375 0.23684210526315788 0.1078125
0 0.009868421052631578 0.1359375 0.01644736842105263 0.0640625
0 0.40460526315789475 0.7015625 0.09539473684210527 0.0453125
0 0.40131578947368424 0.146875 0.07894736842105263 0.0265625
0 0.9078947368421053 0.7578125 0.09539473684210527 0.05
0 0.5625 0.7671875 0.09539473684210527 0.025
0 0.5131578947368421 0.7265625 0.09868421052631579 0.05
0 0.7236842105263158 0.8625 0.06578947368421052 0.0515625
0 0.5394736842105263 0.8234375 0.07894736842105263 0.025
0 0.03289473684210526 0.4359375 0.06578947368421052 0.0359375
0 0.16447368421052633 0.4140625 0.06578947368421052 0.053125
0 0.26644736842105265 0.384375 0.05263157894736842 0.05
0 0.3815789473684211 0.2546875 0.05921052631578947 0.0265625
0 0.5197368421052632 0.265625 0.11842105263157894 0.0265625
0 0.48026315789473684 0.290625 0.09210526315789473 0.034375
0 0.26644736842105265 0.05625 0.12828947368421054 0.034375
0 0.4243421052631579 0.0484375 0.07236842105263158 0.025
0 0.05263157894736842 0.0390625 0.07236842105263158 0.025
0 0.14144736842105263 0.1765625 0.13815789473684212 0.0578125
0 0.05592105263157895 0.265625 0.09210526315789473 0.034375
0 0.6151315789473685 0.1859375 0.125 0.0515625
0 0.8421052631578947 0.2265625 0.07236842105263158 0.0421875
0 0.975328947368421 0.28984375 0.049342105263157895 0.0328125
0 0.7006578947368421 0.25 0.05921052631578947 0.01875
0 0.6480263157894737 0.3046875 0.06578947368421052 0.034375
0 0.12171052631578948 0.5984375 0.13157894736842105 0.059375