0 0.6611842105263158 0.15625 0.6743421052631579 0.3125
0 0.049342105263157895 0.58125 0.09868421052631579 0.109375
0 0.5953947368421053 0.93125 0.7236842105263158 0.1375
0 0.013157894736842105 0.8453125 0.02631578947368421 0.03125
0 0.39473684210526316 0.8265625 0.40131578947368424 0.140625
0 0.506578947368421 0.859375 0.039473684210526314 0.025
0 0.46381578947368424 0.6 0.0756578947368421 0.0296875
0 0.013157894736842105 0.7078125 0.02631578947368421 0.05625
0 0.8421052631578947 0.8171875 0.06578947368421052 0.0328125
0 0.8585526315789473 0.6703125 0.029605263157894735 0.0296875
0 0.8848684210526315 0.5265625 0.09539473684210527 0.040625
0 0.33223684210526316 0.490625 0.06578947368421052 0.0296875
0 0.12828947368421054 0.7125 0.05263157894736842 0.028125
0 0.9835526315789473 0.7546875 0.029605263157894735 0.0375
0 0.6611842105263158 0.74375 0.07236842105263158 0.03125
0 0.17763157894736842 0.9625 0.07236842105263158 0.028125
0 0.01644736842105263 0.771875 0.029605263157894735 0.01875
0 0.16776315789473684 0.7484375 0.05921052631578947 0.0234375
0 0.40789473684210525 0.73125 0.04276315789473684 0.025
0 0.5263157894736842 0.7203125 0.06578947368421052 0.0296875
0 0.8289473684210527 0.621875 0.0756578947368421 0.034375
0 0.881578947368421 0.565625 0.0625 0.0296875
0 0.03618421052631579 0.9015625 0.06907894736842106 0.04375
0 0.11842105263157894 0.8109375 0.06578947368421052 0.03125