0 0.8712871287128713 0.259375 0.1617161716171617 0.1140625
0 0.9636963696369637 0.403125 0.07260726072607261 0.0875
0 0.39933993399339934 0.00625 0.16831683168316833 0.0125
0 0.5082508250825083 0.0078125 0.1188118811881188 0.015625
0 0.8415841584158416 0.4609375 0.1848184818481848 0.0578125
0 0.1551155115511551 0.334375 0.066006600660066 0.0296875
0 0.07920792079207921 0.2296875 0.11221122112211221 0.084375
0 0.24422442244224424 0.215625 0.10231023102310231 0.034375
0 0.013201320132013201 0.0578125 0.026402640264026403 0.0359375
0 0.1188118811881188 0.0953125 0.08250825082508251 0.0390625
0 0.0462046204620462 0.00625 0.0891089108910891 0.0109375
0 0.15181518151815182 0.003125 0.06930693069306931 0.00625
0 0.3465346534653465 0.1296875 0.1551155115511551 0.0796875
0 0.6270627062706271 0.1765625 0.07590759075907591 0.0359375
0 0.7953795379537953 0.15 0.10231023102310231 0.0484375
0 0.8976897689768977 0.1421875 0.056105610561056105 0.04375
0 0.995049504950495 0.11171875 0.009900990099009901 0.0515625
0 0.264026402640264 0.328125 0.22442244224422442 0.0609375
0 0.5478547854785478 0.284375 0.1254125412541254 0.0390625
0 0.5379537953795379 0.3296875 0.056105610561056105 0.0265625
0 0.3333333333333333 0.515625 0.17491749174917492 0.071875
0 0.0231023102310231 0.5859375 0.0462046204620462 0.0640625
0 0.10561056105610561 0.671875 0.19801980198019803 0.059375
0 0.039603960396039604 0.4203125 0.07920792079207921 0.0328125
0 0.24752475247524752 0.4125 0.09570957095709572 0.0390625
0 0.41254125412541254 0.9859375 0.08250825082508251 0.0265625