0 0.008823529411764706 0.53125 0.014705882352941176 0.025
0 0.17058823529411765 0.890625 0.07352941176470588 0.046875
0 0.28823529411764703 0.978125 0.06764705882352941 0.040625
0 0.35294117647058826 0.9140625 0.08235294117647059 0.04375
0 0.38235294117647056 0.35 0.08529411764705883 0.053125
0 0.14411764705882352 0.475 0.10882352941176471 0.0453125
0 0.9147058823529411 0.1859375 0.06470588235294118 0.0359375
0 0.7764705882352941 0.225 0.12058823529411765 0.0265625
0 0.6794117647058824 0.121875 0.07058823529411765 0.0296875
0 0.40294117647058825 0.1203125 0.10882352941176471 0.0609375
0 0.11176470588235295 0.0359375 0.06470588235294118 0.040625
0 0.7205882352941176 0.9203125 0.052941176470588235 0.021875
0 0.95 0.9390625 0.06470588235294118 0.021875
0 0.7970588235294118 0.5015625 0.07058823529411765 0.028125
0 0.8029411764705883 0.58125 0.041176470588235294 0.0359375
0 0.47941176470588237 0.440625 0.041176470588235294 0.0296875
0 0.5705882352941176 0.00625 0.09117647058823529 0.0125
0 0.2735294117647059 0.3203125 0.1676470588235294 0.0328125
0 0.12058823529411765 0.8359375 0.08235294117647059 0.0171875
0 0.6058823529411764 0.909375 0.07647058823529412 0.0296875
0 0.5264705882352941 0.9859375 0.08529411764705883 0.0265625
0 0.9382352941176471 0.740625 0.06470588235294118 0.04375
0 0.9779411764705882 0.66171875 0.04411764705882353 0.0609375
0 0.9117647058823529 0.4390625 0.09411764705882353 0.0484375