0 0.5365853658536586 0.7421875 0.11890243902439024 0.025
0 0.8048780487804879 0.6171875 0.1676829268292683 0.0640625
0 0.551829268292683 0.8796875 0.13414634146341464 0.0421875
0 0.8292682926829268 0.85 0.0975609756097561 0.053125
0 0.2926829268292683 0.903125 0.08536585365853659 0.05
0 0.4817073170731707 0.7140625 0.0975609756097561 0.05
0 0.4146341463414634 0.653125 0.06707317073170732 0.028125
0 0.10365853658536585 0.0453125 0.2073170731707317 0.090625
0 0.7926829268292683 0.2515625 0.13414634146341464 0.0484375
0 0.9237804878048781 0.03125 0.11890243902439024 0.0609375
0 0.6128048780487805 0.0125 0.06402439024390244 0.025
0 0.32926829268292684 0.053125 0.08231707317073171 0.0328125
0 0.6920731707317073 0.1328125 0.10975609756097561 0.0375
0 0.9969512195121951 0.225 0.006097560975609756 0.028125
0 0.9115853658536586 0.30625 0.04878048780487805 0.025
0 0.18292682926829268 0.4078125 0.08536585365853659 0.040625
0 0.18902439024390244 0.2375 0.06402439024390244 0.0421875
0 0.14939024390243902 0.309375 0.125 0.0421875
0 0.6798780487804879 0.0078125 0.06402439024390244 0.0140625
0 0.5792682926829268 0.0453125 0.10975609756097561 0.0328125
0 0.4725609756097561 0.1 0.06707317073170732 0.0265625
0 0.5670731707317073 0.3984375 0.08231707317073171 0.0390625
0 0.6646341463414634 0.2875 0.08231707317073171 0.0328125
0 0.43597560975609756 0.234375 0.08231707317073171 0.0265625
0 0.5487804878048781 0.2328125 0.042682926829268296 0.0296875
0 0.35365853658536583 0.303125 0.0975609756097561 0.034375
0 0.3353658536585366 0.3359375 0.10975609756097561 0.0265625
0 0.3902439024390244 0.3703125 0.10975609756097561 0.009375
0 0.4878048780487805 0.3515625 0.07317073170731707 0.0265625
0 0.5304878048780488 0.3359375 0.04573170731707317 0.0265625
0 0.9878048780487805 0.1109375 0.024390243902439025 0.0140625
0 0.9817073170731707 0.1515625 0.03353658536585366 0.0140625
0 0.8628048780487805 0.175 0.054878048780487805 0.0234375
0 0.7926829268292683 0.2109375 0.051829268292682924 0.0140625
0 0.9542682926829268 0.2109375 0.039634146341463415 0.015625
0 0.9847560975609756 0.190625 0.03048780487804878 0.0265625
0 0.9725609756097561 0.2390625 0.054878048780487805 0.0234375
0 0.9054878048780488 0.278125 0.036585365853658534 0.0203125
0 0.6859756097560976 0.3390625 0.03353658536585366 0.0140625
0 0.4573170731707317 0.45625 0.04573170731707317 0.0203125
0 0.5365853658536586 0.446875 0.04878048780487805 0.0171875
0 0.8170731707317073 0.434375 0.06402439024390244 0.01875
0 0.823170731707317 0.4546875 0.03353658536585366 0.021875
0 0.7073170731707317 0.371875 0.03048780487804878 0.0125
0 0.6676829268292683 0.39375 0.024390243902439025 0.01875
0 0.823170731707317 0.33125 0.039634146341463415 0.01875
0 0.8201219512195121 0.7140625 0.07926829268292683 0.0265625
0 0.7530487804878049 0.7578125 0.04878048780487805 0.034375
0 0.9817073170731707 0.7578125 0.03353658536585366 0.03125
0 0.9329268292682927 0.8375 0.07621951219512195 0.0796875
0 0.19207317073170732 0.11875 0.1524390243902439 0.0546875
0 0.4847560975609756 0.1875 0.125 0.05625
0 0.23780487804878048 0.4890625 0.125 0.0625
0 0.18902439024390244 0.609375 0.0975609756097561 0.0375
0 0.2621951219512195 0.6171875 0.06707317073170732 0.046875
0 0.24085365853658536 0.653125 0.14634146341463414 0.0359375
0 0.6829268292682927 0.953125 0.10060975609756098 0.0359375
0 0.9207317073170732 0.934375 0.0975609756097561 0.0765625
0 0.36890243902439024 0.975 0.08231707317073171 0.05
0 0.10365853658536585 0.8 0.125 0.0703125
0 0.1402439024390244 0.8890625 0.08231707317073171 0.046875