0 0.9438943894389439 0.0640625 0.11221122112211221 0.0765625
0 0.9405940594059405 0.178125 0.1188118811881188 0.071875
0 0.900990099009901 0.38125 0.1188118811881188 0.078125
0 0.033003300330033 0.3984375 0.0627062706270627 0.0765625
0 0.6567656765676567 0.240625 0.33003300330033003 0.175
0 0.264026402640264 0.75 0.26732673267326734 0.0546875
0 0.9653465346534653 0.70703125 0.06930693069306931 0.1234375
0 0.09900990099009901 0.0671875 0.132013201320132 0.134375
0 0.6270627062706271 0.0453125 0.17491749174917492 0.078125
0 0.6996699669966997 0.771875 0.23432343234323433 0.0875
0 0.38613861386138615 0.546875 0.08250825082508251 0.053125
0 0.5214521452145214 0.7234375 0.11551155115511551 0.0390625
0 0.25742574257425743 0.909375 0.2145214521452145 0.121875
0 0.5841584158415841 0.9765625 0.29042904290429045 0.0453125
0 0.1782178217821782 0.99375 0.08250825082508251 0.0125