0 0.48672566371681414 0.0421875 0.1415929203539823 0.0515625
0 0.4247787610619469 0.1375 0.0943952802359882 0.0375
0 0.6873156342182891 0.4515625 0.08259587020648967 0.0671875
0 0.8967551622418879 0.40625 0.10029498525073746 0.040625
0 0.5398230088495575 0.3625 0.08259587020648967 0.0421875
0 0.3215339233038348 0.346875 0.05309734513274336 0.0359375
0 0.29793510324483774 0.2359375 0.10324483775811209 0.0546875
0 0.2743362831858407 0.5796875 0.07079646017699115 0.0515625
0 0.948377581120944 0.84609375 0.10324483775811209 0.0765625
0 0.31563421828908556 0.9390625 0.11209439528023599 0.053125
0 0.05014749262536873 0.7703125 0.05604719764011799 0.034375
0 0.04424778761061947 0.6734375 0.0855457227138643 0.0609375
0 0.14454277286135694 0.6375 0.06489675516224189 0.075
0 0.23008849557522124 0.63125 0.0471976401179941 0.0515625
0 0.3185840707964602 0.6359375 0.058997050147492625 0.0375
0 0.5073746312684366 0.6515625 0.061946902654867256 0.0359375
0 0.8141592920353983 0.76875 0.035398230088495575 0.015625
0 0.9292035398230089 0.525 0.07669616519174041 0.05625