0 0.725609756097561 0.0703125 0.24085365853658536 0.140625
0 0.5792682926829268 0.3421875 0.24390243902439024 0.10625
0 0.573170731707317 0.2 0.11280487804878049 0.034375
0 0.5030487804878049 0.265625 0.10060975609756098 0.0390625
0 0.9176829268292683 0.44375 0.07621951219512195 0.034375
0 0.8658536585365854 0.6265625 0.13109756097560976 0.0609375
0 0.057926829268292686 0.6109375 0.11585365853658537 0.0734375
0 0.11585365853658537 0.7328125 0.21036585365853658 0.1546875
0 0.06707317073170732 0.859375 0.13414634146341464 0.0671875
0 0.14634146341463414 0.9140625 0.12804878048780488 0.0546875
0 0.3201219512195122 0.8640625 0.10365853658536585 0.0609375
0 0.27439024390243905 0.9140625 0.10670731707317073 0.0421875
0 0.7042682926829268 0.4171875 0.06707317073170732 0.0328125
0 0.6524390243902439 0.496875 0.125 0.034375
0 0.6798780487804879 0.5484375 0.13719512195121952 0.0625
0 0.875 0.5375 0.10975609756097561 0.0421875
0 0.7469512195121951 0.50625 0.0975609756097561 0.0421875
0 0.9969512195121951 0.7546875 0.006097560975609756 0.09375
0 0.8689024390243902 0.7328125 0.15548780487804878 0.0734375
0 0.5914634146341463 0.896875 0.11585365853658537 0.090625
0 0.36585365853658536 0.978125 0.06707317073170732 0.0421875
0 0.4817073170731707 0.9484375 0.042682926829268296 0.021875
0 0.7195121951219512 0.6640625 0.13719512195121952 0.065625
0 0.6371951219512195 0.7671875 0.11585365853658537 0.046875
0 0.5152439024390244 0.7765625 0.08231707317073171 0.034375
0 0.6219512195121951 0.809375 0.09146341463414634 0.04375
0 0.14634146341463414 0.1765625 0.2774390243902439 0.171875
0 0.42073170731707316 0.2046875 0.054878048780487805 0.021875
0 0.8353658536585366 0.3328125 0.06402439024390244 0.0375
0 0.7042682926829268 0.98125 0.08231707317073171 0.0375
0 0.18902439024390244 0.0015625 0.14939024390243902 0.0015625
0 0.8780487804878049 0.0328125 0.051829268292682924 0.034375
0 0.9451219512195121 0.053125 0.08231707317073171 0.0390625
0 0.9817073170731707 0.084375 0.036585365853658534 0.0515625
0 0.7560975609756098 0.2328125 0.0701219512195122 0.0421875
0 0.8140243902439024 0.2828125 0.051829268292682924 0.025
0 0.13719512195121952 0.346875 0.0975609756097561 0.040625
0 0.29573170731707316 0.309375 0.07621951219512195 0.0578125
0 0.38414634146341464 0.359375 0.057926829268292686 0.0703125
0 0.45121951219512196 0.3859375 0.06707317073170732 0.0140625
0 0.4725609756097561 0.434375 0.039634146341463415 0.034375
0 0.5365853658536586 0.4609375 0.06707317073170732 0.0453125
0 0.32926829268292684 0.4796875 0.125 0.053125
0 0.5487804878048781 0.609375 0.07926829268292683 0.0609375
0 0.4969512195121951 0.6890625 0.0701219512195122 0.053125
0 0.4847560975609756 0.7203125 0.12195121951219512 0.065625
0 0.42378048780487804 0.8078125 0.054878048780487805 0.071875
0 0.3079268292682927 0.728125 0.027439024390243903 0.0015625
0 0.3353658536585366 0.7421875 0.0701219512195122 0.11875
0 0.24085365853658536 0.53125 0.012195121951219513 0.0296875
0 0.2865853658536585 0.5859375 0.0975609756097561 0.0453125
0 0.2621951219512195 0.625 0.0975609756097561 0.065625
0 0.4817073170731707 0.6203125 0.042682926829268296 0.0515625
0 0.45426829268292684 0.5796875 0.0975609756097561 0.0765625
0 0.9085365853658537 0.71875 0.07621951219512195 0.0421875
0 0.9908536585365854 0.234375 0.01524390243902439 0.0578125
0 0.8780487804878049 0.15625 0.0701219512195122 0.028125
0 0.4603658536585366 0.0125 0.09146341463414634 0.025
0 0.07621951219512195 0.025 0.06707317073170732 0.0359375
0 0.18292682926829268 0.0390625 0.0975609756097561 0.034375
0 0.9054878048780488 0.96875 0.10670731707317073 0.0609375
0 0.4115853658536585 0.9921875 0.06707317073170732 0.0140625
0 0.3170731707317073 0.9828125 0.12195121951219512 0.034375
0 0.6219512195121951 0.9953125 0.08231707317073171 0.0078125
0 0.9298780487804879 0.4015625 0.054878048780487805 0.0203125
0 0.9862804878048781 0.353125 0.027439024390243903 0.025