0 0.2376237623762376 0.371875 0.21122112211221122 0.0921875
0 0.0165016501650165 0.353125 0.0297029702970297 0.075
0 0.6072607260726073 0.115625 0.7392739273927392 0.2296875
0 0.9801980198019802 0.3984375 0.039603960396039604 0.0765625
0 0.17491749174917492 0.9515625 0.34983498349834985 0.046875
0 0.0165016501650165 0.7421875 0.033003300330033 0.0859375
0 0.09900990099009901 0.8671875 0.19471947194719472 0.065625
0 0.1353135313531353 0.059375 0.1485148514851485 0.11875
0 0.6600660066006601 0.73125 0.1848184818481848 0.1
0 0.6336633663366337 0.890625 0.18151815181518152 0.09375
0 0.2145214521452145 0.7671875 0.066006600660066 0.0421875
0 0.026402640264026403 0.99375 0.052805280528052806 0.0125
0 0.594059405940594 0.984375 0.09900990099009901 0.03125
0 0.3069306930693069 0.803125 0.11221122112211221 0.065625
0 0.22772277227722773 0.2671875 0.0594059405940594 0.053125
0 0.07920792079207921 0.1953125 0.10231023102310231 0.04375
0 0.0429042904290429 0.25625 0.08250825082508251 0.0515625
0 0.16831683168316833 0.13125 0.056105610561056105 0.028125
0 0.32673267326732675 0.2640625 0.06930693069306931 0.028125
0 0.3201320132013201 0.315625 0.07590759075907591 0.0375
0 0.24092409240924093 0.3234375 0.132013201320132 0.046875
0 0.6831683168316832 0.5265625 0.0429042904290429 0.040625
0 0.8646864686468647 0.4578125 0.0462046204620462 0.0265625
0 0.9851485148514851 0.47890625 0.0297029702970297 0.0265625
0 0.8118811881188119 0.3609375 0.09570957095709572 0.0390625
0 0.8679867986798679 0.3453125 0.0429042904290429 0.046875
0 0.9851485148514851 0.25546875 0.0297029702970297 0.0234375
0 0.46864686468646866 0.2765625 0.066006600660066 0.0390625