0 0.10975609756097561 0.26875 0.21951219512195122 0.140625
0 0.8262195121951219 0.084375 0.11280487804878049 0.05
0 0.36890243902439024 0.1328125 0.08841463414634146 0.0421875
0 0.5091463414634146 0.15625 0.08536585365853659 0.05625
0 0.3932926829268293 0.1765625 0.0701219512195122 0.0453125
0 0.7652439024390244 0.8890625 0.13719512195121952 0.0359375
0 0.10975609756097561 0.8234375 0.06097560975609756 0.0359375
0 0.042682926829268296 0.825 0.06097560975609756 0.028125
0 0.27134146341463417 0.0140625 0.039634146341463415 0.028125
0 0.823170731707317 0.03125 0.0701219512195122 0.0421875
0 0.14634146341463414 0.275 0.042682926829268296 0.0390625
0 0.725609756097561 0.371875 0.16158536585365854 0.075
0 0.9390243902439024 0.3453125 0.07926829268292683 0.0546875
0 0.027439024390243903 0.0328125 0.054878048780487805 0.025
0 0.07317073170731707 0.053125 0.06402439024390244 0.0265625
0 0.24695121951219512 0.46875 0.03353658536585366 0.028125
0 0.4603658536585366 0.4890625 0.08231707317073171 0.0421875
0 0.7164634146341463 0.5890625 0.0975609756097561 0.046875
0 0.6646341463414634 0.6359375 0.039634146341463415 0.021875
0 0.4176829268292683 0.415625 0.04573170731707317 0.0203125
0 0.5121951219512195 0.253125 0.036585365853658534 0.0234375
0 0.6859756097560976 0.2921875 0.07317073170731707 0.0328125
0 0.3079268292682927 0.3671875 0.054878048780487805 0.0265625
0 0.3932926829268293 0.35 0.06402439024390244 0.028125
0 0.375 0.3765625 0.04573170731707317 0.0265625
0 0.5914634146341463 0.3328125 0.042682926829268296 0.0265625
0 0.600609756097561 0.3828125 0.054878048780487805 0.028125
0 0.7865853658536586 0.4875 0.06707317073170732 0.034375
0 0.6737804878048781 0.525 0.027439024390243903 0.0265625
0 0.018292682926829267 0.9265625 0.03353658536585366 0.034375
0 0.021341463414634148 0.3 0.042682926829268296 0.034375
0 0.2774390243902439 0.8421875 0.08841463414634146 0.0625
0 0.11890243902439024 0.9359375 0.07926829268292683 0.05
0 0.29878048780487804 0.9359375 0.14329268292682926 0.0578125
0 0.4847560975609756 0.971875 0.01524390243902439 0.05
0 0.7591463414634146 0.23125 0.08536585365853659 0.0375
0 0.850609756097561 0.578125 0.07317073170731707 0.046875
0 0.18597560975609756 0.7484375 0.054878048780487805 0.0328125
0 0.6036585365853658 0.8640625 0.06707317073170732 0.034375
0 0.7469512195121951 0.6609375 0.0975609756097561 0.05
0 0.4725609756097561 0.771875 0.039634146341463415 0.028125
0 0.021341463414634148 0.8625 0.039634146341463415 0.034375
0 0.08841463414634146 0.8671875 0.07926829268292683 0.034375