0 0.8466257668711656 0.9546875 0.10122699386503067 0.0515625
0 0.22392638036809817 0.70625 0.2331288343558282 0.0828125
0 0.4723926380368098 0.7734375 0.13496932515337423 0.0625
0 0.6042944785276073 0.853125 0.08895705521472393 0.0609375
0 0.549079754601227 0.9296875 0.09202453987730061 0.0625
0 0.2392638036809816 0.55 0.147239263803681 0.0796875
0 0.3558282208588957 0.6375 0.10122699386503067 0.0609375
0 0.38650306748466257 0.240625 0.17791411042944785 0.0796875
0 0.4723926380368098 0.365625 0.08895705521472393 0.0703125
0 0.35276073619631904 0.3375 0.07975460122699386 0.0453125
0 0.2361963190184049 0.428125 0.05828220858895705 0.0453125
0 0.5920245398773006 0.4703125 0.08895705521472393 0.0296875
0 0.9739263803680982 0.42578125 0.05214723926380368 0.0421875
0 0.9800613496932515 0.56328125 0.03987730061349693 0.0390625
0 0.9202453987730062 0.425 0.06134969325153374 0.04375
0 0.7668711656441718 0.2453125 0.0950920245398773 0.0421875
0 0.3803680981595092 0.8703125 0.0705521472392638 0.0359375
0 0.4539877300613497 0.85625 0.04294478527607362 0.0296875
0 0.24233128834355827 0.859375 0.06134969325153374 0.0296875
0 0.6349693251533742 0.9234375 0.05214723926380368 0.0359375
0 0.1901840490797546 0.95 0.03067484662576687 0.015625
0 0.08895705521472393 0.978125 0.05828220858895705 0.028125
0 0.39263803680981596 0.990625 0.0705521472392638 0.01875
0 0.6901840490797546 0.9171875 0.05214723926380368 0.0359375
0 0.7024539877300614 0.89375 0.049079754601226995 0.0296875
0 0.5766871165644172 0.54375 0.046012269938650305 0.0390625
0 0.6319018404907976 0.5484375 0.0705521472392638 0.0453125
0 0.7085889570552147 0.628125 0.06134969325153374 0.03125
0 0.6411042944785276 0.7390625 0.11042944785276074 0.0734375
0 0.9294478527607362 0.7328125 0.0736196319018405 0.0421875
0 0.7730061349693251 0.7578125 0.0736196319018405 0.0734375
0 0.9079754601226994 0.8640625 0.1165644171779141 0.046875
0 0.006134969325153374 0.78125 0.009202453987730062 0.0421875