0 0.16519174041297935 0.04375 0.19469026548672566 0.0859375
0 0.11799410029498525 0.3875 0.20648967551622419 0.10625
0 0.7876106194690266 0.5515625 0.12094395280235988 0.0984375
0 0.40707964601769914 0.28125 0.11504424778761062 0.046875
0 0.471976401179941 0.35 0.13274336283185842 0.04375
0 0.8171091445427728 0.0125 0.07079646017699115 0.0234375
0 0.9203539823008849 0.0125 0.07374631268436578 0.025
0 0.7050147492625368 0.03125 0.10029498525073746 0.0484375
0 0.8731563421828908 0.0359375 0.06784660766961652 0.053125
0 0.9144542772861357 0.25 0.07964601769911504 0.0453125
0 0.8997050147492626 0.2109375 0.05309734513274336 0.0296875
0 0.5870206489675516 0.309375 0.0855457227138643 0.0359375
0 0.528023598820059 0.671875 0.029498525073746312 0.0265625
0 0.2920353982300885 0.6328125 0.035398230088495575 0.0296875
0 0.5781710914454278 0.4125 0.06784660766961652 0.0234375
0 0.09144542772861357 0.45 0.10324483775811209 0.0484375
0 0.02064896755162242 0.48125 0.038348082595870206 0.0234375
0 0.35988200589970504 0.1546875 0.05309734513274336 0.0296875
0 0.23008849557522124 0.153125 0.029498525073746312 0.0203125
0 0.10029498525073746 0.15 0.061946902654867256 0.028125
0 0.1504424778761062 0.1765625 0.04129793510324484 0.0234375
0 0.4808259587020649 0.2 0.05014749262536873 0.0140625
0 0.6696165191740413 0.1546875 0.04129793510324484 0.0421875
0 0.7345132743362832 0.125 0.04424778761061947 0.021875
0 0.5368731563421829 0.13125 0.02064896755162242 0.025
0 0.35693215339233036 0.0984375 0.0471976401179941 0.0234375
0 0.49557522123893805 0.0515625 0.032448377581120944 0.0140625
0 0.6135693215339233 0.0375 0.04129793510324484 0.0390625
0 0.6283185840707964 0.0671875 0.035398230088495575 0.028125
0 0.7079646017699115 0.059375 0.0471976401179941 0.0171875
0 0.3008849557522124 0.2515625 0.061946902654867256 0.021875
0 0.35398230088495575 0.2375 0.0471976401179941 0.01875
0 0.017699115044247787 0.296875 0.02359882005899705 0.0234375
0 0.011799410029498525 0.2328125 0.02064896755162242 0.0234375
0 0.029498525073746312 0.215625 0.05604719764011799 0.0390625
0 0.10914454277286136 0.2203125 0.04424778761061947 0.01875
0 0.10029498525073746 0.5265625 0.07374631268436578 0.034375
0 0.19469026548672566 0.5234375 0.017699115044247787 0.0265625
0 0.911504424778761 0.634375 0.07079646017699115 0.0234375
0 0.8849557522123894 0.7625 0.12389380530973451 0.0234375
0 0.7522123893805309 0.7734375 0.06489675516224189 0.0421875
0 0.0943952802359882 0.996875 0.02654867256637168 0.0046875
0 0.13864306784660768 0.9890625 0.09144542772861357 0.021875