0 0.41254125412541254 0.0765625 0.36303630363036304 0.1515625
0 0.8960396039603961 0.17734375 0.2079207920792079 0.2109375
0 0.5346534653465347 0.9609375 0.27722772277227725 0.0765625
0 0.1848184818481848 0.246875 0.16831683168316833 0.08125
0 0.1716171617161716 0.528125 0.10891089108910891 0.0625
0 0.2508250825082508 0.590625 0.1419141914191419 0.0484375
0 0.3102310231023102 0.753125 0.07920792079207921 0.0390625
0 0.47854785478547857 0.721875 0.0858085808580858 0.0265625
0 0.0594059405940594 0.2625 0.1188118811881188 0.084375
0 0.7755775577557755 0.4921875 0.09900990099009901 0.04375
0 0.033003300330033 0.4859375 0.0627062706270627 0.0390625
0 0.0165016501650165 0.525 0.033003300330033 0.046875
0 0.07590759075907591 0.525 0.056105610561056105 0.028125
0 0.20132013201320131 0.31875 0.056105610561056105 0.028125
0 0.38613861386138615 0.3515625 0.0858085808580858 0.0359375
0 0.33993399339933994 0.3921875 0.09900990099009901 0.0234375
0 0.429042904290429 0.2546875 0.09900990099009901 0.05
0 0.5346534653465347 0.2484375 0.06930693069306931 0.0375
0 0.6633663366336634 0.2265625 0.0924092409240924 0.0390625
0 0.6831683168316832 0.284375 0.056105610561056105 0.0328125
0 0.9042904290429042 0.3515625 0.0924092409240924 0.0390625
0 0.6435643564356436 0.3328125 0.056105610561056105 0.0296875
0 0.40924092409240925 0.5 0.0924092409240924 0.0265625
0 0.47854785478547857 0.475 0.06930693069306931 0.0359375
0 0.3696369636963696 0.434375 0.0891089108910891 0.0390625
0 0.33003300330033003 0.471875 0.09900990099009901 0.0234375
0 0.10231023102310231 0.375 0.10891089108910891 0.046875
0 0.0165016501650165 0.346875 0.033003300330033 0.0296875
0 0.20132013201320131 0.7640625 0.04950495049504951 0.0265625
0 0.2706270627062706 0.8265625 0.06930693069306931 0.034375
0 0.019801980198019802 0.6484375 0.039603960396039604 0.053125
0 0.528052805280528 0.51875 0.12211221122112212 0.0453125
0 0.735973597359736 0.6078125 0.15841584158415842 0.0484375
0 0.052805280528052806 0.9140625 0.10231023102310231 0.053125