0 0.7828947368421053 0.4515625 0.39144736842105265 0.1859375
0 0.8125 0.58125 0.375 0.109375
0 0.20723684210526316 0.290625 0.41118421052631576 0.2015625
0 0.3092105263157895 0.1046875 0.6151315789473685 0.2015625
0 0.4901315789473684 0.859375 0.48026315789473684 0.2421875
0 0.3092105263157895 0.6921875 0.13486842105263158 0.05625
0 0.27631578947368424 0.5625 0.12828947368421054 0.096875
0 0.06907894736842106 0.63125 0.10855263157894737 0.0734375
0 0.9802631578947368 0.8453125 0.039473684210526314 0.03125
0 0.4506578947368421 0.465625 0.25 0.15
0 0.009868421052631578 0.4015625 0.01644736842105263 0.03125
0 0.1611842105263158 0.4203125 0.10526315789473684 0.0265625
0 0.2236842105263158 0.4546875 0.07236842105263158 0.0390625
0 0.05592105263157895 0.4546875 0.06578947368421052 0.0265625
0 0.9703947368421053 0.7078125 0.05592105263157895 0.05625
0 0.8618421052631579 0.73125 0.07236842105263158 0.040625
0 0.41118421052631576 0.6140625 0.049342105263157895 0.0421875
0 0.2138157894736842 0.6328125 0.04276315789473684 0.025
0 0.3157894736842105 0.6328125 0.049342105263157895 0.01875
0 0.8388157894736842 0.653125 0.07894736842105263 0.0375
0 0.1611842105263158 0.6640625 0.16447368421052633 0.0484375
0 0.03289473684210526 0.6890625 0.0625 0.0265625
0 0.1118421052631579 0.709375 0.0756578947368421 0.0359375
0 0.01644736842105263 0.8609375 0.029605263157894735 0.046875
0 0.03289473684210526 0.9171875 0.0625 0.0296875
0 0.8223684210526315 0.8625 0.039473684210526314 0.034375
0 0.9901315789473685 0.771875 0.019736842105263157 0.01875
0 0.5263157894736842 0.61875 0.10197368421052631 0.0203125
0 0.1611842105263158 0.559375 0.07236842105263158 0.028125
0 0.13157894736842105 0.5015625 0.06907894736842106 0.034375
0 0.20723684210526316 0.509375 0.03289473684210526 0.0265625
0 0.28289473684210525 0.5046875 0.049342105263157895 0.03125
0 0.5493421052631579 0.7078125 0.0625 0.046875
0 0.8585526315789473 0.81875 0.05921052631578947 0.04375
0 0.9967105263157895 0.9015625 0.003289473684210526 0.04375