0 0.15634218289085547 0.996875 0.08259587020648967 0.00625
0 0.5103244837758112 0.9953125 0.07669616519174041 0.009375
0 0.8053097345132744 0.9484375 0.12094395280235988 0.04375
0 0.2890855457227139 0.596875 0.07669616519174041 0.0421875
0 0.9808259587020649 0.48359375 0.038348082595870206 0.0578125
0 0.948377581120944 0.38046875 0.10324483775811209 0.0609375
0 0.8643067846607669 0.56875 0.10324483775811209 0.0515625
0 0.9056047197640118 0.659375 0.06489675516224189 0.059375
0 0.8200589970501475 0.709375 0.12979351032448377 0.0703125
0 0.5309734513274337 0.55625 0.13864306784660768 0.0609375
0 0.06784660766961652 0.546875 0.05604719764011799 0.034375
0 0.035398230088495575 0.5921875 0.07079646017699115 0.0390625
0 0.1887905604719764 0.6453125 0.11504424778761062 0.0359375