0 0.290519877675841 0.84375 0.3149847094801223 0.1515625
0 0.47706422018348627 0.95 0.0764525993883792 0.040625
0 0.5351681957186545 0.9953125 0.13761467889908258 0.009375
0 0.4984709480122324 0.7484375 0.1529051987767584 0.0875
0 0.6207951070336392 0.7421875 0.13761467889908258 0.053125
0 0.6605504587155964 0.790625 0.1559633027522936 0.05
0 0.9311926605504587 0.8265625 0.13761467889908258 0.1
0 0.5779816513761468 0.6453125 0.17737003058103976 0.0921875
0 0.8165137614678899 0.4703125 0.25688073394495414 0.0921875
0 0.7186544342507645 0.5796875 0.308868501529052 0.128125
0 0.1620795107033639 0.6421875 0.11314984709480122 0.0640625
0 0.2691131498470948 0.346875 0.5229357798165137 0.2484375
0 0.18042813455657492 0.0078125 0.3577981651376147 0.0140625
0 0.5107033639143731 0.175 0.0764525993883792 0.040625
0 0.24770642201834864 0.1609375 0.10397553516819572 0.06875
0 0.0856269113149847 0.0953125 0.10397553516819572 0.059375
0 0.03669724770642202 0.1625 0.07339449541284404 0.0546875
0 0.5565749235474006 0.0359375 0.09785932721712538 0.05625
0 0.7798165137614679 0.096875 0.06116207951070336 0.0453125
0 0.8501529051987767 0.0421875 0.13761467889908258 0.0765625
0 0.8195718654434251 0.0046875 0.10091743119266056 0.009375
0 0.8318042813455657 0.271875 0.13761467889908258 0.0703125
0 0.6452599388379205 0.25 0.11926605504587157 0.0890625
0 0.9617737003058104 0.23984375 0.0764525993883792 0.0953125
0 0.6085626911314985 0.3890625 0.10091743119266056 0.059375