0 0.36578171091445427 0.015625 0.16224188790560473 0.0296875
0 0.9174041297935103 0.246875 0.05309734513274336 0.025
0 0.5575221238938053 0.9046875 0.12389380530973451 0.0359375
0 0.37168141592920356 0.921875 0.15339233038348082 0.0375
0 0.7935103244837758 0.1546875 0.09734513274336283 0.065625
0 0.9380530973451328 0.20625 0.08259587020648967 0.04375
0 0.13569321533923304 0.16875 0.09734513274336283 0.0828125
0 0.995575221238938 0.25546875 0.008849557522123894 0.0296875
0 0.7787610619469026 0.5 0.04424778761061947 0.0453125
0 0.7079646017699115 0.4953125 0.07079646017699115 0.0515625
0 0.25958702064896755 0.2234375 0.11504424778761062 0.0375
0 0.45132743362831856 0.171875 0.13274336283185842 0.046875
0 0.24188790560471976 0.065625 0.06489675516224189 0.0328125
0 0.04129793510324484 0.059375 0.061946902654867256 0.028125
0 0.1592920353982301 0.0875 0.07079646017699115 0.0453125
0 0.5811209439528023 0.0703125 0.10324483775811209 0.0515625
0 0.8938053097345132 0.0203125 0.0855457227138643 0.03125
0 0.9882005899705014 0.0109375 0.02359882005899705 0.021875
0 0.8053097345132744 0.5546875 0.07079646017699115 0.0296875
0 0.7876106194690266 0.690625 0.08849557522123894 0.05
0 0.943952802359882 0.6625 0.11209439528023599 0.05
0 0.49262536873156343 0.475 0.05014749262536873 0.04375
0 0.4336283185840708 0.4703125 0.0471976401179941 0.0484375
0 0.07964601769911504 0.5 0.05014749262536873 0.04375
0 0.18289085545722714 0.8796875 0.08849557522123894 0.0390625
0 0.10324483775811209 0.984375 0.07079646017699115 0.0296875
0 0.4896755162241888 0.840625 0.10029498525073746 0.053125