0 0.8848684210526315 0.2796875 0.16776315789473684 0.11875
0 0.9703947368421053 0.4296875 0.05921052631578947 0.0921875
0 0.39144736842105265 0.0125 0.17434210526315788 0.0234375
0 0.506578947368421 0.0125 0.125 0.025
0 0.8519736842105263 0.4890625 0.19078947368421054 0.059375
0 0.13815789473684212 0.3578125 0.06907894736842106 0.03125
0 0.0625 0.25 0.11513157894736842 0.0875
0 0.23026315789473684 0.234375 0.10855263157894737 0.0359375
0 0.003289473684210526 0.06875 0.006578947368421052 0.0375
0 0.10197368421052631 0.109375 0.08552631578947369 0.040625
0 0.03618421052631579 0.0109375 0.07236842105263158 0.0203125
0 0.13486842105263158 0.0078125 0.07236842105263158 0.015625
0 0.3355263157894737 0.1453125 0.1611842105263158 0.0828125
0 0.631578947368421 0.19375 0.07894736842105263 0.0375
0 0.8026315789473685 0.165625 0.10855263157894737 0.0515625
0 0.9078947368421053 0.15625 0.05592105263157895 0.0453125
0 0.25 0.3515625 0.23355263157894737 0.0640625
0 0.5460526315789473 0.3046875 0.13157894736842105 0.040625
0 0.5361842105263158 0.353125 0.05592105263157895 0.028125
0 0.3223684210526316 0.546875 0.18092105263157895 0.075
0 0.013157894736842105 0.6203125 0.02631578947368421 0.0671875
0 0.09539473684210527 0.709375 0.1875 0.0609375
0 0.029605263157894735 0.446875 0.05921052631578947 0.034375
0 0.23355263157894737 0.4390625 0.09868421052631579 0.0421875