0 0.9734513274336283 0.3078125 0.05309734513274336 0.0921875
0 0.943952802359882 0.0921875 0.11209439528023599 0.0640625
0 0.855457227138643 0.59375 0.20058997050147492 0.11875
0 0.2743362831858407 0.35625 0.17994100294985252 0.1296875
0 0.6017699115044248 0.146875 0.09144542772861357 0.0390625
0 0.8495575221238938 0.225 0.09734513274336283 0.04375
0 0.5722713864306784 0.34375 0.05604719764011799 0.04375
0 0.6283185840707964 0.375 0.04129793510324484 0.0234375
0 0.967551622418879 0.471875 0.06489675516224189 0.0390625
0 0.5752212389380531 0.5265625 0.11209439528023599 0.0375
0 0.4749262536873156 0.25625 0.06489675516224189 0.059375
0 0.31268436578171094 0.2421875 0.05309734513274336 0.028125
0 0.2359882005899705 0.1625 0.05014749262536873 0.0375
0 0.9557522123893806 0.0125 0.05014749262536873 0.0234375
0 0.9587020648967551 0.3734375 0.07079646017699115 0.0296875
0 0.029498525073746312 0.3625 0.05604719764011799 0.0828125
0 0.5486725663716814 0.44375 0.02654867256637168 0.021875
0 0.7168141592920354 0.4640625 0.07374631268436578 0.021875
0 0.07669616519174041 0.025 0.07374631268436578 0.0234375
0 0.029498525073746312 0.0828125 0.05014749262536873 0.0328125
0 0.584070796460177 0.903125 0.13569321533923304 0.065625
0 0.8289085545722714 0.9015625 0.04424778761061947 0.0359375
0 0.2153392330383481 0.9828125 0.10914454277286136 0.034375
0 0.9572271386430679 0.7828125 0.0855457227138643 0.059375
0 0.9867256637168141 0.72890625 0.02654867256637168 0.0390625
0 0.13569321533923304 0.4828125 0.06489675516224189 0.0234375
0 0.5781710914454278 0.828125 0.0471976401179941 0.0296875
0 0.7079646017699115 0.8515625 0.032448377581120944 0.0234375
0 0.6843657817109144 0.990625 0.05604719764011799 0.0171875
0 0.7817109144542773 0.990625 0.029498525073746312 0.0171875
0 0.528023598820059 0.765625 0.09144542772861357 0.0328125
0 0.7315634218289085 0.721875 0.04424778761061947 0.0328125
0 0.6607669616519174 0.734375 0.061946902654867256 0.0390625
0 0.7492625368731564 0.75625 0.06489675516224189 0.0265625