0 0.7822085889570553 0.003125 0.0950920245398773 0.00625
0 0.941717791411043 0.23125 0.1165644171779141 0.0484375
0 0.7055214723926381 0.10625 0.10736196319018405 0.0375
0 0.745398773006135 0.1828125 0.1656441717791411 0.05625
0 0.8773006134969326 0.0359375 0.0950920245398773 0.0234375
0 0.8834355828220859 0.059375 0.12269938650306748 0.034375
0 0.5828220858895705 0.915625 0.1196319018404908 0.059375
0 0.803680981595092 0.9546875 0.15337423312883436 0.059375
0 0.9815950920245399 0.8453125 0.03680981595092025 0.103125
0 0.8558282208588958 0.7203125 0.18404907975460122 0.059375
0 0.31901840490797545 0.946875 0.13803680981595093 0.05
0 0.3128834355828221 0.8546875 0.1165644171779141 0.040625
0 0.31901840490797545 0.265625 0.19938650306748465 0.0796875
0 0.29754601226993865 0.2203125 0.1411042944785276 0.0515625
0 0.39263803680981596 0.2203125 0.04294478527607362 0.046875
0 0.8711656441717791 0.1625 0.08282208588957055 0.034375
0 0.8926380368098159 0.284375 0.04294478527607362 0.03125
0 0.8098159509202454 0.29375 0.05214723926380368 0.021875
0 0.7423312883435583 0.26875 0.04294478527607362 0.0140625
0 0.6104294478527608 0.2640625 0.08895705521472393 0.034375
0 0.99079754601227 0.09375 0.018404907975460124 0.0234375
0 0.9386503067484663 0.1015625 0.03987730061349693 0.03125
0 0.5398773006134969 0.0296875 0.06748466257668712 0.028125
0 0.6840490797546013 0.0375 0.04294478527607362 0.0421875
0 0.7699386503067485 0.0359375 0.07668711656441718 0.0328125
0 0.6595092024539877 0.7765625 0.13190184049079753 0.046875
0 0.6901840490797546 0.6640625 0.04294478527607362 0.021875
0 0.7760736196319018 0.6171875 0.046012269938650305 0.0375
0 0.8404907975460123 0.6140625 0.06134969325153374 0.046875
0 0.9233128834355828 0.6625 0.05828220858895705 0.0296875
0 0.15030674846625766 0.8109375 0.09202453987730061 0.0453125
0 0.6134969325153374 0.6203125 0.1196319018404908 0.0484375
0 0.6042944785276073 0.175 0.0736196319018405 0.0375
0 0.12269938650306748 0.115625 0.1165644171779141 0.0515625
0 0.147239263803681 0.2828125 0.1165644171779141 0.0453125