0 0.9800613496932515 0.15078125 0.03987730061349693 0.0703125
0 0.450920245398773 0.175 0.10429447852760736 0.0421875
0 0.26993865030674846 0.0109375 0.03374233128834356 0.0203125
0 0.34662576687116564 0.1375 0.07975460122699386 0.0375
0 0.25766871165644173 0.1703125 0.06441717791411043 0.0375
0 0.46319018404907975 0.221875 0.10429447852760736 0.0546875
0 0.8588957055214724 0.3640625 0.13190184049079753 0.0671875
0 0.8680981595092024 0.51875 0.10429447852760736 0.0546875
0 0.254601226993865 0.259375 0.2085889570552147 0.075
0 0.8803680981595092 0.240625 0.13803680981595093 0.0421875
0 0.3588957055214724 0.5578125 0.20245398773006135 0.1328125
0 0.0950920245398773 0.528125 0.18711656441717792 0.26875
0 0.2361963190184049 0.95625 0.37423312883435583 0.0875
0 0.34049079754601225 0.9921875 0.08588957055214724 0.0140625
0 0.7208588957055214 0.58125 0.08282208588957055 0.0265625
0 0.9202453987730062 0.5671875 0.07975460122699386 0.0375
0 0.1165644171779141 0.696875 0.1165644171779141 0.05625
0 0.26993865030674846 0.828125 0.17791411042944785 0.0625
0 0.03680981595092025 0.884375 0.0705521472392638 0.0515625
0 0.5429447852760736 0.0140625 0.0950920245398773 0.0265625
0 0.5030674846625767 0.0703125 0.08588957055214724 0.0453125
0 0.6226993865030674 0.4390625 0.07668711656441718 0.0328125
0 0.7576687116564417 0.346875 0.03374233128834356 0.0484375
0 0.9539877300613497 0.4546875 0.049079754601226995 0.0265625
0 0.7852760736196319 0.4390625 0.10429447852760736 0.0375
0 0.4049079754601227 0.0046875 0.0705521472392638 0.009375
0 0.22699386503067484 0.090625 0.1656441717791411 0.0640625
0 0.21779141104294478 0.0484375 0.10429447852760736 0.05
0 0.10736196319018405 0.0296875 0.06748466257668712 0.053125
0 0.3067484662576687 0.0171875 0.12576687116564417 0.034375
0 0.6349693251533742 0.0359375 0.03987730061349693 0.034375
0 0.6595092024539877 0.0875 0.03374233128834356 0.0390625
0 0.5337423312883436 0.1625 0.09815950920245399 0.065625
0 0.08588957055214724 0.1234375 0.1441717791411043 0.0515625
0 0.9340490797546013 0.93828125 0.13190184049079753 0.0703125