0 0.5953947368421053 0.25625 0.7236842105263158 0.5125
0 0.5098684210526315 0.9890625 0.08881578947368421 0.021875
0 0.029605263157894735 0.1421875 0.05921052631578947 0.0640625
0 0.11842105263157894 0.9 0.17434210526315788 0.1125
0 0.9078947368421053 0.6671875 0.18092105263157895 0.059375
0 0.34539473684210525 0.984375 0.13486842105263158 0.0296875
0 0.17105263157894737 0.084375 0.03289473684210526 0.03125
0 0.40789473684210525 0.4953125 0.08223684210526316 0.0375
0 0.680921052631579 0.8953125 0.07236842105263158 0.03125
0 0.9144736842105263 0.9125 0.05592105263157895 0.0296875
0 0.3980263157894737 0.66875 0.08881578947368421 0.0484375
0 0.28289473684210525 0.721875 0.08881578947368421 0.04375
0 0.680921052631579 0.990625 0.07236842105263158 0.01875
0 0.5164473684210527 0.915625 0.08223684210526316 0.034375
0 0.6414473684210527 0.8640625 0.046052631578947366 0.0375
0 0.013157894736842105 0.8953125 0.02631578947368421 0.034375
0 0.009868421052631578 0.9359375 0.01644736842105263 0.0328125