0 0.9646017699115044 0.496875 0.032448377581120944 0.034375
0 0.7286135693215339 0.565625 0.09734513274336283 0.0390625
0 0.8967551622418879 0.5578125 0.07669616519174041 0.0296875
0 0.6489675516224189 0.66875 0.058997050147492625 0.034375
0 0.775811209439528 0.925 0.13864306784660768 0.065625
0 0.6991150442477876 0.0359375 0.20648967551622419 0.0703125
0 0.8938053097345132 0.01875 0.10914454277286136 0.0375
0 0.8141592920353983 0.2328125 0.13864306784660768 0.0890625
0 0.9970501474926253 0.246875 0.0058997050147492625 0.046875
0 0.30383480825958703 0.6703125 0.11799410029498525 0.046875
0 0.10029498525073746 0.7640625 0.04424778761061947 0.0390625
0 0.26253687315634217 0.85 0.06784660766961652 0.028125
0 0.25958702064896755 0.065625 0.061946902654867256 0.071875
0 0.5811209439528023 0.2796875 0.12389380530973451 0.034375
0 0.7256637168141593 0.153125 0.05604719764011799 0.0296875