0 0.6299694189602446 0.7515625 0.20489296636085627 0.1109375
0 0.2966360856269113 0.8328125 0.1834862385321101 0.0703125
0 0.40978593272171254 0.91875 0.1559633027522936 0.0703125
0 0.21100917431192662 0.9921875 0.2018348623853211 0.015625
0 0.42201834862385323 0.984375 0.09785932721712538 0.03125
0 0.5321100917431193 0.9828125 0.10397553516819572 0.034375
0 0.8776758409785933 0.8828125 0.13761467889908258 0.0703125
0 0.9648318042813455 0.965625 0.07033639143730887 0.06875
0 0.3516819571865443 0.6484375 0.11314984709480122 0.0578125
0 0.05198776758409786 0.4734375 0.10397553516819572 0.065625
0 0.009174311926605505 0.56875 0.01834862385321101 0.0578125
0 0.2599388379204893 0.4890625 0.11926605504587157 0.0609375
0 0.8532110091743119 0.428125 0.14984709480122324 0.053125
0 0.18654434250764526 0.340625 0.19877675840978593 0.0640625
0 0.039755351681957186 0.3609375 0.07951070336391437 0.0515625
0 0.027522935779816515 0.4046875 0.05504587155963303 0.03125
0 0.0061162079510703364 0.1734375 0.009174311926605505 0.0703125
0 0.03363914373088685 0.0609375 0.0672782874617737 0.05625
0 0.1712538226299694 0.21875 0.09785932721712538 0.0640625
0 0.25076452599388377 0.225 0.09785932721712538 0.1046875
0 0.21712538226299694 0.7640625 0.11926605504587157 0.04375
0 0.5718654434250765 0.6625 0.13761467889908258 0.0578125
0 0.9571865443425076 0.5875 0.0856269113149847 0.040625
0 0.8746177370030581 0.6484375 0.12844036697247707 0.0609375
0 0.7981651376146789 0.5765625 0.09785932721712538 0.05
0 0.1926605504587156 0.5640625 0.07339449541284404 0.05
0 0.1743119266055046 0.5203125 0.06422018348623854 0.025
0 0.3363914373088685 0.584375 0.07951070336391437 0.028125
0 0.46788990825688076 0.00625 0.09785932721712538 0.0109375
0 0.7339449541284404 0.309375 0.16819571865443425 0.09375
0 0.5290519877675841 0.3453125 0.09785932721712538 0.0703125
0 0.9740061162079511 0.378125 0.05198776758409786 0.078125