0 0.9490131578947368 0.07578125 0.10197368421052631 0.0796875
0 0.9457236842105263 0.1953125 0.10855263157894737 0.075
0 0.9144736842105263 0.40625 0.125 0.08125
0 0.023026315789473683 0.425 0.04276315789473684 0.0796875
0 0.6611842105263158 0.259375 0.34210526315789475 0.18125
0 0.25 0.7921875 0.27631578947368424 0.0578125
0 0.9720394736842105 0.746875 0.05592105263157895 0.128125
0 0.08223684210526316 0.075 0.13815789473684212 0.1484375
0 0.631578947368421 0.05625 0.18092105263157895 0.08125
0 0.7072368421052632 0.8140625 0.24342105263157895 0.0921875
0 0.3782894736842105 0.578125 0.08552631578947369 0.05625
0 0.5197368421052632 0.7640625 0.12171052631578948 0.040625
0 0.24671052631578946 0.946875 0.2236842105263158 0.10625