0 0.5352941176470588 0.221875 0.23529411764705882 0.1140625
0 0.9308823529411765 0.740625 0.13823529411764707 0.0625
0 0.7470588235294118 0.7828125 0.09117647058823529 0.0421875
0 0.8970588235294118 0.5171875 0.17352941176470588 0.0765625
0 0.8382352941176471 0.584375 0.058823529411764705 0.009375
0 0.9470588235294117 0.6484375 0.06470588235294118 0.0484375
0 0.5676470588235294 0.6484375 0.17941176470588235 0.075
0 0.22058823529411764 0.865625 0.08529411764705883 0.0359375
0 0.5529411764705883 0.828125 0.08235294117647059 0.05
0 0.49117647058823527 0.8703125 0.07352941176470588 0.0703125
0 0.20294117647058824 0.975 0.07058823529411765 0.034375
0 0.04411764705882353 0.40625 0.061764705882352944 0.053125
0 0.29705882352941176 0.3203125 0.061764705882352944 0.0171875
0 0.5 0.4890625 0.10588235294117647 0.053125
0 0.06764705882352941 0.1453125 0.041176470588235294 0.01875
0 0.12352941176470589 0.203125 0.03235294117647059 0.028125
0 0.43823529411764706 0.0171875 0.052941176470588235 0.034375
0 0.27647058823529413 0.1671875 0.11764705882352941 0.040625
0 0.22058823529411764 0.6484375 0.08235294117647059 0.0234375
0 0.21764705882352942 0.5515625 0.10588235294117647 0.040625
0 0.65 0.5 0.03235294117647059 0.028125
0 0.5176470588235295 0.565625 0.05 0.0328125
0 0.026470588235294117 0.85 0.052941176470588235 0.04375
0 0.08235294117647059 0.771875 0.06764705882352941 0.0421875
0 0.38235294117647056 0.75625 0.052941176470588235 0.0265625
0 0.5735294117647058 0.7484375 0.07352941176470588 0.0296875
0 0.8205882352941176 0.8546875 0.16470588235294117 0.0296875
0 0.8147058823529412 0.1953125 0.061764705882352944 0.05625