0 0.5552147239263804 0.01875 0.10122699386503067 0.0359375
0 0.8374233128834356 0.065625 0.11042944785276074 0.046875
0 0.9708588957055214 0.26640625 0.05828220858895705 0.1421875
0 0.08895705521472393 0.0171875 0.1196319018404908 0.034375
0 0.4815950920245399 0.1421875 0.1656441717791411 0.0234375
0 0.8312883435582822 0.0234375 0.0736196319018405 0.015625
0 0.6503067484662577 0.6625 0.4601226993865031 0.125
0 0.7024539877300614 0.784375 0.3128834355828221 0.1
0 0.0736196319018405 0.8453125 0.147239263803681 0.103125
0 0.3343558282208589 0.91875 0.10122699386503067 0.0453125
0 0.3128834355828221 0.821875 0.06441717791411043 0.0375
0 0.7638036809815951 0.271875 0.08282208588957055 0.025
0 0.6104294478527608 0.3078125 0.049079754601226995 0.0296875
0 0.5644171779141104 0.25 0.08282208588957055 0.0171875
0 0.9923312883435583 0.0265625 0.015337423312883436 0.025
0 0.9263803680981595 0.109375 0.06441717791411043 0.0296875
0 0.8680981595092024 0.1703125 0.05828220858895705 0.021875
0 0.3067484662576687 0.275 0.05828220858895705 0.0234375
0 0.5030674846625767 0.375 0.0705521472392638 0.034375
0 0.06441717791411043 0.125 0.05828220858895705 0.0359375
0 0.3588957055214724 0.0984375 0.05828220858895705 0.025
0 0.18404907975460122 0.05625 0.027607361963190184 0.0171875
0 0.11349693251533742 0.36875 0.0736196319018405 0.0265625
0 0.2607361963190184 0.4484375 0.06134969325153374 0.0359375
0 0.5306748466257669 0.4203125 0.046012269938650305 0.0375
0 0.6012269938650306 0.4125 0.07975460122699386 0.0546875
0 0.6625766871165644 0.39375 0.05828220858895705 0.040625
0 0.8404907975460123 0.3859375 0.05828220858895705 0.04375
0 0.7730061349693251 0.4234375 0.05828220858895705 0.028125
0 0.696319018404908 0.4546875 0.07975460122699386 0.0375
0 0.1441717791411043 0.278125 0.027607361963190184 0.0171875
0 0.15644171779141106 0.328125 0.05828220858895705 0.021875
0 0.22392638036809817 0.3125 0.027607361963190184 0.028125
0 0.401840490797546 0.3953125 0.05828220858895705 0.0203125
0 0.44785276073619634 0.4203125 0.06134969325153374 0.0234375
0 0.3834355828220859 0.4703125 0.049079754601226995 0.0234375
0 0.4601226993865031 0.465625 0.046012269938650305 0.0375
0 0.5184049079754601 0.5203125 0.08895705521472393 0.01875
0 0.30368098159509205 0.61875 0.06748466257668712 0.0484375
0 0.34355828220858897 0.6015625 0.05214723926380368 0.04375
0 0.9739263803680982 0.93046875 0.05214723926380368 0.0359375
0 0.7668711656441718 0.9140625 0.049079754601226995 0.025
0 0.6257668711656442 0.065625 0.09202453987730061 0.0359375
0 0.549079754601227 0.1203125 0.05521472392638037 0.0359375
0 0.6932515337423313 0.14375 0.08895705521472393 0.0375
0 0.12269938650306748 0.665625 0.18098159509202455 0.0375
0 0.3588957055214724 0.675 0.04294478527607362 0.021875
0 0.3496932515337423 0.715625 0.05521472392638037 0.04375
0 0.26380368098159507 0.7578125 0.08282208588957055 0.0234375
0 0.9079754601226994 0.2265625 0.05521472392638037 0.0421875
0 0.06748466257668712 0.5984375 0.049079754601226995 0.0203125
0 0.17791411042944785 0.4625 0.04294478527607362 0.021875
0 0.9769938650306749 0.86640625 0.046012269938650305 0.0359375
0 0.49079754601226994 0.3265625 0.13190184049079753 0.0515625