0 0.1254125412541254 0.2359375 0.24092409240924093 0.125
0 0.8481848184818482 0.2828125 0.1848184818481848 0.10625
0 0.9834983498349835 0.3609375 0.033003300330033 0.09375
0 0.0165016501650165 0.403125 0.033003300330033 0.0875
0 0.11551155115511551 0.3859375 0.16831683168316833 0.0671875
0 0.9125412541254125 0.02109375 0.17491749174917492 0.0421875
0 0.9554455445544554 0.04453125 0.0891089108910891 0.0421875
0 0.5247524752475248 0.23125 0.066006600660066 0.0390625
0 0.2739273927392739 0.3953125 0.11551155115511551 0.0390625
0 0.0924092409240924 0.10625 0.07920792079207921 0.0359375
0 0.09570957095709572 0.06875 0.0594059405940594 0.0265625
0 0.006600660066006601 0.1125 0.009900990099009901 0.0515625
0 0.8448844884488449 0.078125 0.06930693069306931 0.0328125
0 0.5973597359735974 0.1 0.052805280528052806 0.028125
0 0.7029702970297029 0.134375 0.04950495049504951 0.0265625
0 0.9158415841584159 0.5375 0.16831683168316833 0.059375
0 0.8448844884488449 0.6109375 0.1617161716171617 0.0546875
0 0.9636963696369637 0.7 0.07260726072607261 0.09375
0 0.7557755775577558 0.71875 0.18811881188118812 0.0609375
0 0.18811881188118812 0.996875 0.17491749174917492 0.00625
0 0.40594059405940597 0.396875 0.06930693069306931 0.04375