0 0.5214723926380368 0.109375 0.42024539877300615 0.153125
0 0.9340490797546013 0.62578125 0.13190184049079753 0.1046875
0 0.18098159509202455 0.23125 0.08895705521472393 0.0453125
0 0.9831288343558282 0.40078125 0.03374233128834356 0.0734375
0 0.8220858895705522 0.3921875 0.09202453987730061 0.0359375
0 0.7055214723926381 0.6609375 0.147239263803681 0.053125
0 0.41411042944785276 0.7609375 0.13190184049079753 0.0390625
0 0.4815950920245399 0.7234375 0.11349693251533742 0.0375
0 0.1441717791411043 0.7703125 0.11042944785276074 0.0515625
0 0.7852760736196319 0.9984375 0.15337423312883436 0.0015625
0 0.7668711656441718 0.45625 0.07975460122699386 0.0265625
0 0.9141104294478528 0.515625 0.08895705521472393 0.0546875
0 0.745398773006135 0.928125 0.1165644171779141 0.0515625
0 0.13496932515337423 0.8796875 0.08588957055214724 0.0265625
0 0.24233128834355827 0.8609375 0.07668711656441718 0.03125
0 0.9171779141104295 0.9359375 0.08895705521472393 0.040625
0 0.13803680981595093 0.5609375 0.13496932515337423 0.025
0 0.147239263803681 0.5859375 0.08895705521472393 0.025
0 0.43558282208588955 0.3828125 0.05828220858895705 0.034375
0 0.6012269938650306 0.5984375 0.09815950920245399 0.0453125
0 0.11042944785276074 0.45625 0.03067484662576687 0.0140625
0 0.10122699386503067 0.9875 0.1441717791411043 0.0234375
0 0.48466257668711654 0.0078125 0.08895705521472393 0.0140625
0 0.18404907975460122 0.1140625 0.0950920245398773 0.040625
0 0.03067484662576687 0.1109375 0.05828220858895705 0.034375
0 0.6625766871165644 0.91875 0.04294478527607362 0.0234375
0 0.5858895705521472 0.9734375 0.06441717791411043 0.0265625
0 0.6226993865030674 0.996875 0.046012269938650305 0.00625
0 0.2607361963190184 0.396875 0.09815950920245399 0.059375
0 0.745398773006135 0.8140625 0.08895705521472393 0.0328125
0 0.754601226993865 0.728125 0.03680981595092025 0.0296875
0 0.34662576687116564 0.8859375 0.03987730061349693 0.025
0 0.8742331288343558 0.1765625 0.08895705521472393 0.0328125
0 0.8251533742331288 0.0390625 0.08895705521472393 0.053125
0 0.995398773006135 0.02421875 0.009202453987730062 0.0296875
0 0.9800613496932515 0.33515625 0.03987730061349693 0.0296875
0 0.5644171779141104 0.4296875 0.05828220858895705 0.0296875
0 0.4723926380368098 0.5375 0.1196319018404908 0.075
0 0.31901840490797545 0.8328125 0.09202453987730061 0.0375
0 0.9049079754601227 0.8875 0.07975460122699386 0.0265625
0 0.995398773006135 0.8015625 0.009202453987730062 0.0375
0 0.9616564417177914 0.4625 0.07668711656441718 0.04375
0 0.6349693251533742 0.4890625 0.02147239263803681 0.025
0 0.5306748466257669 0.6359375 0.08588957055214724 0.0515625
0 0.6779141104294478 0.85625 0.08282208588957055 0.0296875