0 0.03048780487804878 0.625 0.06097560975609756 0.103125
0 0.8689024390243902 0.5734375 0.1798780487804878 0.0640625
0 0.8292682926829268 0.9359375 0.2530487804878049 0.1140625
0 0.3201219512195122 0.1703125 0.08231707317073171 0.040625
0 0.40853658536585363 0.2265625 0.07317073170731707 0.0421875
0 0.24390243902439024 0.221875 0.0975609756097561 0.034375
0 0.051829268292682924 0.4015625 0.10365853658536585 0.071875
0 0.9451219512195121 0.8609375 0.06402439024390244 0.0359375
0 0.3384146341463415 0.41875 0.10060975609756098 0.0421875
0 0.32926829268292684 0.4828125 0.08231707317073171 0.0328125
0 0.3628048780487805 0.7203125 0.13719512195121952 0.0640625
0 0.5487804878048781 0.634375 0.08536585365853659 0.0421875
0 0.7652439024390244 0.4328125 0.0701219512195122 0.03125
0 0.9542682926829268 0.3078125 0.08536585365853659 0.0375
0 0.6310975609756098 0.4125 0.07317073170731707 0.0546875
0 0.9451219512195121 0.4953125 0.09451219512195122 0.04375
0 0.7134146341463414 0.7859375 0.06402439024390244 0.028125
0 0.47560975609756095 0.796875 0.039634146341463415 0.01875
0 0.39634146341463417 0.875 0.054878048780487805 0.0171875
0 0.2225609756097561 0.653125 0.04573170731707317 0.028125
0 0.42073170731707316 0.5796875 0.051829268292682924 0.021875
0 0.32926829268292684 0.65625 0.06402439024390244 0.03125
0 0.6097560975609756 0.8859375 0.07317073170731707 0.021875
0 0.5701219512195121 0.9515625 0.04878048780487805 0.0234375
0 0.22865853658536586 0.825 0.039634146341463415 0.021875
0 0.057926829268292686 0.978125 0.08231707317073171 0.04375
0 0.018292682926829267 0.0296875 0.036585365853658534 0.0296875
0 0.8689024390243902 0.2984375 0.03048780487804878 0.0453125
0 0.3201219512195122 0.3078125 0.10975609756097561 0.0375
0 0.20121951219512196 0.271875 0.07317073170731707 0.04375
0 0.10975609756097561 0.3140625 0.057926829268292686 0.0484375
0 0.021341463414634148 0.3375 0.042682926829268296 0.0296875
0 0.03353658536585366 0.196875 0.054878048780487805 0.0375
0 0.7103658536585366 0.2921875 0.054878048780487805 0.028125
0 0.21341463414634146 0.0328125 0.1402439024390244 0.0640625
0 0.04573170731707317 0.7984375 0.08841463414634146 0.0375
0 0.4603658536585366 0.9046875 0.11890243902439024 0.028125
0 0.9115853658536586 0.7421875 0.04878048780487805 0.034375
0 0.8384146341463414 0.421875 0.08231707317073171 0.0296875
0 0.6737804878048781 0.5109375 0.09146341463414634 0.025
0 0.012195121951219513 0.4625 0.024390243902439025 0.0421875
0 0.01524390243902439 0.5203125 0.027439024390243903 0.05625
0 0.3567073170731707 0.7828125 0.054878048780487805 0.0296875
0 0.3567073170731707 0.8359375 0.039634146341463415 0.034375
0 0.42378048780487804 0.8328125 0.042682926829268296 0.0328125
0 0.25914634146341464 0.871875 0.07926829268292683 0.025
0 0.1524390243902439 0.8265625 0.0701219512195122 0.034375
0 0.23780487804878048 0.54375 0.06402439024390244 0.0328125