0 0.7944078947368421 0.4515625 0.41118421052631576 0.20625
0 0.8174342105263158 0.596875 0.3651315789473684 0.121875
0 0.20065789473684212 0.2734375 0.3980263157894737 0.2234375
0 0.3125 0.090625 0.625 0.1796875
0 0.4868421052631579 0.8859375 0.5361842105263158 0.228125
0 0.28289473684210525 0.7203125 0.14802631578947367 0.0625
0 0.24671052631578946 0.5765625 0.14473684210526316 0.1078125
0 0.03618421052631579 0.6515625 0.07236842105263158 0.08125
0 0.4407894736842105 0.4671875 0.27960526315789475 0.1671875
0 0.11842105263157894 0.41875 0.11842105263157894 0.0296875
0 0.1875 0.45625 0.07894736842105263 0.0421875
0 0.019736842105263157 0.45625 0.03618421052631579 0.0296875
0 0.9950657894736842 0.7375 0.009868421052631578 0.0625
0 0.8980263157894737 0.7640625 0.07894736842105263 0.0453125
0 0.3980263157894737 0.634375 0.05263157894736842 0.046875
0 0.17434210526315788 0.6546875 0.049342105263157895 0.028125
0 0.2894736842105263 0.6546875 0.05263157894736842 0.021875
0 0.875 0.6765625 0.08881578947368421 0.0421875
0 0.11842105263157894 0.6890625 0.18092105263157895 0.053125
0 0.0625 0.740625 0.08552631578947369 0.040625
0 0.8519736842105263 0.9109375 0.046052631578947366 0.0375
0 0.5263157894736842 0.6390625 0.11513157894736842 0.0234375
0 0.11842105263157894 0.5734375 0.08223684210526316 0.03125
0 0.08223684210526316 0.509375 0.0756578947368421 0.0375
0 0.17105263157894737 0.5171875 0.03618421052631579 0.0296875
0 0.2532894736842105 0.5109375 0.05592105263157895 0.034375
0 0.5526315789473685 0.7375 0.07236842105263158 0.0515625
0 0.8980263157894737 0.8625 0.06578947368421052 0.05