0 0.6513157894736842 0.25625 0.6973684210526315 0.5125
0 0.5328947368421053 0.984375 0.16447368421052633 0.03125
0 0.08223684210526316 0.146875 0.1611842105263158 0.0890625
0 0.009868421052631578 0.140625 0.01644736842105263 0.04375
0 0.3848684210526316 0.6640625 0.10855263157894737 0.034375
0 0.9276315789473685 0.6875 0.05921052631578947 0.0609375
0 0.3223684210526316 0.6828125 0.07236842105263158 0.025
0 0.29605263157894735 0.7171875 0.10526315789473684 0.0390625
0 0.3651315789473684 0.9875 0.10526315789473684 0.025
0 0.029605263157894735 0.865625 0.05592105263157895 0.034375
0 0.375 0.80625 0.20394736842105263 0.053125
0 0.7631578947368421 0.7203125 0.10197368421052631 0.0484375
0 0.6611842105263158 0.8734375 0.046052631578947366 0.0328125
0 0.5756578947368421 0.8328125 0.07894736842105263 0.0453125
0 0.5526315789473685 0.9125 0.06907894736842106 0.0375
0 0.9111842105263158 0.9078125 0.07236842105263158 0.025
0 0.3782894736842105 0.4859375 0.09210526315789473 0.05625