0 0.21646341463414634 0.6 0.10365853658536585 0.05
0 0.5152439024390244 0.7296875 0.0975609756097561 0.046875
0 0.8292682926829268 0.184375 0.0975609756097561 0.0734375
0 0.6585365853658537 0.3515625 0.051829268292682924 0.0703125
0 0.11280487804878049 0.8625 0.13414634146341464 0.0703125
0 0.5792682926829268 0.45625 0.06402439024390244 0.0390625
0 0.036585365853658534 0.0640625 0.06707317073170732 0.04375
0 0.25914634146341464 0.13125 0.08231707317073171 0.04375
0 0.24390243902439024 0.2515625 0.09451219512195122 0.0203125
0 0.40853658536585363 0.2703125 0.0701219512195122 0.04375
0 0.5335365853658537 0.2703125 0.04573170731707317 0.040625
0 0.7134146341463414 0.5515625 0.08841463414634146 0.04375
0 0.7835365853658537 0.6015625 0.06097560975609756 0.028125
0 0.8628048780487805 0.565625 0.057926829268292686 0.0375
0 0.9329268292682927 0.5859375 0.054878048780487805 0.0296875
0 0.5823170731707317 0.8921875 0.08231707317073171 0.0421875
0 0.649390243902439 0.8625 0.0975609756097561 0.04375
0 0.6707317073170732 0.0265625 0.14634146341463414 0.05
0 0.9679878048780488 0.82265625 0.06402439024390244 0.0453125