0 0.06422018348623854 0.9796875 0.12232415902140673 0.040625
0 0.42507645259938837 0.515625 0.20489296636085627 0.115625
0 0.8623853211009175 0.39375 0.23853211009174313 0.1375
0 0.14984709480122324 0.475 0.2415902140672783 0.0625
0 0.14984709480122324 0.60625 0.10091743119266056 0.0515625
0 0.5259938837920489 0.6453125 0.0856269113149847 0.0484375
0 0.5688073394495413 0.7296875 0.09174311926605505 0.05
0 0.4740061162079511 0.703125 0.08256880733944955 0.0375
0 0.4892966360856269 0.74375 0.08868501529051988 0.025
0 0.07033639143730887 0.1171875 0.14067278287461774 0.075
0 0.4984709480122324 0.3703125 0.09174311926605505 0.0546875
0 0.8042813455657493 0.2265625 0.11926605504587157 0.0453125
0 0.9174311926605505 0.11875 0.11009174311926606 0.071875
0 0.7675840978593272 0.09375 0.17737003058103976 0.1
0 0.0764525993883792 0.8515625 0.12232415902140673 0.05
0 0.4984709480122324 0.1484375 0.17737003058103976 0.084375
0 0.3669724770642202 0.20625 0.10703363914373089 0.05
0 0.3394495412844037 0.071875 0.12538226299694188 0.0515625
0 0.382262996941896 0.0859375 0.0764525993883792 0.05
0 0.2691131498470948 0.6734375 0.10703363914373089 0.0515625
0 0.672782874617737 0.9390625 0.17737003058103976 0.0703125