0 0.0058997050147492625 0.4453125 0.008849557522123894 0.1140625
0 0.0058997050147492625 0.8265625 0.011799410029498525 0.034375
0 0.5014749262536873 0.39375 0.20648967551622419 0.096875
0 0.029498525073746312 0.759375 0.058997050147492625 0.0625
0 0.3185840707964602 0.5046875 0.07079646017699115 0.0375
0 0.8938053097345132 0.9640625 0.07669616519174041 0.0453125
0 0.4365781710914454 0.9234375 0.05604719764011799 0.0421875
0 0.5221238938053098 0.9671875 0.06784660766961652 0.009375
0 0.5988200589970502 0.8796875 0.06489675516224189 0.0265625
0 0.3274336283185841 0.040625 0.07079646017699115 0.05
0 0.49262536873156343 0.0234375 0.04129793510324484 0.04375
0 0.5929203539823009 0.06875 0.11209439528023599 0.0484375
0 0.3333333333333333 0.2171875 0.0943952802359882 0.034375
0 0.008849557522123894 0.5875 0.017699115044247787 0.0359375
0 0.3008849557522124 0.6296875 0.11209439528023599 0.053125
0 0.18584070796460178 0.6578125 0.07669616519174041 0.05
0 0.672566371681416 0.6234375 0.10324483775811209 0.0296875
0 0.7935103244837758 0.6328125 0.0943952802359882 0.053125
0 0.6283185840707964 0.3671875 0.12389380530973451 0.0609375
0 0.8584070796460177 0.4625 0.09144542772861357 0.046875
0 0.6460176991150443 0.740625 0.06489675516224189 0.0453125
0 0.9085545722713865 0.775 0.0943952802359882 0.0515625
0 0.3480825958702065 0.8796875 0.11504424778761062 0.065625
0 0.39233038348082594 0.678125 0.07374631268436578 0.04375
0 0.4808259587020649 0.76875 0.0943952802359882 0.034375
0 0.3864306784660767 0.546875 0.07079646017699115 0.0328125
0 0.28023598820059 0.54375 0.06784660766961652 0.028125
0 0.20648967551622419 0.5125 0.05309734513274336 0.0703125
0 0.1887905604719764 0.578125 0.0943952802359882 0.05
0 0.1504424778761062 0.7203125 0.0855457227138643 0.0265625
0 0.28023598820059 0.7828125 0.07079646017699115 0.0328125
0 0.13569321533923304 0.9703125 0.061946902654867256 0.0359375
0 0.0471976401179941 0.2203125 0.09144542772861357 0.0453125
0 0.0058997050147492625 0.1109375 0.008849557522123894 0.0171875
0 0.9867256637168141 0.05625 0.02654867256637168 0.04375
0 0.9601769911504425 0.9484375 0.07964601769911504 0.05
0 0.7109144542772862 0.0109375 0.06489675516224189 0.0203125
0 0.8289085545722714 0.1109375 0.0943952802359882 0.0609375
0 0.911504424778761 0.2765625 0.12389380530973451 0.0515625
0 0.20058997050147492 0.1015625 0.1415929203539823 0.028125