0 0.7876106194690266 0.03125 0.4247787610619469 0.0609375
0 0.6696165191740413 0.80625 0.15339233038348082 0.09375
0 0.8082595870206489 0.103125 0.16519174041297935 0.0640625
0 0.4778761061946903 0.9828125 0.05014749262536873 0.03125
0 0.7581120943952803 0.9359375 0.05604719764011799 0.046875
0 0.9542772861356932 0.91015625 0.09144542772861357 0.0234375
0 0.967551622418879 0.9921875 0.04424778761061947 0.015625
0 0.43952802359882004 0.5640625 0.06784660766961652 0.0515625
0 0.37168141592920356 0.7515625 0.12979351032448377 0.0421875
0 0.2890855457227139 0.790625 0.06489675516224189 0.0234375
0 0.029498525073746312 0.34375 0.058997050147492625 0.0453125
0 0.6548672566371682 0.3015625 0.07964601769911504 0.053125
0 0.1976401179941003 0.4828125 0.10324483775811209 0.034375
0 0.2713864306784661 0.25 0.08259587020648967 0.0578125
0 0.4808259587020649 0.6875 0.1415929203539823 0.0296875
0 0.2536873156342183 0.9734375 0.05014749262536873 0.0515625
0 0.3421828908554572 0.953125 0.07079646017699115 0.046875
0 0.22713864306784662 0.8421875 0.09144542772861357 0.0703125
0 0.23303834808259588 0.896875 0.06489675516224189 0.04375
0 0.0855457227138643 0.9796875 0.04424778761061947 0.040625
0 0.038348082595870206 0.9890625 0.04129793510324484 0.021875
0 0.7433628318584071 0.684375 0.06489675516224189 0.0265625
0 0.8672566371681416 0.7421875 0.0471976401179941 0.0359375
0 0.9882005899705014 0.753125 0.02064896755162242 0.0578125
0 0.3421828908554572 0.615625 0.09734513274336283 0.0390625
0 0.07374631268436578 0.0265625 0.08849557522123894 0.0515625