0 0.12171052631578948 0.0921875 0.18421052631578946 0.103125
0 0.28618421052631576 0.0921875 0.07236842105263158 0.06875
0 0.4440789473684211 0.1171875 0.07236842105263158 0.0453125
0 0.3651315789473684 0.1671875 0.10197368421052631 0.053125
0 0.09210526315789473 0.3953125 0.15460526315789475 0.0890625
0 0.5822368421052632 0.34375 0.07894736842105263 0.0375
0 0.5230263157894737 0.4671875 0.0625 0.0375
0 0.5986842105263158 0.5078125 0.0625 0.0703125
0 0.8947368421052632 0.4671875 0.125 0.0671875
0 0.881578947368421 0.30625 0.0625 0.040625
0 0.8026315789473685 0.5734375 0.09868421052631579 0.0421875
0 0.6447368421052632 0.6109375 0.125 0.053125
0 0.7697368421052632 0.6765625 0.09868421052631579 0.04375
0 0.4934210526315789 0.7375 0.1875 0.09375
0 0.625 0.70625 0.125 0.09375
0 0.5296052631578947 0.640625 0.08552631578947369 0.0765625
0 0.6118421052631579 0.8640625 0.11842105263157894 0.05625
0 0.875 0.96875 0.1513157894736842 0.0390625
0 0.8322368421052632 0.859375 0.125 0.06875
0 0.8256578947368421 0.89375 0.05263157894736842 0.0375
0 0.003289473684210526 0.715625 0.003289473684210526 0.0734375
0 0.23355263157894737 0.7890625 0.06907894736842106 0.0453125
0 0.3519736842105263 0.015625 0.08223684210526316 0.03125
0 0.3684210526315789 0.259375 0.16776315789473684 0.0734375