0 0.6993865030674846 0.94375 0.17484662576687116 0.1109375
0 0.6779141104294478 0.053125 0.0736196319018405 0.0578125
0 0.3496932515337423 0.1515625 0.17791411042944785 0.046875
0 0.04294478527607362 0.1125 0.08282208588957055 0.0453125
0 0.9401840490797546 0.459375 0.1196319018404908 0.0625
0 0.5153374233128835 0.4875 0.1441717791411043 0.075
0 0.254601226993865 0.9875 0.08895705521472393 0.0234375
0 0.44785276073619634 0.9921875 0.046012269938650305 0.0140625
0 0.19325153374233128 0.8078125 0.0736196319018405 0.0359375
0 0.8803680981595092 0.74375 0.0950920245398773 0.0390625
0 0.803680981595092 0.68125 0.0705521472392638 0.0390625
0 0.6104294478527608 0.640625 0.12269938650306748 0.034375
0 0.7208588957055214 0.6453125 0.0736196319018405 0.0265625
0 0.3558282208588957 0.8640625 0.06748466257668712 0.0453125
0 0.27300613496932513 0.884375 0.08588957055214724 0.0375
0 0.7423312883435583 0.0546875 0.05828220858895705 0.0515625
0 0.8834355828220859 0.2078125 0.08895705521472393 0.046875
0 0.2361963190184049 0.775 0.10122699386503067 0.0484375
0 0.44785276073619634 0.365625 0.05828220858895705 0.0859375
0 0.20552147239263804 0.2921875 0.09202453987730061 0.059375