0 0.5131578947368421 0.09375 0.3157894736842105 0.146875
0 0.9473684210526315 0.359375 0.10526315789473684 0.0875
0 0.6842105263157895 0.846875 0.5921052631578947 0.2875
0 0.4934210526315789 0.6515625 0.10855263157894737 0.034375
0 0.7598684210526315 0.2515625 0.23355263157894737 0.0953125
0 0.7236842105263158 0.3828125 0.2138157894736842 0.14375
0 0.6973684210526315 0.471875 0.14802631578947367 0.05625
0 0.96875 0.16640625 0.0625 0.0578125
0 0.19407894736842105 0.775 0.07236842105263158 0.0265625
0 0.9078947368421053 0.4859375 0.07894736842105263 0.021875
0 0.96875 0.50390625 0.0625 0.0234375
0 0.4276315789473684 0.8328125 0.0756578947368421 0.0296875
0 0.23684210526315788 0.346875 0.09210526315789473 0.0421875
0 0.29605263157894735 0.303125 0.0756578947368421 0.034375
0 0.09539473684210527 0.4984375 0.12828947368421054 0.040625
0 0.881578947368421 0.640625 0.10526315789473684 0.0296875
0 0.06578947368421052 0.0375 0.09210526315789473 0.0453125
0 0.009868421052631578 0.18125 0.019736842105263157 0.034375
0 0.20394736842105263 0.11875 0.049342105263157895 0.0359375
0 0.3092105263157895 0.20625 0.06907894736842106 0.0390625
0 0.3684210526315789 0.334375 0.07236842105263158 0.034375
0 0.3355263157894737 0.4046875 0.05921052631578947 0.034375
0 0.8881578947368421 0.00625 0.07894736842105263 0.0125
0 0.9769736842105263 0.284375 0.046052631578947366 0.0328125
0 0.24013157894736842 0.5765625 0.10197368421052631 0.0234375
0 0.41118421052631576 0.5546875 0.07236842105263158 0.040625
0 0.3256578947368421 0.5625 0.039473684210526314 0.021875
0 0.4440789473684211 0.6125 0.08881578947368421 0.0328125
0 0.6348684210526315 0.5359375 0.07236842105263158 0.0296875
0 0.8453947368421053 0.565625 0.09210526315789473 0.0453125