0 0.9736842105263158 0.3046875 0.049342105263157895 0.2171875
0 0.7302631578947368 0.1203125 0.27960526315789475 0.1140625
0 0.4440789473684211 0.1046875 0.29605263157894735 0.103125
0 0.125 0.096875 0.17434210526315788 0.075
0 0.7203947368421053 0.28125 0.2598684210526316 0.10625
0 0.3157894736842105 0.2203125 0.14473684210526316 0.05
0 0.5 0.2734375 0.17434210526315788 0.090625
0 0.33881578947368424 0.2703125 0.19736842105263158 0.059375
0 0.6611842105263158 0.65 0.17105263157894737 0.0734375
0 0.7796052631578947 0.71875 0.20065789473684212 0.0671875
0 0.5394736842105263 0.9421875 0.2236842105263158 0.115625
0 0.8322368421052632 0.9515625 0.27960526315789475 0.096875
0 0.6710526315789473 0.4671875 0.18092105263157895 0.11875
0 0.14473684210526316 0.4421875 0.125 0.0546875
0 0.10855263157894737 0.3265625 0.2138157894736842 0.065625
0 0.21052631578947367 0.95 0.18421052631578946 0.0890625
0 0.20065789473684212 0.865625 0.24671052631578946 0.0125
0 0.7302631578947368 0.3765625 0.13486842105263158 0.0640625
0 0.8848684210526315 0.4046875 0.05921052631578947 0.0390625
0 0.8848684210526315 0.465625 0.10526315789473684 0.0390625
0 0.9473684210526315 0.4875 0.10197368421052631 0.0421875
0 0.2138157894736842 0.5640625 0.05263157894736842 0.04375
0 0.4342105263157895 0.434375 0.11842105263157894 0.0484375
0 0.5526315789473685 0.015625 0.19407894736842105 0.03125
0 0.18092105263157895 0.18125 0.0625 0.0515625
0 0.03289473684210526 0.1828125 0.06578947368421052 0.059375
0 0.08223684210526316 0.290625 0.09210526315789473 0.05625
0 0.23355263157894737 0.3984375 0.1118421052631579 0.0421875
0 0.9342105263157895 0.8234375 0.07894736842105263 0.028125
0 0.5921052631578947 0.7375 0.11842105263157894 0.028125
0 0.4144736842105263 0.76875 0.07236842105263158 0.015625
0 0.48355263157894735 0.7921875 0.08223684210526316 0.028125
0 0.5888157894736842 0.8671875 0.09210526315789473 0.0390625
0 0.08881578947368421 0.8109375 0.08881578947368421 0.034375
0 0.3026315789473684 0.6015625 0.06578947368421052 0.0328125
0 0.625 0.4796875 0.0625 0.046875
0 0.0756578947368421 0.6046875 0.09539473684210527 0.090625
0 0.24013157894736842 0.753125 0.05263157894736842 0.0234375
0 0.6546052631578947 0.8015625 0.049342105263157895 0.0234375
0 0.8782894736842105 0.6640625 0.10197368421052631 0.0328125
0 0.7763157894736842 0.890625 0.11513157894736842 0.0296875
0 0.5197368421052632 0.403125 0.11513157894736842 0.0421875
0 0.3782894736842105 0.340625 0.049342105263157895 0.0296875
0 0.3256578947368421 0.5 0.05592105263157895 0.0203125
0 0.03618421052631579 0.475 0.07236842105263158 0.0390625
0 0.9802631578947368 0.5390625 0.039473684210526314 0.028125
0 0.9111842105263158 0.165625 0.13486842105263158 0.0453125
0 0.4868421052631579 0.5578125 0.07236842105263158 0.046875
0 0.4868421052631579 0.7640625 0.0756578947368421 0.0234375
0 0.881578947368421 0.75625 0.14144736842105263 0.075