0 0.5368731563421829 0.2265625 0.23893805309734514 0.115625
0 0.9365781710914455 0.75234375 0.12684365781710916 0.0640625
0 0.7522123893805309 0.796875 0.0943952802359882 0.0421875
0 0.9056047197640118 0.5265625 0.17699115044247787 0.078125
0 0.8466076696165191 0.5953125 0.058997050147492625 0.009375
0 0.9587020648967551 0.659375 0.06489675516224189 0.05
0 0.5693215339233039 0.659375 0.18289085545722714 0.0765625
0 0.2153392330383481 0.8796875 0.08849557522123894 0.0375
0 0.5575221238938053 0.84375 0.08259587020648967 0.05
0 0.49262536873156343 0.8859375 0.07669616519174041 0.0703125
0 0.20058997050147492 0.9875 0.07374631268436578 0.025
0 0.038348082595870206 0.4140625 0.061946902654867256 0.053125
0 0.29793510324483774 0.3265625 0.061946902654867256 0.01875
0 0.504424778761062 0.496875 0.10914454277286136 0.0546875
0 0.058997050147492625 0.1484375 0.04129793510324484 0.0203125
0 0.11799410029498525 0.20625 0.035398230088495575 0.0296875
0 0.43952802359882004 0.0171875 0.05604719764011799 0.034375
0 0.2743362831858407 0.1703125 0.12094395280235988 0.040625
0 0.2182890855457227 0.659375 0.0855457227138643 0.0234375
0 0.21238938053097345 0.5609375 0.10914454277286136 0.040625
0 0.6548672566371682 0.5078125 0.035398230088495575 0.0296875
0 0.5221238938053098 0.575 0.05014749262536873 0.0328125
0 0.02359882005899705 0.865625 0.0471976401179941 0.04375
0 0.07669616519174041 0.7859375 0.07079646017699115 0.0421875
0 0.3805309734513274 0.76875 0.05604719764011799 0.028125
0 0.5781710914454278 0.7609375 0.07669616519174041 0.0296875
0 0.8289085545722714 0.86875 0.168141592920354 0.0296875
0 0.8230088495575221 0.1984375 0.061946902654867256 0.0578125