0 0.05521472392638037 0.0921875 0.08895705521472393 0.0515625
0 0.7944785276073619 0.478125 0.12576687116564417 0.075
0 0.5736196319018405 0.89375 0.15644171779141106 0.0890625
0 0.450920245398773 0.1671875 0.1165644171779141 0.0734375
0 0.2392638036809816 0.0015625 0.09202453987730061 0.0015625
0 0.08895705521472393 0.0125 0.09202453987730061 0.025
0 0.3374233128834356 0.69375 0.13496932515337423 0.0796875
0 0.4233128834355828 0.6046875 0.10429447852760736 0.046875
0 0.549079754601227 0.0296875 0.09815950920245399 0.0515625
0 0.6257668711656442 0.13125 0.10122699386503067 0.046875
0 0.018404907975460124 0.8265625 0.03374233128834356 0.0453125