0 0.8404907975460123 0.1359375 0.18404907975460122 0.0640625
0 0.9156441717791411 0.33984375 0.1687116564417178 0.2484375
0 0.8757668711656442 0.8046875 0.24846625766871167 0.096875
0 0.25153374233128833 0.6765625 0.08588957055214724 0.0421875
0 0.26993865030674846 0.0484375 0.12576687116564417 0.0703125
0 0.5153374233128835 0.259375 0.10122699386503067 0.0484375
0 0.8466257668711656 0.68125 0.09202453987730061 0.0578125
0 0.7883435582822086 0.1828125 0.12576687116564417 0.0640625
0 0.49693251533742333 0.7234375 0.11349693251533742 0.046875
0 0.4171779141104294 0.75 0.1656441717791411 0.109375
0 0.1687116564417178 0.703125 0.09815950920245399 0.04375
0 0.003067484662576687 0.8625 0.006134969325153374 0.04375
0 0.24539877300613497 0.9375 0.12576687116564417 0.06875
0 0.6533742331288344 0.8796875 0.12269938650306748 0.040625
0 0.4570552147239264 0.8953125 0.10122699386503067 0.0375
0 0.5950920245398773 0.9609375 0.13803680981595093 0.0578125
0 0.401840490797546 0.9921875 0.10122699386503067 0.0140625
0 0.09815950920245399 0.9171875 0.12269938650306748 0.053125
0 0.12883435582822086 0.965625 0.10736196319018405 0.04375
0 0.2116564417177914 0.3734375 0.05214723926380368 0.009375
0 0.08282208588957055 0.55625 0.1196319018404908 0.065625