0 0.8832236842105263 0.07578125 0.23355263157894737 0.1515625
0 0.9457236842105263 0.49453125 0.10855263157894737 0.1953125
0 0.7171052631578947 0.9875 0.3651315789473684 0.0234375
0 0.3618421052631579 0.271875 0.1611842105263158 0.103125
0 0.2565789473684211 0.640625 0.13815789473684212 0.0875
0 0.4407894736842105 0.6546875 0.09539473684210527 0.071875
0 0.7532894736842105 0.178125 0.21052631578947367 0.0734375
0 0.5032894736842105 0.0734375 0.14473684210526316 0.0515625
0 0.875 0.3703125 0.2138157894736842 0.071875
0 0.5723684210526315 0.46875 0.09210526315789473 0.0375
0 0.5789473684210527 0.54375 0.17434210526315788 0.0703125
0 0.6348684210526315 0.940625 0.14802631578947367 0.0546875
0 0.4342105263157895 0.9703125 0.1875 0.059375
0 0.13486842105263158 0.784375 0.17763157894736842 0.059375
0 0.3190789473684211 0.8984375 0.1118421052631579 0.0765625
0 0.5098684210526315 0.9125 0.10855263157894737 0.0515625
0 0.618421052631579 0.8515625 0.09210526315789473 0.0671875
0 0.06907894736842106 0.971875 0.10855263157894737 0.0546875
0 0.16447368421052633 0.978125 0.06907894736842106 0.04375
0 0.27960526315789475 0.9734375 0.10855263157894737 0.0453125
0 0.8157894736842105 0.575 0.09539473684210527 0.0421875
0 0.7763157894736842 0.6671875 0.039473684210526314 0.034375
0 0.8782894736842105 0.69375 0.1118421052631579 0.03125
0 0.9046052631578947 0.80625 0.11842105263157894 0.0578125
0 0.6907894736842105 0.740625 0.09868421052631579 0.0515625
0 0.3782894736842105 0.7796875 0.125 0.0453125
0 0.19736842105263158 0.296875 0.1118421052631579 0.0515625
0 0.6151315789473685 0.409375 0.10855263157894737 0.05625
0 0.3980263157894737 0.478125 0.12171052631578948 0.0359375
0 0.3256578947368421 0.5265625 0.125 0.0375
0 0.5625 0.0375 0.08223684210526316 0.0515625
0 0.03618421052631579 0.0515625 0.06907894736842106 0.034375
0 0.023026315789473683 0.01875 0.04276315789473684 0.025
0 0.10855263157894737 0.0125 0.125 0.0234375
0 0.2993421052631579 0.103125 0.049342105263157895 0.034375
0 0.22697368421052633 0.0890625 0.09210526315789473 0.0609375
0 0.24013157894736842 0.196875 0.08881578947368421 0.05
0 0.2993421052631579 0.16875 0.09210526315789473 0.0421875
0 0.3355263157894737 0.1265625 0.06578947368421052 0.034375
0 0.3684210526315789 0.1078125 0.0756578947368421 0.05
0 0.7467105263157895 0.2890625 0.11513157894736842 0.0375
0 0.8519736842105263 0.3125 0.1118421052631579 0.05625
0 0.8388157894736842 0.5375 0.07894736842105263 0.0171875
0 0.5526315789473685 0.671875 0.0756578947368421 0.021875
0 0.5296052631578947 0.7234375 0.07894736842105263 0.034375
0 0.12828947368421054 0.634375 0.10855263157894737 0.0328125
0 0.06578947368421052 0.5265625 0.039473684210526314 0.053125
0 0.039473684210526314 0.575 0.07894736842105263 0.0359375
0 0.10526315789473684 0.6 0.1118421052631579 0.059375
0 0.22697368421052633 0.36875 0.06578947368421052 0.0390625
0 0.15460526315789475 0.378125 0.0756578947368421 0.0359375
0 0.06578947368421052 0.425 0.10197368421052631 0.0375
0 0.10197368421052631 0.465625 0.08881578947368421 0.0328125
0 0.26973684210526316 0.4484375 0.09868421052631579 0.0421875
0 0.8256578947368421 0.878125 0.06578947368421052 0.0296875
0 0.7401315789473685 0.878125 0.05263157894736842 0.025
0 0.7894736842105263 0.9046875 0.07236842105263158 0.0234375
0 0.9243421052631579 0.9921875 0.07894736842105263 0.015625
0 0.3223684210526316 0.74375 0.08552631578947369 0.0359375
0 0.19736842105263158 0.7265625 0.125 0.0296875
0 0.006578947368421052 0.7390625 0.009868421052631578 0.0484375
0 0.10526315789473684 0.728125 0.05921052631578947 0.028125
0 0.9917763157894737 0.171875 0.01644736842105263 0.0375
0 0.6776315789473685 0.7828125 0.08223684210526316 0.0296875
0 0.7861842105263158 0.78125 0.1118421052631579 0.0421875
0 0.9950657894736842 0.859375 0.009868421052631578 0.03125
0 0.9144736842105263 0.9625 0.09210526315789473 0.0375