0 0.03235294117647059 0.8 0.06470588235294118 0.0359375
0 0.21764705882352942 0.3390625 0.12058823529411765 0.04375
0 0.38823529411764707 0.9671875 0.058823529411764705 0.034375
0 0.2735294117647059 0.8828125 0.06764705882352941 0.04375
0 0.15294117647058825 0.721875 0.10588235294117647 0.04375
0 0.9573529411764706 0.65625 0.08529411764705883 0.053125
0 0.16176470588235295 0.009375 0.08235294117647059 0.0171875
0 0.5088235294117647 0.003125 0.07352941176470588 0.0046875
0 0.4441176470588235 0.034375 0.052941176470588235 0.028125
0 0.5176470588235295 0.1796875 0.1264705882352941 0.04375
0 0.4235294117647059 0.296875 0.10588235294117647 0.0484375
0 0.5823529411764706 0.3734375 0.08529411764705883 0.05
0 0.2911764705882353 0.4796875 0.12941176470588237 0.0578125
0 0.14705882352941177 0.5 0.11764705882352941 0.0265625
0 0.13823529411764707 0.4328125 0.1323529411764706 0.053125
0 0.9 0.034375 0.052941176470588235 0.028125
0 0.2676470588235294 0.9578125 0.06764705882352941 0.040625
0 0.18529411764705883 0.9671875 0.13529411764705881 0.053125
0 0.8382352941176471 0.234375 0.07941176470588235 0.04375
0 0.5705882352941176 0.4890625 0.06470588235294118 0.0421875
0 0.48823529411764705 0.55 0.07647058823529412 0.04375
0 0.6647058823529411 0.459375 0.05588235294117647 0.0328125
0 0.43823529411764706 0.4453125 0.07647058823529412 0.0421875
0 0.3205882352941177 0.521875 0.08235294117647059 0.05625
0 0.3911764705882353 0.5921875 0.07058823529411765 0.0421875
0 0.07647058823529412 0.53125 0.08823529411764706 0.034375
0 0.7911764705882353 0.5640625 0.10588235294117647 0.0453125
0 0.7529411764705882 0.7015625 0.08235294117647059 0.046875
0 0.9323529411764706 0.8875 0.09117647058823529 0.05625
0 0.7941176470588235 0.7671875 0.1 0.0296875
0 0.9808823529411764 0.8328125 0.03823529411764706 0.0375
0 0.7911764705882353 0.9421875 0.07941176470588235 0.028125
0 0.4264705882352941 0.6671875 0.10294117647058823 0.0359375
0 0.36176470588235293 0.8390625 0.06470588235294118 0.0265625
0 0.4588235294117647 0.8734375 0.09117647058823529 0.03125
0 0.5264705882352941 0.86875 0.04411764705882353 0.03125
0 0.6264705882352941 0.7609375 0.09117647058823529 0.0421875
0 0.5029411764705882 0.7484375 0.08235294117647059 0.0328125
0 0.7029411764705882 0.9890625 0.06470588235294118 0.021875
0 0.07647058823529412 0.9375 0.10294117647058823 0.053125