0 0.2838283828382838 0.434375 0.38943894389438943 0.2296875
0 0.8811881188118812 0.3703125 0.13861386138613863 0.071875
0 0.6204620462046204 0.4625 0.1419141914191419 0.0953125
0 0.7458745874587459 0.534375 0.1485148514851485 0.0796875
0 0.38613861386138615 0.58125 0.25412541254125415 0.071875
0 0.16501650165016502 0.86875 0.31353135313531355 0.1484375
0 0.7871287128712872 0.9328125 0.42574257425742573 0.134375
0 0.8184818481848185 0.7578125 0.11221122112211221 0.05
0 0.21782178217821782 0.240625 0.21782178217821782 0.1546875
0 0.6138613861386139 0.340625 0.22772277227722773 0.1546875
0 0.32673267326732675 0.7640625 0.09900990099009901 0.046875
0 0.5214521452145214 0.8140625 0.1419141914191419 0.059375
0 0.976897689768977 0.503125 0.0462046204620462 0.0359375
0 0.28052805280528054 0.053125 0.1353135313531353 0.053125
0 0.39933993399339934 0.075 0.056105610561056105 0.04375
0 0.3432343234323432 0.1078125 0.1254125412541254 0.0359375
0 0.07920792079207921 0.0546875 0.056105610561056105 0.0203125
0 0.2871287128712871 0.0109375 0.06930693069306931 0.021875
0 0.5577557755775577 0.021875 0.15841584158415842 0.04375
0 0.8811881188118812 0.0109375 0.08250825082508251 0.0203125
0 0.7656765676567657 0.015625 0.11221122112211221 0.03125
0 0.7029702970297029 0.053125 0.056105610561056105 0.0390625
0 0.7656765676567657 0.0765625 0.06930693069306931 0.0265625
0 0.7821782178217822 0.03125 0.0165016501650165 0.0046875
0 0.858085808580858 0.0296875 0.1419141914191419 0.01875
0 0.1419141914191419 0.5625 0.0594059405940594 0.0234375
0 0.10561056105610561 0.584375 0.056105610561056105 0.01875
0 0.0924092409240924 0.6640625 0.0429042904290429 0.025
0 0.1716171617161716 0.678125 0.0594059405940594 0.034375
0 0.22772277227722773 0.7640625 0.066006600660066 0.0359375
0 0.504950495049505 0.6625 0.06930693069306931 0.0234375
0 0.735973597359736 0.6390625 0.0891089108910891 0.0328125
0 0.6600660066006601 0.6015625 0.07260726072607261 0.0234375
0 0.7491749174917491 0.6015625 0.0462046204620462 0.021875
0 0.8778877887788779 0.6015625 0.06930693069306931 0.0390625
0 0.9471947194719472 0.63125 0.052805280528052806 0.0296875
0 0.858085808580858 0.684375 0.039603960396039604 0.0328125
0 0.9438943894389439 0.709375 0.052805280528052806 0.0203125
0 0.066006600660066 0.259375 0.132013201320132 0.0484375