0 0.9411764705882353 0.48125 0.03235294117647059 0.0328125
0 0.711764705882353 0.546875 0.09411764705882353 0.0375
0 0.8735294117647059 0.540625 0.07352941176470588 0.028125
0 0.6352941176470588 0.646875 0.05588235294117647 0.034375
0 0.7558823529411764 0.8953125 0.13529411764705881 0.0625
0 0.6852941176470588 0.0359375 0.2 0.071875
0 0.8735294117647059 0.0203125 0.10294117647058823 0.0390625
0 0.7941176470588235 0.2265625 0.13529411764705881 0.0859375
0 0.9838235294117647 0.23984375 0.03235294117647059 0.0453125
0 0.3058823529411765 0.6484375 0.11470588235294117 0.04375
0 0.10882352941176471 0.7390625 0.041176470588235294 0.0375
0 0.2647058823529412 0.821875 0.06764705882352941 0.0265625
0 0.26176470588235295 0.065625 0.058823529411764705 0.0703125
0 0.5705882352941176 0.271875 0.11764705882352941 0.034375
0 0.7088235294117647 0.15 0.052941176470588235 0.028125