0 0.14144736842105263 0.553125 0.27960526315789475 0.2453125
0 0.743421052631579 0.8421875 0.27960526315789475 0.2015625
0 0.25 0.7921875 0.4967105263157895 0.23125
0 0.5032894736842105 0.6390625 0.4605263157894737 0.1703125
0 0.6546052631578947 0.146875 0.12171052631578948 0.0296875
0 0.5328947368421053 0.1953125 0.03618421052631579 0.0421875
0 0.5723684210526315 0.2484375 0.0756578947368421 0.0234375
0 0.9539473684210527 0.2140625 0.08552631578947369 0.06875
0 0.19736842105263158 0.3515625 0.39144736842105265 0.11875
0 0.8585526315789473 0.446875 0.10855263157894737 0.0453125
0 0.7335526315789473 0.0125 0.12828947368421054 0.025
0 0.7664473684210527 0.0796875 0.05592105263157895 0.0359375
0 0.5592105263157895 0.0265625 0.05921052631578947 0.0375
0 0.2532894736842105 0.0671875 0.07894736842105263 0.0328125
0 0.75 0.365625 0.09868421052631579 0.034375
0 0.9786184210526315 0.64140625 0.04276315789473684 0.0453125
0 0.9786184210526315 0.7484375 0.04276315789473684 0.04375
0 0.6710526315789473 0.3421875 0.0625 0.0390625
0 0.6907894736842105 0.6765625 0.09210526315789473 0.0421875
0 0.8519736842105263 0.9703125 0.09539473684210527 0.0359375
0 0.14144736842105263 0.984375 0.07894736842105263 0.03125
0 0.07236842105263158 0.0078125 0.10855263157894737 0.0140625
0 0.9539473684210527 0.0765625 0.07236842105263158 0.034375
0 0.8157894736842105 0.178125 0.09539473684210527 0.0296875
0 0.3059210526315789 0.04375 0.06907894736842106 0.021875
0 0.34539473684210525 0.990625 0.125 0.0171875
0 0.9177631578947368 0.9046875 0.10855263157894737 0.040625
0 0.9851973684210527 0.9875 0.029605263157894735 0.025