0 0.7584097859327217 0.2484375 0.2324159021406728 0.090625
0 0.6330275229357798 0.34375 0.21712538226299694 0.1078125
0 0.2782874617737003 0.18125 0.20795107033639143 0.078125
0 0.1345565749235474 0.3609375 0.08868501529051988 0.0375
0 0.11926605504587157 0.7234375 0.07951070336391437 0.0484375
0 0.0061162079510703364 0.8203125 0.009174311926605505 0.0515625
0 0.09785932721712538 0.915625 0.19571865443425077 0.0578125
0 0.7920489296636085 0.0734375 0.18654434250764526 0.0625
0 0.7125382262996942 0.0921875 0.08868501529051988 0.046875
0 0.24464831804281345 0.7296875 0.12232415902140673 0.0578125
0 0.9464831804281345 0.0296875 0.10703363914373089 0.053125
0 0.039755351681957186 0.5578125 0.07951070336391437 0.0640625
0 0.9740061162079511 0.27734375 0.05198776758409786 0.0359375
0 0.3180428134556575 0.446875 0.12232415902140673 0.0703125
0 0.5504587155963303 0.4953125 0.11009174311926606 0.0453125
0 0.308868501529052 0.6578125 0.1529051987767584 0.075
0 0.4740061162079511 0.08125 0.13761467889908258 0.040625
0 0.3394495412844037 0.0453125 0.1559633027522936 0.0671875
0 0.5474006116207951 0.025 0.0672782874617737 0.0484375
0 0.3516819571865443 0.9546875 0.08868501529051988 0.05625
0 0.5107033639143731 0.903125 0.12844036697247707 0.0609375
0 0.4831804281345566 0.984375 0.07339449541284404 0.0296875
0 0.6024464831804281 0.7046875 0.13761467889908258 0.0953125
0 0.46788990825688076 0.7484375 0.0581039755351682 0.0421875
0 0.41590214067278286 0.790625 0.11314984709480122 0.0703125
0 0.6972477064220184 0.59375 0.05504587155963303 0.0515625
0 0.9831804281345565 0.634375 0.03363914373088685 0.059375
0 0.8440366972477065 0.8359375 0.11314984709480122 0.0609375
0 0.9296636085626911 0.871875 0.11314984709480122 0.0640625
0 0.22018348623853212 0.878125 0.18042813455657492 0.08125
0 0.290519877675841 0.884375 0.07339449541284404 0.059375
0 0.40061162079510704 0.85 0.0581039755351682 0.0390625
0 0.25382262996941896 0.9734375 0.07951070336391437 0.053125