0 0.9506578947368421 0.184375 0.09868421052631579 0.196875
0 0.631578947368421 0.3109375 0.29605263157894735 0.1375
0 0.07236842105263158 0.73125 0.14144736842105263 0.1609375
0 0.5723684210526315 0.746875 0.3256578947368421 0.146875
0 0.3651315789473684 0.8453125 0.25 0.0953125
0 0.8125 0.5640625 0.34210526315789475 0.1421875
0 0.944078947368421 0.953125 0.10855263157894737 0.0828125
0 0.09868421052631579 0.9625 0.19078947368421054 0.0734375
0 0.05592105263157895 0.3609375 0.1118421052631579 0.0625
0 0.375 0.4734375 0.1118421052631579 0.04375
0 0.5756578947368421 0.5828125 0.10526315789473684 0.053125
0 0.4769736842105263 0.609375 0.15460526315789475 0.0609375
0 0.22697368421052633 0.60625 0.05592105263157895 0.0390625
0 0.29276315789473684 0.534375 0.0625 0.028125
0 0.6348684210526315 0.4421875 0.09210526315789473 0.0546875
0 0.4276315789473684 0.3859375 0.09210526315789473 0.0265625
0 0.3026315789473684 0.4203125 0.13815789473684212 0.059375
0 0.18421052631578946 0.390625 0.046052631578947366 0.0390625
0 0.11513157894736842 0.4984375 0.06907894736842106 0.025
0 0.01644736842105263 0.534375 0.03289473684210526 0.034375
0 0.049342105263157895 0.5734375 0.09539473684210527 0.03125
0 0.125 0.5453125 0.08223684210526316 0.0375
0 0.8651315789473685 0.2734375 0.09868421052631579 0.046875
0 0.631578947368421 0.1765625 0.12171052631578948 0.0578125
0 0.18421052631578946 0.2234375 0.10197368421052631 0.0484375
0 0.33223684210526316 0.2453125 0.06578947368421052 0.025
0 0.9868421052631579 0.021875 0.02631578947368421 0.04375
0 0.868421052631579 0.046875 0.049342105263157895 0.0265625
0 0.9342105263157895 0.678125 0.09210526315789473 0.053125
0 0.9407894736842105 0.7171875 0.09868421052631579 0.0609375
0 0.7532894736842105 0.7125 0.0756578947368421 0.04375
0 0.8486842105263158 0.775 0.09210526315789473 0.0515625
0 0.9703947368421053 0.7796875 0.05921052631578947 0.0484375
0 0.9638157894736842 0.8359375 0.05263157894736842 0.034375
0 0.20394736842105263 0.746875 0.08223684210526316 0.046875
0 0.25 0.95625 0.06907894736842106 0.034375
0 0.4473684210526316 0.9953125 0.14473684210526316 0.009375
0 0.7828947368421053 0.834375 0.08223684210526316 0.0328125
0 0.9210526315789473 0.8484375 0.07236842105263158 0.0265625
0 0.15460526315789475 0.2828125 0.16776315789473684 0.05