0 0.6006600660066007 0.2453125 0.7755775577557755 0.490625
0 0.5082508250825083 0.99375 0.09570957095709572 0.0125
0 0.013201320132013201 0.0953125 0.026402640264026403 0.06875
0 0.0924092409240924 0.9046875 0.18151815181518152 0.1203125
0 0.9191419141914191 0.6546875 0.1617161716171617 0.0625
0 0.3333333333333333 0.9890625 0.1419141914191419 0.0203125
0 0.14521452145214522 0.034375 0.036303630363036306 0.0328125
0 0.39933993399339934 0.471875 0.0891089108910891 0.0390625
0 0.693069306930693 0.8984375 0.07920792079207921 0.0328125
0 0.9405940594059405 0.9171875 0.0594059405940594 0.0328125
0 0.38943894389438943 0.65625 0.09570957095709572 0.0515625
0 0.264026402640264 0.7140625 0.09570957095709572 0.046875
0 0.693069306930693 0.9953125 0.07920792079207921 0.0078125
0 0.5181518151815182 0.921875 0.0891089108910891 0.0359375
0 0.6501650165016502 0.8671875 0.04950495049504951 0.0390625