0 0.13823529411764707 0.0609375 0.27058823529411763 0.1140625
0 0.8058823529411765 0.215625 0.09411764705882353 0.05
0 0.7 0.2421875 0.07058823529411765 0.028125
0 0.6676470588235294 0.2921875 0.09411764705882353 0.0234375
0 0.7 0.328125 0.06764705882352941 0.04375
0 0.8823529411764706 0.3328125 0.07647058823529412 0.0484375
0 0.9602941176470589 0.23828125 0.07941176470588235 0.0265625
0 0.975 0.396875 0.05 0.03125
0 0.8558823529411764 0.165625 0.047058823529411764 0.0265625
0 0.9838235294117647 0.1796875 0.03235294117647059 0.046875
0 0.975 0.6734375 0.05 0.04375
0 0.6794117647058824 0.7609375 0.10294117647058823 0.06875
0 0.47352941176470587 0.7859375 0.08529411764705883 0.0359375
0 0.3323529411764706 0.8578125 0.1588235294117647 0.084375
0 0.10588235294117647 0.9609375 0.04411764705882353 0.0328125
0 0.2529411764705882 0.665625 0.01764705882352941 0.0359375
0 0.7529411764705882 0.5953125 0.11176470588235295 0.0359375
0 0.8911764705882353 0.496875 0.06470588235294118 0.0328125
0 0.3088235294117647 0.4859375 0.10294117647058823 0.040625
0 0.3911764705882353 0.453125 0.08235294117647059 0.040625
0 0.2235294117647059 0.465625 0.041176470588235294 0.0265625