0 0.02064896755162242 0.753125 0.038348082595870206 0.0640625
0 0.8289085545722714 0.759375 0.15339233038348082 0.0609375
0 0.3775811209439528 0.8796875 0.1710914454277286 0.0421875
0 0.35988200589970504 0.584375 0.0943952802359882 0.0484375
0 0.3805309734513274 0.646875 0.0943952802359882 0.0359375
0 0.07964601769911504 0.5625 0.13274336283185842 0.053125
0 0.05309734513274336 0.6640625 0.058997050147492625 0.0609375
0 0.07669616519174041 0.71875 0.07669616519174041 0.05625
0 0.336283185840708 0.81875 0.10914454277286136 0.053125
0 0.45427728613569324 0.7609375 0.08849557522123894 0.03125
0 0.5457227138643068 0.8015625 0.07669616519174041 0.040625
0 0.6371681415929203 0.5953125 0.05309734513274336 0.0703125
0 0.7817109144542773 0.6265625 0.07079646017699115 0.05
0 0.9631268436578171 0.49375 0.07374631268436578 0.040625
0 0.035398230088495575 0.0421875 0.05014749262536873 0.021875
0 0.0943952802359882 0.1015625 0.05604719764011799 0.0390625
0 0.20353982300884957 0.1734375 0.058997050147492625 0.021875
0 0.45722713864306785 0.1890625 0.13274336283185842 0.065625
0 0.4896755162241888 0.1171875 0.05604719764011799 0.0609375
0 0.7492625368731564 0.06875 0.05309734513274336 0.021875
0 0.21238938053097345 0.015625 0.07669616519174041 0.0296875
0 0.3392330383480826 0.0078125 0.08259587020648967 0.0140625
0 0.2831858407079646 0.2328125 0.08849557522123894 0.0296875
0 0.34513274336283184 0.303125 0.11504424778761062 0.040625
0 0.06489675516224189 0.4859375 0.09734513274336283 0.040625
0 0.2448377581120944 0.434375 0.07964601769911504 0.0421875
0 0.34513274336283184 0.46875 0.11209439528023599 0.0265625
0 0.4336283185840708 0.4 0.11209439528023599 0.059375
0 0.2743362831858407 0.378125 0.07079646017699115 0.0296875
0 0.9144542772861357 0.9953125 0.11504424778761062 0.009375
0 0.7256637168141593 0.9734375 0.08849557522123894 0.053125