0 0.17177914110429449 0.0640625 0.34049079754601225 0.128125
0 0.8251533742331288 0.146875 0.06748466257668712 0.0375
0 0.9938650306748467 0.1734375 0.012269938650306749 0.0265625
0 0.9325153374233128 0.259375 0.05828220858895705 0.0390625
0 0.9079754601226994 0.1015625 0.06441717791411043 0.0234375
0 0.9785276073619632 0.1265625 0.03987730061349693 0.028125
0 0.7423312883435583 0.19375 0.0705521472392638 0.0390625
0 0.696319018404908 0.25 0.10122699386503067 0.0421875
0 0.754601226993865 0.284375 0.07975460122699386 0.0296875
0 0.7668711656441718 0.7265625 0.06748466257668712 0.0296875
0 0.7883435582822086 0.640625 0.06441717791411043 0.0296875
0 0.29141104294478526 0.6359375 0.12576687116564417 0.04375