0 0.05828220858895705 0.75 0.11349693251533742 0.0984375
0 0.6226993865030674 0.746875 0.18711656441717792 0.15
0 0.7331288343558282 0.6078125 0.2361963190184049 0.09375
0 0.7024539877300614 0.45 0.18711656441717792 0.115625
0 0.15337423312883436 0.628125 0.06748466257668712 0.0328125
0 0.24846625766871167 0.628125 0.10429447852760736 0.0375
0 0.2147239263803681 0.6890625 0.05521472392638037 0.021875
0 0.50920245398773 0.63125 0.05214723926380368 0.04375
0 0.3895705521472393 0.6625 0.08588957055214724 0.040625
0 0.31901840490797545 0.75 0.0705521472392638 0.0265625
0 0.24539877300613497 0.765625 0.05828220858895705 0.01875
0 0.2822085889570552 0.809375 0.13190184049079753 0.05
0 0.7944785276073619 0.203125 0.24539877300613497 0.075
0 0.8803680981595092 0.4640625 0.2392638036809816 0.3890625
0 0.558282208588957 0.3515625 0.09815950920245399 0.05
0 0.2392638036809816 0.3421875 0.13803680981595093 0.0421875
0 0.4815950920245399 0.4984375 0.05828220858895705 0.046875
0 0.2085889570552147 0.54375 0.05521472392638037 0.0484375
0 0.05828220858895705 0.9421875 0.1165644171779141 0.0546875
0 0.02147239263803681 0.9859375 0.04294478527607362 0.028125
0 0.4539877300613497 0.8203125 0.08282208588957055 0.046875
0 0.5858895705521472 0.8875 0.06134969325153374 0.0328125
0 0.9478527607361963 0.815625 0.10429447852760736 0.059375
0 0.9493865030674846 0.92890625 0.10122699386503067 0.1390625
0 0.8404907975460123 0.934375 0.04294478527607362 0.034375
0 0.35276073619631904 0.046875 0.17791411042944785 0.0546875
0 0.4539877300613497 0.0265625 0.08282208588957055 0.0484375
0 0.5429447852760736 0.1390625 0.05521472392638037 0.021875
0 0.7852760736196319 0.0859375 0.0950920245398773 0.05625
0 0.5920245398773006 0.1703125 0.03987730061349693 0.015625
0 0.46932515337423314 0.1875 0.0705521472392638 0.0359375
0 0.3159509202453988 0.128125 0.05828220858895705 0.0359375
0 0.24539877300613497 0.125 0.03987730061349693 0.0171875
0 0.006134969325153374 0.1015625 0.012269938650306749 0.015625
0 0.11349693251533742 0.43125 0.04294478527607362 0.03125
0 0.36503067484662577 0.41875 0.049079754601226995 0.021875
0 0.31901840490797545 0.4859375 0.046012269938650305 0.0203125
0 0.006134969325153374 0.490625 0.009202453987730062 0.0171875
0 0.18098159509202455 0.45 0.018404907975460124 0.009375
0 0.15644171779141106 0.428125 0.03374233128834356 0.0203125
0 0.1165644171779141 0.4609375 0.03067484662576687 0.015625
0 0.08588957055214724 0.6265625 0.05214723926380368 0.034375
0 0.10122699386503067 0.6703125 0.046012269938650305 0.021875
0 0.05521472392638037 0.915625 0.04294478527607362 0.0328125
0 0.3619631901840491 0.9515625 0.08895705521472393 0.028125
0 0.27300613496932513 0.9734375 0.05521472392638037 0.0296875
0 0.39570552147239263 0.9109375 0.07668711656441718 0.0296875
0 0.5920245398773006 0.9265625 0.03987730061349693 0.0234375
0 0.5858895705521472 0.95625 0.05521472392638037 0.0171875
0 0.29754601226993865 0.896875 0.03987730061349693 0.021875
0 0.2392638036809816 0.878125 0.04294478527607362 0.0203125
0 0.19325153374233128 0.8890625 0.0705521472392638 0.0296875
0 0.12883435582822086 0.9046875 0.04294478527607362 0.021875
0 0.1441717791411043 0.94375 0.04294478527607362 0.021875
0 0.15950920245398773 0.978125 0.05521472392638037 0.0296875
0 0.0736196319018405 0.0546875 0.09202453987730061 0.0453125
0 0.5184049079754601 0.425 0.05828220858895705 0.0359375
0 0.8374233128834356 0.4328125 0.12883435582822086 0.0875
0 0.8466257668711656 0.159375 0.0736196319018405 0.04375
0 0.06748466257668712 0.2046875 0.08282208588957055 0.03125
0 0.23006134969325154 0.2578125 0.0705521472392638 0.0546875
0 0.13190184049079753 0.3265625 0.049079754601226995 0.0234375