0 0.13529411764705881 0.14375 0.09705882352941177 0.0359375
0 0.95 0.028125 0.07352941176470588 0.0359375
0 0.5352941176470588 0.325 0.15294117647058825 0.0890625
0 0.4470588235294118 0.553125 0.10588235294117647 0.065625
0 0.4676470588235294 0.7234375 0.12941176470588237 0.103125
0 0.37058823529411766 0.85 0.12941176470588237 0.153125
0 0.041176470588235294 0.890625 0.06764705882352941 0.0296875
0 0.5794117647058824 0.5578125 0.11764705882352941 0.05
0 0.8558823529411764 0.86875 0.16470588235294117 0.10625
0 0.8058823529411765 0.2765625 0.08235294117647059 0.0578125
0 0.9382352941176471 0.440625 0.09411764705882353 0.053125
0 0.75 0.4828125 0.3941176470588235 0.425
0 0.01764705882352941 0.41875 0.03235294117647059 0.040625
0 0.29705882352941176 0.2390625 0.052941176470588235 0.0359375
0 0.3558823529411765 0.2703125 0.03529411764705882 0.01875
0 0.49117647058823527 0.034375 0.15 0.028125
0 0.27647058823529413 0.6015625 0.09411764705882353 0.065625
0 0.15294117647058825 0.7015625 0.16470588235294117 0.0546875
0 0.2823529411764706 0.4375 0.08235294117647059 0.05
0 0.9147058823529411 0.0625 0.058823529411764705 0.0390625
0 0.020588235294117647 0.7046875 0.041176470588235294 0.0265625
0 0.07941176470588235 0.834375 0.06764705882352941 0.0265625
0 0.27647058823529413 0.721875 0.05 0.0265625
0 0.029411764705882353 0.6296875 0.05588235294117647 0.0359375
0 0.2235294117647059 0.1234375 0.06470588235294118 0.0421875
0 0.49117647058823527 0.2078125 0.11470588235294117 0.05
0 0.09117647058823529 0.20625 0.1323529411764706 0.053125
0 0.14705882352941177 0.246875 0.11176470588235295 0.0265625
0 0.011764705882352941 0.3375 0.020588235294117647 0.0390625
0 0.01764705882352941 0.98125 0.03235294117647059 0.0375
0 0.2852941176470588 0.984375 0.10588235294117647 0.0296875
0 0.46176470588235297 0.9828125 0.11764705882352941 0.034375
0 0.6676470588235294 0.9203125 0.029411764705882353 0.0890625
0 0.5911764705882353 0.9265625 0.13529411764705881 0.0625
0 0.08529411764705883 0.578125 0.08235294117647059 0.0296875
0 0.18823529411764706 0.578125 0.029411764705882353 0.0625