0 0.12389380530973451 0.009375 0.12979351032448377 0.0171875
0 0.06489675516224189 0.140625 0.0943952802359882 0.05
0 0.6578171091445427 0.0515625 0.0943952802359882 0.0578125
0 0.8436578171091446 0.303125 0.11504424778761062 0.05
0 0.02064896755162242 0.2890625 0.038348082595870206 0.05
0 0.07374631268436578 0.253125 0.14454277286135694 0.0296875
0 0.5221238938053098 0.03125 0.07964601769911504 0.0390625
0 0.8643067846607669 0.05625 0.0943952802359882 0.053125
0 0.7610619469026548 0.234375 0.07079646017699115 0.0625
0 0.22418879056047197 0.703125 0.07079646017699115 0.040625
0 0.5899705014749262 0.2859375 0.05604719764011799 0.046875
0 0.7551622418879056 0.40625 0.09144542772861357 0.046875
0 0.6430678466076696 0.4546875 0.06784660766961652 0.046875
0 0.7610619469026548 0.478125 0.10914454277286136 0.0421875
0 0.672566371681416 0.5828125 0.12389380530973451 0.040625
0 0.7020648967551623 0.6671875 0.05014749262536873 0.0328125
0 0.7581120943952803 0.725 0.0471976401179941 0.021875
0 0.11209439528023599 0.9671875 0.04129793510324484 0.0203125
0 0.3185840707964602 0.9265625 0.08849557522123894 0.053125
0 0.49557522123893805 0.8578125 0.058997050147492625 0.0234375
0 0.22123893805309736 0.775 0.10029498525073746 0.05625
0 0.5752212389380531 0.996875 0.0943952802359882 0.0046875
0 0.8908554572271387 0.4203125 0.11799410029498525 0.059375