0 0.7804878048780488 0.00625 0.09451219512195122 0.0109375
0 0.9390243902439024 0.2328125 0.12195121951219512 0.0484375
0 0.7042682926829268 0.1109375 0.10670731707317073 0.0359375
0 0.7439024390243902 0.1859375 0.16463414634146342 0.05625
0 0.8719512195121951 0.040625 0.09451219512195122 0.0234375
0 0.8780487804878049 0.0640625 0.12195121951219512 0.034375
0 0.5823170731707317 0.9109375 0.11890243902439024 0.059375
0 0.7987804878048781 0.95 0.1524390243902439 0.059375
0 0.9786585365853658 0.840625 0.039634146341463415 0.1015625
0 0.8536585365853658 0.71875 0.1798780487804878 0.0578125
0 0.3231707317073171 0.9421875 0.13719512195121952 0.05
0 0.3201219512195122 0.8515625 0.11280487804878049 0.040625
0 0.3231707317073171 0.2671875 0.1951219512195122 0.078125
0 0.3018292682926829 0.2234375 0.13719512195121952 0.0515625
0 0.39634146341463417 0.221875 0.039634146341463415 0.046875
0 0.8658536585365854 0.165625 0.08231707317073171 0.034375
0 0.8871951219512195 0.2875 0.042682926829268296 0.03125
0 0.8079268292682927 0.2953125 0.051829268292682924 0.021875
0 0.7378048780487805 0.271875 0.042682926829268296 0.0140625
0 0.6128048780487805 0.2671875 0.08841463414634146 0.034375
0 0.9878048780487805 0.0984375 0.024390243902439025 0.0234375
0 0.9329268292682927 0.1046875 0.039634146341463415 0.03125
0 0.5426829268292683 0.034375 0.06707317073170732 0.028125
0 0.6829268292682927 0.0421875 0.039634146341463415 0.0421875
0 0.7652439024390244 0.040625 0.07621951219512195 0.0328125
0 0.6585365853658537 0.7734375 0.13109756097560976 0.046875
0 0.6890243902439024 0.6625 0.042682926829268296 0.0203125
0 0.774390243902439 0.615625 0.04573170731707317 0.0359375
0 0.8353658536585366 0.6125 0.06097560975609756 0.046875
0 0.9207317073170732 0.6609375 0.054878048780487805 0.0296875
0 0.15853658536585366 0.8078125 0.09146341463414634 0.04375
0 0.6128048780487805 0.61875 0.11890243902439024 0.0484375
0 0.6036585365853658 0.178125 0.07317073170731707 0.0375
0 0.13109756097560976 0.11875 0.11585365853658537 0.05
0 0.15548780487804878 0.284375 0.11585365853658537 0.0453125