0 0.4984709480122324 0.91875 0.18654434250764526 0.125
0 0.9143730886850153 0.6609375 0.14984709480122324 0.121875
0 0.1437308868501529 0.9796875 0.13761467889908258 0.0390625
0 0.6788990825688074 0.946875 0.07339449541284404 0.0453125
0 0.7584097859327217 0.984375 0.09785932721712538 0.0296875
0 0.9954128440366973 0.4734375 0.009174311926605505 0.065625
0 0.9556574923547401 0.56796875 0.08868501529051988 0.0578125
0 0.7798165137614679 0.2453125 0.10397553516819572 0.0578125
0 0.8470948012232415 0.3734375 0.11314984709480122 0.0484375
0 0.9954128440366973 0.4046875 0.009174311926605505 0.03125
0 0.9831804281345565 0.17265625 0.03363914373088685 0.0703125
0 0.9113149847094801 0.225 0.09785932721712538 0.05
0 0.9388379204892966 0.11875 0.09785932721712538 0.0640625
0 0.8685015290519877 0.0671875 0.13761467889908258 0.053125
0 0.7675840978593272 0.5828125 0.09785932721712538 0.0328125
0 0.7217125382262997 0.6578125 0.0672782874617737 0.0234375
0 0.9113149847094801 0.0125 0.08256880733944955 0.025
0 0.37003058103975534 0.1875 0.0856269113149847 0.0453125
0 0.39143730886850153 0.46875 0.0856269113149847 0.0765625
0 0.5657492354740061 0.49375 0.07951070336391437 0.0296875
0 0.22629969418960244 0.825 0.07951070336391437 0.08125
0 0.3577981651376147 0.8359375 0.10703363914373089 0.06875
0 0.41896024464831805 0.6453125 0.1437308868501529 0.0703125
0 0.30275229357798167 0.6140625 0.09174311926605505 0.0640625