0 0.551622418879056 0.0515625 0.0943952802359882 0.053125
0 0.5250737463126843 0.1515625 0.10324483775811209 0.0640625
0 0.6991150442477876 0.1734375 0.06784660766961652 0.0328125
0 0.5663716814159292 0.3109375 0.1976401179941003 0.06875
0 0.35693215339233036 0.0453125 0.07079646017699115 0.0359375
0 0.014749262536873156 0.3515625 0.02654867256637168 0.05
0 0.8053097345132744 0.853125 0.17994100294985252 0.0875
0 0.41887905604719766 0.25 0.08849557522123894 0.071875
0 0.5781710914454278 0.978125 0.11209439528023599 0.040625
0 0.1504424778761062 0.021875 0.10914454277286136 0.0421875
0 0.05014749262536873 0.1796875 0.05604719764011799 0.053125
0 0.23893805309734514 0.3046875 0.0471976401179941 0.028125
0 0.7374631268436578 0.3859375 0.05309734513274336 0.0421875
0 0.6755162241887905 0.4390625 0.0943952802359882 0.053125
0 0.5752212389380531 0.4328125 0.058997050147492625 0.04375
0 0.5457227138643068 0.51875 0.09144542772861357 0.0625
0 0.6666666666666666 0.571875 0.06784660766961652 0.0359375
0 0.995575221238938 0.4265625 0.008849557522123894 0.040625
0 0.9749262536873157 0.06015625 0.05014749262536873 0.0703125
0 0.36283185840707965 0.5375 0.14454277286135694 0.0515625
0 0.23008849557522124 0.8984375 0.15339233038348082 0.06875
0 0.14749262536873156 0.3234375 0.12094395280235988 0.040625
0 0.9572271386430679 0.7171875 0.0855457227138643 0.028125
0 0.995575221238938 0.640625 0.008849557522123894 0.0375
0 0.35693215339233036 0.0359375 0.07374631268436578 0.0203125
0 0.08259587020648967 0.0546875 0.0855457227138643 0.0546875
0 0.13274336283185842 0.1265625 0.0855457227138643 0.05625
0 0.2920353982300885 0.1328125 0.05604719764011799 0.040625
0 0.415929203539823 0.1109375 0.038348082595870206 0.040625
0 0.30678466076696165 0.2 0.07669616519174041 0.0421875
0 0.3303834808259587 0.2921875 0.058997050147492625 0.0453125
0 0.011799410029498525 0.240625 0.02064896755162242 0.028125
0 0.2831858407079646 0.3640625 0.061946902654867256 0.05625
0 0.24188790560471976 0.5125 0.11209439528023599 0.1109375
0 0.7433628318584071 0.228125 0.11504424778761062 0.0609375
0 0.6902654867256637 0.228125 0.08849557522123894 0.0578125
0 0.3893805309734513 0.33125 0.02654867256637168 0.0609375
0 0.5073746312684366 0.4203125 0.10914454277286136 0.05
0 0.5221238938053098 0.5703125 0.07669616519174041 0.0390625
0 0.8141592920353983 0.5171875 0.06784660766961652 0.0546875
0 0.8997050147492626 0.4796875 0.12094395280235988 0.0390625
0 0.25958702064896755 0.665625 0.09734513274336283 0.04375
0 0.15339233038348082 0.715625 0.038348082595870206 0.021875
0 0.5191740412979351 0.69375 0.061946902654867256 0.0578125
0 0.09144542772861357 0.503125 0.07669616519174041 0.0296875
0 0.10619469026548672 0.5453125 0.10324483775811209 0.0484375
0 0.9808259587020649 0.34375 0.038348082595870206 0.040625
0 0.8377581120943953 0.346875 0.07374631268436578 0.0296875
0 0.7345132743362832 0.334375 0.06784660766961652 0.05
0 0.3333333333333333 0.0015625 0.06489675516224189 0.003125
0 0.8672566371681416 0.0203125 0.04129793510324484 0.0296875
0 0.6460176991150443 0.5328125 0.06784660766961652 0.0359375
0 0.12389380530973451 0.409375 0.07669616519174041 0.0453125
0 0.7640117994100295 0.6828125 0.058997050147492625 0.046875
0 0.8348082595870207 0.984375 0.10914454277286136 0.0296875
0 0.971976401179941 0.98828125 0.05604719764011799 0.0203125
0 0.0471976401179941 0.6453125 0.07669616519174041 0.0578125
0 0.9410029498525073 0.54375 0.07669616519174041 0.0234375
0 0.8525073746312685 0.1515625 0.08259587020648967 0.0328125