0 0.7269938650306749 0.240625 0.0950920245398773 0.065625
0 0.995398773006135 0.4515625 0.009202453987730062 0.05
0 0.5920245398773006 0.5859375 0.2822085889570552 0.125
0 0.39263803680981596 0.640625 0.16257668711656442 0.0671875
0 0.6901840490797546 0.9625 0.15030674846625766 0.0671875
0 0.8834355828220859 0.9296875 0.147239263803681 0.0625
0 0.9294478527607362 0.5921875 0.10736196319018405 0.04375
0 0.8282208588957055 0.7140625 0.13496932515337423 0.040625
0 0.7392638036809815 0.840625 0.15337423312883436 0.0875
0 0.3343558282208589 0.934375 0.07975460122699386 0.0421875
0 0.24539877300613497 0.2890625 0.0705521472392638 0.0375
0 0.18098159509202455 0.2828125 0.049079754601226995 0.0375
0 0.3098159509202454 0.2984375 0.06748466257668712 0.0234375
0 0.027607361963190184 0.225 0.046012269938650305 0.0359375
0 0.6134969325153374 0.403125 0.12883435582822086 0.028125
0 0.6748466257668712 0.45625 0.05828220858895705 0.0578125
0 0.22699386503067484 0.4109375 0.0950920245398773 0.04375
0 0.8895705521472392 0.3140625 0.10122699386503067 0.0359375
0 0.06441717791411043 0.3671875 0.049079754601226995 0.03125
0 0.1687116564417178 0.3265625 0.0736196319018405 0.065625
0 0.10736196319018405 0.2859375 0.09815950920245399 0.05
0 0.4785276073619632 0.4296875 0.08895705521472393 0.04375
0 0.046012269938650305 0.690625 0.09202453987730061 0.13125
0 0.1165644171779141 0.515625 0.10122699386503067 0.0609375
0 0.9447852760736196 0.6546875 0.08895705521472393 0.0234375