0 0.41002949852507375 0.6125 0.168141592920354 0.08125
0 0.12389380530973451 0.9828125 0.12979351032448377 0.034375
0 0.07964601769911504 0.834375 0.1592920353982301 0.090625
0 0.7787610619469026 0.0484375 0.05309734513274336 0.0265625
0 0.8289085545722714 0.1703125 0.13274336283185842 0.0640625
0 0.14749262536873156 0.5171875 0.19469026548672566 0.0609375
0 0.1710914454277286 0.0875 0.06489675516224189 0.0515625
0 0.10029498525073746 0.1671875 0.061946902654867256 0.028125
0 0.2182890855457227 0.334375 0.11504424778761062 0.0515625
0 0.25073746312684364 0.2703125 0.05604719764011799 0.0265625
0 0.5073746312684366 0.21875 0.0471976401179941 0.0359375
0 0.5870206489675516 0.28125 0.07079646017699115 0.0296875
0 0.551622418879056 0.3953125 0.07669616519174041 0.04375
0 0.5103244837758112 0.434375 0.058997050147492625 0.040625
0 0.6194690265486725 0.1890625 0.07669616519174041 0.0296875
0 0.5221238938053098 0.1296875 0.0471976401179941 0.03125
0 0.3893805309734513 0.1921875 0.0855457227138643 0.046875
0 0.8613569321533924 0.728125 0.035398230088495575 0.01875
0 0.7227138643067846 0.65625 0.0855457227138643 0.040625
0 0.8289085545722714 0.965625 0.12094395280235988 0.059375
0 0.415929203539823 0.9390625 0.11504424778761062 0.040625