0 0.9926253687315634 0.13359375 0.014749262536873156 0.0296875
0 0.061946902654867256 0.1578125 0.0943952802359882 0.0375
0 0.22713864306784662 0.1359375 0.10619469026548672 0.0265625
0 0.4365781710914454 0.009375 0.07079646017699115 0.01875
0 0.4631268436578171 0.1875 0.05604719764011799 0.034375
0 0.5398230088495575 0.1875 0.07374631268436578 0.053125
0 0.04129793510324484 0.2234375 0.05604719764011799 0.0265625
0 0.7227138643067846 0.371875 0.12094395280235988 0.0734375
0 0.5339233038348082 0.3375 0.11504424778761062 0.05
0 0.9837758112094396 0.03203125 0.032448377581120944 0.0265625
0 0.7374631268436578 0.64375 0.09734513274336283 0.0625
0 0.8613569321533924 0.65 0.02359882005899705 0.0453125
0 0.9498525073746312 0.653125 0.058997050147492625 0.028125
0 0.9528023598820059 0.7015625 0.05604719764011799 0.021875
0 0.3893805309734513 0.7734375 0.061946902654867256 0.0296875
0 0.6548672566371682 0.796875 0.09734513274336283 0.0609375
0 0.8348082595870207 0.859375 0.10914454277286136 0.05
0 0.25958702064896755 0.8515625 0.061946902654867256 0.034375
0 0.616519174041298 0.525 0.061946902654867256 0.0421875