0 0.5304878048780488 0.625 0.2926829268292683 0.1625
0 0.27134146341463417 0.68125 0.18597560975609756 0.115625
0 0.8414634146341463 0.1234375 0.2926829268292683 0.1671875
0 0.13109756097560976 0.35625 0.2621951219512195 0.2390625
0 0.8658536585365854 0.7671875 0.2682926829268293 0.2140625
0 0.1676829268292683 0.0125 0.11280487804878049 0.025
0 0.12804878048780488 0.15 0.06707317073170732 0.028125
0 0.3384146341463415 0.234375 0.06707317073170732 0.0328125
0 0.3475609756097561 0.3140625 0.10670731707317073 0.0515625
0 0.32926829268292684 0.4109375 0.1798780487804878 0.10625
0 0.3597560975609756 0.821875 0.11585365853658537 0.0421875
0 0.21341463414634146 0.80625 0.09146341463414634 0.0640625
0 0.18597560975609756 0.5328125 0.06707317073170732 0.0359375
0 0.09146341463414634 0.50625 0.07317073170731707 0.0328125
0 0.6920731707317073 0.3609375 0.06707317073170732 0.0296875
0 0.875 0.3375 0.08231707317073171 0.078125
0 0.7926829268292683 0.3 0.10975609756097561 0.06875
0 0.5365853658536586 0.2171875 0.13414634146341464 0.05
0 0.6646341463414634 0.26875 0.07926829268292683 0.028125
0 0.9146341463414634 0.25 0.0975609756097561 0.0578125
0 0.23780487804878048 0.9734375 0.125 0.0515625
0 0.6402439024390244 0.8859375 0.1524390243902439 0.0546875
0 0.8841463414634146 0.9171875 0.06707317073170732 0.046875
0 0.9603658536585366 0.9875 0.07926829268292683 0.025