0 0.9602941176470589 0.29765625 0.07941176470588235 0.0890625
0 0.9235294117647059 0.090625 0.11764705882352941 0.0625
0 0.8352941176470589 0.575 0.19117647058823528 0.115625
0 0.27647058823529413 0.346875 0.17352941176470588 0.125
0 0.5911764705882353 0.14375 0.08823529411764706 0.0375
0 0.8294117647058824 0.2203125 0.09411764705882353 0.0421875
0 0.5617647058823529 0.3328125 0.052941176470588235 0.0421875
0 0.6176470588235294 0.365625 0.03823529411764706 0.021875
0 0.95 0.4578125 0.07058823529411765 0.0375
0 0.5647058823529412 0.509375 0.10882352941176471 0.0359375
0 0.4676470588235294 0.2484375 0.06470588235294118 0.05625
0 0.31470588235294117 0.2359375 0.05 0.0265625
0 0.23823529411764705 0.159375 0.05 0.0359375
0 0.9323529411764706 0.0140625 0.05 0.0234375
0 0.9352941176470588 0.3625 0.06764705882352941 0.028125
0 0.03529411764705882 0.353125 0.06764705882352941 0.0796875
0 0.5411764705882353 0.43125 0.026470588235294117 0.0203125
0 0.7029411764705882 0.45 0.07058823529411765 0.0203125
0 0.08529411764705883 0.0265625 0.07058823529411765 0.0234375
0 0.041176470588235294 0.0828125 0.05 0.03125
0 0.5735294117647058 0.8734375 0.1323529411764706 0.0625
0 0.8088235294117647 0.871875 0.041176470588235294 0.0359375
0 0.22058823529411764 0.959375 0.10294117647058823 0.053125
0 0.09117647058823529 0.9875 0.06470588235294118 0.0234375
0 0.9455882352941176 0.75703125 0.10882352941176471 0.0578125
0 0.975 0.7078125 0.05 0.0375
0 0.14411764705882352 0.4671875 0.06470588235294118 0.0234375
0 0.5676470588235294 0.8 0.047058823529411764 0.028125
0 0.6941176470588235 0.825 0.03235294117647059 0.0234375
0 0.6705882352941176 0.9609375 0.052941176470588235 0.021875
0 0.7647058823529411 0.959375 0.029411764705882353 0.0171875
0 0.5205882352941177 0.740625 0.08823529411764706 0.03125
0 0.7147058823529412 0.6984375 0.041176470588235294 0.03125
0 0.6470588235294118 0.7109375 0.058823529411764705 0.0375
0 0.7323529411764705 0.73125 0.061764705882352944 0.0265625