0 0.5328947368421053 0.0625 0.2598684210526316 0.1234375
0 0.15789473684210525 0.29375 0.1875 0.0671875
0 0.4276315789473684 0.5984375 0.14473684210526316 0.0390625
0 0.4506578947368421 0.7140625 0.07236842105263158 0.0625
0 0.6381578947368421 0.7953125 0.08223684210526316 0.040625
0 0.5197368421052632 0.86875 0.125 0.040625
0 0.27631578947368424 0.8984375 0.14802631578947367 0.071875
0 0.7861842105263158 0.0625 0.2532894736842105 0.1234375
0 0.006578947368421052 0.028125 0.009868421052631578 0.0421875
0 0.07894736842105263 0.196875 0.06578947368421052 0.040625
0 0.29276315789473684 0.14375 0.07236842105263158 0.046875
0 0.05592105263157895 0.1234375 0.039473684210526314 0.0390625
0 0.3980263157894737 0.390625 0.10197368421052631 0.040625
0 0.4473684210526316 0.33125 0.039473684210526314 0.0296875
0 0.2730263157894737 0.3125 0.06907894736842106 0.0390625
0 0.7302631578947368 0.4109375 0.17434210526315788 0.0875
0 0.6513157894736842 0.5078125 0.11842105263157894 0.0390625
0 0.20065789473684212 0.4953125 0.10526315789473684 0.0390625
0 0.22697368421052633 0.7421875 0.08223684210526316 0.0171875
0 0.1611842105263158 0.7875 0.0625 0.03125
0 0.2532894736842105 0.8046875 0.04276315789473684 0.0203125
0 0.18421052631578946 0.8640625 0.08223684210526316 0.0328125
0 0.10855263157894737 0.8765625 0.03289473684210526 0.021875
0 0.6348684210526315 0.665625 0.12171052631578948 0.0484375
0 0.6644736842105263 0.621875 0.1118421052631579 0.0515625
0 0.7664473684210527 0.621875 0.0756578947368421 0.040625
0 0.819078947368421 0.65 0.06907894736842106 0.028125
0 0.8552631578947368 0.6734375 0.05921052631578947 0.0328125
0 0.8717105263157895 0.7078125 0.08881578947368421 0.0234375
0 0.7796052631578947 0.740625 0.10197368421052631 0.015625
0 0.6743421052631579 0.7453125 0.09210526315789473 0.0390625
0 0.7236842105263158 0.8484375 0.049342105263157895 0.0265625
0 0.8026315789473685 0.8390625 0.06578947368421052 0.025
0 0.8914473684210527 0.859375 0.08881578947368421 0.025
0 0.8388157894736842 0.903125 0.06578947368421052 0.0265625
0 0.9177631578947368 0.9328125 0.05592105263157895 0.025
0 0.4868421052631579 0.93125 0.07236842105263158 0.03125
0 0.5625 0.9328125 0.0756578947368421 0.028125
0 0.4440789473684211 0.9796875 0.05263157894736842 0.0390625
0 0.27631578947368424 0.940625 0.049342105263157895 0.0265625
0 0.694078947368421 0.9578125 0.08552631578947369 0.0421875
0 0.7828947368421053 0.98125 0.0625 0.0359375
0 0.819078947368421 0.9921875 0.07236842105263158 0.015625
0 0.8947368421052632 0.9796875 0.0756578947368421 0.025
0 0.9342105263157895 0.984375 0.08223684210526316 0.0296875
0 0.009868421052631578 0.928125 0.019736842105263157 0.0421875
0 0.0625 0.7875 0.046052631578947366 0.021875
0 0.046052631578947366 0.8203125 0.06907894736842106 0.0296875