0 0.42105263157894735 0.0984375 0.33881578947368424 0.1953125
0 0.8881578947368421 0.2203125 0.2236842105263158 0.196875
0 0.5328947368421053 0.9578125 0.2598684210526316 0.0828125
0 0.20723684210526316 0.284375 0.15460526315789475 0.0765625
0 0.7861842105263158 0.9953125 0.2532894736842105 0.009375
0 0.19736842105263158 0.5484375 0.10197368421052631 0.059375
0 0.26973684210526316 0.60625 0.13157894736842105 0.0453125
0 0.3223684210526316 0.759375 0.07236842105263158 0.0375
0 0.48355263157894735 0.7296875 0.08223684210526316 0.0234375
0 0.07894736842105263 0.2984375 0.13815789473684212 0.078125
0 0.7598684210526315 0.5140625 0.09210526315789473 0.040625
0 0.049342105263157895 0.5078125 0.08881578947368421 0.0359375
0 0.03289473684210526 0.5453125 0.06578947368421052 0.04375
0 0.10526315789473684 0.5453125 0.05263157894736842 0.0265625
0 0.2236842105263158 0.3515625 0.049342105263157895 0.0265625
0 0.39473684210526316 0.3828125 0.08223684210526316 0.034375
0 0.3519736842105263 0.4203125 0.09210526315789473 0.021875
0 0.4375 0.2921875 0.09210526315789473 0.046875
0 0.5361842105263158 0.2859375 0.0625 0.034375
0 0.6546052631578947 0.265625 0.08552631578947369 0.0375
0 0.6710526315789473 0.31875 0.049342105263157895 0.0296875
0 0.8782894736842105 0.3828125 0.08552631578947369 0.0359375
0 0.6348684210526315 0.3640625 0.049342105263157895 0.028125
0 0.41776315789473684 0.521875 0.08552631578947369 0.025
0 0.48026315789473684 0.4984375 0.0625 0.034375
0 0.3815789473684211 0.4609375 0.08223684210526316 0.0359375
0 0.34210526315789475 0.4953125 0.09210526315789473 0.021875
0 0.13157894736842105 0.4046875 0.10197368421052631 0.04375
0 0.03618421052631579 0.378125 0.05921052631578947 0.028125
0 0.22039473684210525 0.76875 0.046052631578947366 0.0234375
0 0.28618421052631576 0.8265625 0.0625 0.0328125
0 0.046052631578947366 0.6609375 0.05263157894736842 0.05
0 0.5263157894736842 0.5390625 0.1118421052631579 0.0421875
0 0.7203947368421053 0.6234375 0.14802631578947367 0.0453125
0 0.0756578947368421 0.909375 0.1118421052631579 0.05