0 0.9079754601226994 0.9140625 0.1165644171779141 0.05625
0 0.7024539877300614 0.4203125 0.06748466257668712 0.05625
0 0.7699386503067485 0.4828125 0.06441717791411043 0.0296875
0 0.08588957055214724 0.6921875 0.1687116564417178 0.05625
0 0.23006134969325154 0.484375 0.07668711656441718 0.0890625
0 0.147239263803681 0.4171875 0.11349693251533742 0.04375
0 0.8742331288343558 0.2390625 0.03374233128834356 0.05625
0 0.1196319018404908 0.00625 0.07975460122699386 0.0125
0 0.598159509202454 0.1609375 0.1687116564417178 0.053125
0 0.21779141104294478 0.896875 0.10122699386503067 0.0765625
0 0.2883435582822086 0.9453125 0.08588957055214724 0.059375