0 0.9631268436578171 0.82109375 0.07374631268436578 0.0921875
0 0.7079646017699115 0.9921875 0.07079646017699115 0.015625
0 0.4631268436578171 0.9921875 0.0855457227138643 0.0140625
0 0.976401179941003 0.2609375 0.0471976401179941 0.0359375
0 0.911504424778761 0.25 0.07374631268436578 0.0359375
0 0.3687315634218289 0.3 0.07669616519174041 0.059375
0 0.21238938053097345 0.4328125 0.13274336283185842 0.06875
0 0.15634218289085547 0.884375 0.07964601769911504 0.0171875
0 0.4749262536873156 0.921875 0.0855457227138643 0.0484375
0 0.5073746312684366 0.2265625 0.06489675516224189 0.0390625
0 0.07964601769911504 0.0015625 0.06489675516224189 0.003125
0 0.336283185840708 0.134375 0.0855457227138643 0.040625
0 0.9734513274336283 0.0328125 0.05309734513274336 0.0390625
0 0.13864306784660768 0.246875 0.13274336283185842 0.0015625
0 0.8849557522123894 0.140625 0.032448377581120944 0.028125
0 0.10914454277286136 0.8 0.12684365781710916 0.0546875
0 0.15634218289085547 0.8515625 0.07079646017699115 0.0375
0 0.32448377581120946 0.875 0.061946902654867256 0.034375
0 0.13569321533923304 0.7234375 0.07079646017699115 0.05
0 0.22713864306784662 0.1390625 0.05604719764011799 0.0140625
0 0.20648967551622419 0.1765625 0.04424778761061947 0.028125
0 0.2153392330383481 0.2734375 0.032448377581120944 0.025
0 0.10324483775811209 0.2953125 0.04129793510324484 0.025
0 0.9808259587020649 0.3546875 0.038348082595870206 0.021875
0 0.9085545722713865 0.59375 0.05014749262536873 0.0328125
0 0.7876106194690266 0.696875 0.02654867256637168 0.0296875
0 0.504424778761062 0.321875 0.09734513274336283 0.0625
0 0.30973451327433627 0.7125 0.17699115044247787 0.046875
0 0.49557522123893805 0.4328125 0.11504424778761062 0.053125
0 0.5191740412979351 0.6453125 0.19174041297935104 0.1015625
0 0.5663716814159292 0.44375 0.09144542772861357 0.0734375
0 0.9469026548672567 0.6921875 0.10619469026548672 0.0171875
0 0.8289085545722714 0.7421875 0.05014749262536873 0.0328125
0 0.8377581120943953 0.8703125 0.07669616519174041 0.04375
0 0.5250737463126843 0.8609375 0.07669616519174041 0.034375