0 0.03235294117647059 0.2984375 0.061764705882352944 0.0890625
0 0.40588235294117647 0.328125 0.15 0.1234375
0 0.7264705882352941 0.18125 0.17352941176470588 0.08125
0 0.19117647058823528 0.7203125 0.17941176470588235 0.109375
0 0.9514705882352941 0.89765625 0.09705882352941177 0.1546875
0 0.9514705882352941 0.66328125 0.09705882352941177 0.0890625
0 0.9897058823529412 0.5203125 0.020588235294117647 0.065625
0 0.8382352941176471 0.5265625 0.07941176470588235 0.028125
0 0.3911764705882353 0.928125 0.10588235294117647 0.03125
0 0.19411764705882353 0.9984375 0.07941176470588235 0.003125
0 0.8352941176470589 0.0671875 0.07352941176470588 0.0359375
0 0.9720588235294118 0.109375 0.05588235294117647 0.046875
0 0.8794117647058823 0.3609375 0.07941176470588235 0.034375
0 0.5264705882352941 0.375 0.04411764705882353 0.025
0 0.31470588235294117 0.4890625 0.041176470588235294 0.021875
0 0.22647058823529412 0.528125 0.08235294117647059 0.04375
0 0.4764705882352941 0.2484375 0.07941176470588235 0.025
0 0.36764705882352944 0.2265625 0.07058823529411765 0.0265625
0 0.4323529411764706 0.5546875 0.1 0.0546875
0 0.7823529411764706 0.428125 0.08235294117647059 0.046875
0 0.9558823529411765 0.434375 0.052941176470588235 0.0484375
0 0.9632352941176471 0.61328125 0.07352941176470588 0.0359375
0 0.9 0.7125 0.09117647058823529 0.0375
0 0.986764705882353 0.76796875 0.026470588235294117 0.0359375
0 0.8911764705882353 0.7546875 0.07058823529411765 0.0265625
0 0.7382352941176471 0.7765625 0.1 0.04375
0 0.8382352941176471 0.7265625 0.029411764705882353 0.034375
0 0.8147058823529412 0.5890625 0.1 0.0546875
0 0.7 0.71875 0.07058823529411765 0.0203125
0 0.5058823529411764 0.7046875 0.1323529411764706 0.053125
0 0.6029411764705882 0.8390625 0.05588235294117647 0.0234375
0 0.0029411764705882353 0.7578125 0.0058823529411764705 0.0578125
0 0.9529411764705882 0.878125 0.06470588235294118 0.0359375
0 0.5029411764705882 0.9546875 0.07058823529411765 0.028125
0 0.6264705882352941 0.95625 0.08235294117647059 0.0359375
0 0.47941176470588237 0.146875 0.026470588235294117 0.0234375
0 0.5911764705882353 0.165625 0.07058823529411765 0.034375
0 0.09705882352941177 0.24375 0.06470588235294118 0.0171875
0 0.25588235294117645 0.940625 0.052941176470588235 0.0390625
0 0.6970588235294117 0.021875 0.2 0.034375
0 0.22941176470588234 0.5921875 0.10882352941176471 0.0421875
0 0.12352941176470589 0.8875 0.06764705882352941 0.0203125
0 0.6764705882352942 0.76875 0.08529411764705883 0.05625
0 0.65 0.50625 0.11470588235294117 0.034375