0 0.48773006134969327 0.9296875 0.09815950920245399 0.0734375
0 0.8650306748466258 0.834375 0.09815950920245399 0.046875
0 0.50920245398773 0.815625 0.0736196319018405 0.0484375
0 0.656441717791411 0.540625 0.1196319018404908 0.04375
0 0.8128834355828221 0.5640625 0.10122699386503067 0.0578125
0 0.8220858895705522 0.615625 0.04294478527607362 0.0203125
0 0.8895705521472392 0.6859375 0.08282208588957055 0.040625
0 0.027607361963190184 0.175 0.05214723926380368 0.0265625
0 0.39263803680981596 0.040625 0.0705521472392638 0.0390625
0 0.03067484662576687 0.1078125 0.06134969325153374 0.0265625
0 0.0736196319018405 0.6109375 0.1196319018404908 0.0640625
0 0.2852760736196319 0.50625 0.07975460122699386 0.0359375
0 0.16257668711656442 0.525 0.07668711656441718 0.046875
0 0.7239263803680982 0.346875 0.05521472392638037 0.04375
0 0.754601226993865 0.4125 0.05214723926380368 0.034375
0 0.9677914110429447 0.1234375 0.06441717791411043 0.040625
0 0.7208588957055214 0.7421875 0.17791411042944785 0.0578125