0 0.1411042944785276 0.384375 0.06748466257668712 0.053125
0 0.24233128834355827 0.396875 0.11042944785276074 0.0484375
0 0.3496932515337423 0.43125 0.08588957055214724 0.071875
0 0.647239263803681 0.5125 0.15337423312883436 0.0765625
0 0.8496932515337423 0.5453125 0.13803680981595093 0.0796875
0 0.852760736196319 0.709375 0.12576687116564417 0.08125
0 0.8619631901840491 0.821875 0.05214723926380368 0.0296875
0 0.8588957055214724 0.8828125 0.08282208588957055 0.028125
0 0.2668711656441718 0.8203125 0.5306748466257669 0.3328125
0 0.08895705521472393 0.0109375 0.06441717791411043 0.021875
0 0.745398773006135 0.1484375 0.2822085889570552 0.1296875
0 0.9371165644171779 0.13046875 0.12576687116564417 0.1328125
0 0.7269938650306749 0.3 0.11349693251533742 0.04375
0 0.37116564417177916 0.2984375 0.12883435582822086 0.0234375
0 0.6134969325153374 0.3296875 0.12576687116564417 0.034375
0 0.8803680981595092 0.3625 0.16257668711656442 0.053125
0 0.7638036809815951 0.3921875 0.0736196319018405 0.053125
0 0.1656441717791411 0.228125 0.12883435582822086 0.0375
0 0.0705521472392638 0.0671875 0.1411042944785276 0.046875
0 0.03067484662576687 0.2765625 0.046012269938650305 0.05625