0 0.9654605263157895 0.10390625 0.06907894736842106 0.1578125
0 0.7368421052631579 0.409375 0.3881578947368421 0.1953125
0 0.29276315789473684 0.6984375 0.25 0.1421875
0 0.07236842105263158 0.340625 0.1118421052631579 0.06875
0 0.3157894736842105 0.5109375 0.19078947368421054 0.08125
0 0.12828947368421054 0.446875 0.17434210526315788 0.0734375
0 0.23026315789473684 0.2234375 0.125 0.0453125
0 0.6710526315789473 0.021875 0.21052631578947367 0.0421875
0 0.4934210526315789 0.134375 0.13815789473684212 0.0640625
0 0.9276315789473685 0.3625 0.14473684210526316 0.065625
0 0.8322368421052632 0.6953125 0.24013157894736842 0.1
0 0.1513157894736842 0.25625 0.12171052631578948 0.0359375
0 0.8651315789473685 0.2671875 0.12171052631578948 0.046875
0 0.32894736842105265 0.0515625 0.12828947368421054 0.0484375
0 0.039473684210526314 0.228125 0.07236842105263158 0.0234375
0 0.17105263157894737 0.1953125 0.08223684210526316 0.0359375
0 0.3059210526315789 0.2453125 0.0625 0.0234375
0 0.23026315789473684 0.3421875 0.08552631578947369 0.0453125
0 0.27631578947368424 0.3875 0.14473684210526316 0.0640625
0 0.05263157894736842 0.4984375 0.08881578947368421 0.028125
0 0.12828947368421054 0.5375 0.06578947368421052 0.00625
0 0.2138157894736842 0.584375 0.07894736842105263 0.0296875
0 0.3815789473684211 0.5640625 0.08223684210526316 0.034375
0 0.023026315789473683 0.7109375 0.04276315789473684 0.0484375
0 0.28289473684210525 0.8859375 0.0625 0.065625
0 0.5131578947368421 0.78125 0.13486842105263158 0.0609375
0 0.7072368421052632 0.7921875 0.08881578947368421 0.0375
0 0.5460526315789473 0.7234375 0.08552631578947369 0.05625
0 0.5625 0.6875 0.08881578947368421 0.025
0 0.6151315789473685 0.615625 0.10855263157894737 0.0515625
0 0.6282894736842105 0.5015625 0.08552631578947369 0.034375
0 0.680921052631579 0.5234375 0.10526315789473684 0.0453125
0 0.7138157894736842 0.56875 0.07236842105263158 0.0328125
0 0.9490131578947368 0.9453125 0.10197368421052631 0.0875
0 0.029605263157894735 0.5640625 0.05921052631578947 0.0671875