0 0.696319018404908 0.05 0.11349693251533742 0.0484375
0 0.8803680981595092 0.178125 0.147239263803681 0.0578125
0 0.7147239263803681 0.0984375 0.07975460122699386 0.0578125
0 0.5460122699386503 0.0109375 0.08588957055214724 0.021875
0 0.2791411042944785 0.8484375 0.0705521472392638 0.04375
0 0.5398773006134969 0.828125 0.12576687116564417 0.0515625
0 0.08282208588957055 0.128125 0.1656441717791411 0.1
0 0.7177914110429447 0.4171875 0.11349693251533742 0.040625
0 0.9754601226993865 0.03125 0.046012269938650305 0.0234375
0 0.5184049079754601 0.115625 0.0705521472392638 0.0390625
0 0.37116564417177916 0.1125 0.11349693251533742 0.0578125
0 0.3834355828220859 0.4078125 0.0705521472392638 0.028125
0 0.4263803680981595 0.4 0.049079754601226995 0.0296875
0 0.6932515337423313 0.5953125 0.10736196319018405 0.0375
0 0.4539877300613497 0.778125 0.06134969325153374 0.0359375
0 0.1165644171779141 0.81875 0.0736196319018405 0.04375
0 0.9355828220858896 0.5640625 0.0705521472392638 0.05
0 0.13496932515337423 0.975 0.09202453987730061 0.0359375