0 0.10365853658536585 0.9578125 0.2073170731707317 0.084375
0 0.9664634146341463 0.828125 0.06707317073170732 0.128125
0 0.5853658536585366 0.6265625 0.3475609756097561 0.1859375
0 0.9512195121951219 0.5875 0.0975609756097561 0.078125
0 0.9237804878048781 0.99375 0.11890243902439024 0.0125
0 0.21036585365853658 0.7390625 0.10975609756097561 0.0859375
0 0.22865853658536586 0.615625 0.13719512195121952 0.04375
0 0.39939024390243905 0.8 0.0975609756097561 0.0484375
0 0.2896341463414634 0.76875 0.054878048780487805 0.05625
0 0.09146341463414634 0.834375 0.07926829268292683 0.0328125
0 0.7926829268292683 0.9125 0.12195121951219512 0.05
0 0.6859756097560976 0.896875 0.08231707317073171 0.0359375
0 0.600609756097561 0.9140625 0.0975609756097561 0.05
0 0.5670731707317073 0.95 0.11280487804878049 0.040625
0 0.6128048780487805 0.9953125 0.06402439024390244 0.0078125
0 0.9298780487804879 0.7078125 0.04573170731707317 0.0234375
0 0.5274390243902439 0.7859375 0.039634146341463415 0.028125
0 0.39634146341463417 0.85625 0.09146341463414634 0.0171875
0 0.899390243902439 0.771875 0.06707317073170732 0.0421875
0 0.8262195121951219 0.53125 0.09451219512195122 0.05
0 0.9390243902439024 0.3765625 0.07621951219512195 0.0421875
0 0.7896341463414634 0.459375 0.07621951219512195 0.0390625
0 0.9115853658536586 0.2875 0.10975609756097561 0.05625
0 0.6646341463414634 0.2359375 0.12804878048780488 0.05
0 0.7378048780487805 0.265625 0.08841463414634146 0.0578125
0 0.25914634146341464 0.2765625 0.24085365853658536 0.0609375
0 0.18292682926829268 0.203125 0.11890243902439024 0.071875
0 0.43597560975609756 0.11875 0.12804878048780488 0.0703125
0 0.5884146341463414 0.1703125 0.18292682926829268 0.0484375
0 0.9725609756097561 0.0640625 0.054878048780487805 0.0640625
0 0.8628048780487805 0.9453125 0.08231707317073171 0.0171875
0 0.6798780487804879 0.9890625 0.06402439024390244 0.0203125
0 0.36890243902439024 0.921875 0.09451219512195122 0.04375
0 0.4573170731707317 0.9125 0.06707317073170732 0.0296875
0 0.9939024390243902 0.440625 0.012195121951219513 0.021875
0 0.8780487804878049 0.4171875 0.054878048780487805 0.0140625
0 0.9359756097560976 0.4359375 0.036585365853658534 0.028125
0 0.9146341463414634 0.4640625 0.054878048780487805 0.021875
0 0.75 0.434375 0.04878048780487805 0.034375
0 0.4634146341463415 0.0328125 0.0975609756097561 0.0453125
0 0.625 0.0328125 0.06707317073170732 0.0296875
0 0.8292682926829268 0.0515625 0.09451219512195122 0.034375
0 0.7835365853658537 0.171875 0.08231707317073171 0.04375
0 0.9329268292682927 0.1484375 0.06402439024390244 0.0390625
0 0.10975609756097561 0.3421875 0.10365853658536585 0.05
0 0.12195121951219512 0.45 0.125 0.0421875
0 0.04573170731707317 0.5046875 0.08841463414634146 0.04375
0 0.3170731707317073 0.5078125 0.051829268292682924 0.028125
0 0.31097560975609756 0.4140625 0.057926829268292686 0.0546875
0 0.9451219512195121 0.3390625 0.057926829268292686 0.0296875
0 0.9847560975609756 0.2390625 0.03048780487804878 0.034375
0 0.021341463414634148 0.3359375 0.039634146341463415 0.065625
0 0.3201219512195122 0.0015625 0.08231707317073171 0.003125
0 0.5853658536585366 0.325 0.0975609756097561 0.0515625
0 0.49085365853658536 0.3171875 0.07317073170731707 0.0421875
0 0.4146341463414634 0.4 0.4329268292682927 0.1671875