0 0.698170731707317 0.9390625 0.17073170731707318 0.109375
0 0.676829268292683 0.0578125 0.07317073170731707 0.05625
0 0.3567073170731707 0.15625 0.17378048780487804 0.046875
0 0.04573170731707317 0.1171875 0.09146341463414634 0.0453125
0 0.9375 0.459375 0.125 0.0625
0 0.5152439024390244 0.4875 0.1402439024390244 0.0734375
0 0.2621951219512195 0.9859375 0.08536585365853659 0.028125
0 0.45121951219512196 0.990625 0.04573170731707317 0.01875
0 0.19817073170731708 0.8046875 0.0701219512195122 0.034375
0 0.875 0.7421875 0.09451219512195122 0.0390625
0 0.801829268292683 0.6796875 0.06707317073170732 0.0390625
0 0.6097560975609756 0.6390625 0.12195121951219512 0.034375
0 0.7164634146341463 0.64375 0.07317073170731707 0.0265625
0 0.3628048780487805 0.8609375 0.06707317073170732 0.04375
0 0.2774390243902439 0.88125 0.08231707317073171 0.0375
0 0.7408536585365854 0.059375 0.054878048780487805 0.0515625
0 0.8810975609756098 0.2109375 0.08841463414634146 0.046875
0 0.24085365853658536 0.771875 0.10060975609756098 0.0484375
0 0.45121951219512196 0.3671875 0.057926829268292686 0.084375
0 0.21036585365853658 0.2953125 0.09146341463414634 0.0578125