0 0.7401315789473685 0.0328125 0.2894736842105263 0.065625
0 0.7302631578947368 0.453125 0.2894736842105263 0.0984375
0 0.17105263157894737 0.896875 0.34210526315789475 0.2046875
0 0.8092105263157895 0.890625 0.35526315789473684 0.0953125
0 0.6348684210526315 0.7828125 0.20723684210526316 0.071875
0 0.26973684210526316 0.58125 0.19736842105263158 0.0953125
0 0.5526315789473685 0.2890625 0.2565789473684211 0.0984375
0 0.9013157894736842 0.2765625 0.14473684210526316 0.071875
0 0.3815789473684211 0.7234375 0.19078947368421054 0.075
0 0.23355263157894737 0.0234375 0.2598684210526316 0.0453125
0 0.41776315789473684 0.984375 0.13486842105263158 0.0296875
0 0.5789473684210527 0.9640625 0.09868421052631579 0.0578125
0 0.7697368421052632 0.9953125 0.09539473684210527 0.009375
0 0.7730263157894737 0.584375 0.23684210526315788 0.08125
0 0.40460526315789475 0.565625 0.07894736842105263 0.059375
0 0.5592105263157895 0.3984375 0.27960526315789475 0.078125
0 0.26973684210526316 0.4828125 0.13486842105263158 0.0421875
0 0.17763157894736842 0.4625 0.10526315789473684 0.04375
0 0.19407894736842105 0.2921875 0.14473684210526316 0.059375
0 0.2730263157894737 0.3390625 0.08881578947368421 0.0453125
0 0.39144736842105265 0.3015625 0.1875 0.0765625
0 0.944078947368421 0.3953125 0.10855263157894737 0.08125
0 0.9868421052631579 0.4953125 0.023026315789473683 0.075
0 0.9144736842105263 0.065625 0.125 0.0359375
0 0.34868421052631576 0.2296875 0.16776315789473684 0.08125
0 0.5098684210526315 0.1265625 0.14473684210526316 0.078125
0 0.8322368421052632 0.68125 0.10197368421052631 0.0390625
0 0.9671052631578947 0.66875 0.06578947368421052 0.0484375
0 0.9967105263157895 0.621875 0.003289473684210526 0.0703125
0 0.7072368421052632 0.328125 0.03289473684210526 0.0234375
0 0.7598684210526315 0.190625 0.125 0.04375
0 0.7763157894736842 0.23125 0.09210526315789473 0.059375
0 0.4276315789473684 0.9234375 0.1118421052631579 0.059375
0 0.29605263157894735 0.7828125 0.19736842105263158 0.1140625
0 0.16776315789473684 0.6625 0.14473684210526316 0.0359375
0 0.049342105263157895 0.690625 0.09868421052631579 0.0578125
0 0.08881578947368421 0.753125 0.125 0.0421875
0 0.08223684210526316 0.5671875 0.05592105263157895 0.0421875
0 0.9375 0.3328125 0.05921052631578947 0.0421875
0 0.75 0.3390625 0.08223684210526316 0.0390625
0 0.16776315789473684 0.134375 0.125 0.0671875
0 0.06907894736842106 0.021875 0.05921052631578947 0.04375