0 0.524390243902439 0.1140625 0.4146341463414634 0.1515625
0 0.9314024390243902 0.625 0.13719512195121952 0.103125
0 0.18902439024390244 0.2328125 0.08536585365853659 0.04375
0 0.9801829268292683 0.4015625 0.039634146341463415 0.071875
0 0.8201219512195121 0.39375 0.09146341463414634 0.034375
0 0.7042682926829268 0.659375 0.14329268292682926 0.053125
0 0.4176829268292683 0.7578125 0.13109756097560976 0.0390625
0 0.4817073170731707 0.721875 0.10975609756097561 0.0375
0 0.1524390243902439 0.7671875 0.10975609756097561 0.0515625
0 0.7804878048780488 0.996875 0.1524390243902439 0.00625
0 0.7621951219512195 0.45625 0.07926829268292683 0.0265625
0 0.9085365853658537 0.5140625 0.08841463414634146 0.0546875
0 0.7439024390243902 0.9234375 0.11280487804878049 0.05
0 0.14329268292682926 0.875 0.08231707317073171 0.0265625
0 0.24695121951219512 0.8578125 0.07621951219512195 0.03125
0 0.9115853658536586 0.9328125 0.08536585365853659 0.040625
0 0.14634146341463414 0.5609375 0.13414634146341464 0.025
0 0.1524390243902439 0.5859375 0.08536585365853659 0.025
0 0.43902439024390244 0.3828125 0.054878048780487805 0.034375
0 0.600609756097561 0.5984375 0.0975609756097561 0.04375
0 0.11890243902439024 0.45625 0.03048780487804878 0.0140625
0 0.10975609756097561 0.9859375 0.1402439024390244 0.028125
0 0.4878048780487805 0.0109375 0.08841463414634146 0.0203125
0 0.18902439024390244 0.1171875 0.09451219512195122 0.040625
0 0.036585365853658534 0.115625 0.06707317073170732 0.034375
0 0.6615853658536586 0.9140625 0.042682926829268296 0.0234375
0 0.5853658536585366 0.96875 0.06402439024390244 0.0265625
0 0.6219512195121951 0.99375 0.04573170731707317 0.0109375
0 0.2682926829268293 0.396875 0.0975609756097561 0.059375
0 0.7439024390243902 0.8109375 0.08841463414634146 0.0328125
0 0.7530487804878049 0.7265625 0.036585365853658534 0.028125
0 0.35060975609756095 0.8828125 0.039634146341463415 0.025
0 0.8719512195121951 0.1796875 0.08841463414634146 0.0328125
0 0.823170731707317 0.04375 0.08841463414634146 0.053125
0 0.9908536585365854 0.0296875 0.01524390243902439 0.0296875
0 0.975609756097561 0.3375 0.04573170731707317 0.0296875
0 0.5640243902439024 0.4296875 0.057926829268292686 0.028125
0 0.47560975609756095 0.5375 0.11890243902439024 0.0734375
0 0.3231707317073171 0.828125 0.09146341463414634 0.0359375
0 0.899390243902439 0.884375 0.07926829268292683 0.0265625
0 0.9908536585365854 0.7984375 0.01524390243902439 0.0375
0 0.9588414634146342 0.46171875 0.08231707317073171 0.0421875
0 0.9969512195121951 0.5203125 0.003048780487804878 0.05625
0 0.6341463414634146 0.4890625 0.021341463414634148 0.025
0 0.5335365853658537 0.6359375 0.08231707317073171 0.05
0 0.676829268292683 0.853125 0.08231707317073171 0.0296875