0 0.9882005899705014 0.6515625 0.02064896755162242 0.028125
0 0.7404129793510325 0.9046875 0.10914454277286136 0.0390625
0 0.9587020648967551 0.2328125 0.08259587020648967 0.0625
0 0.7581120943952803 0.053125 0.07374631268436578 0.0515625
0 0.8643067846607669 0.1046875 0.10324483775811209 0.046875
0 0.13274336283185842 0.153125 0.12094395280235988 0.046875
0 0.04424778761061947 0.246875 0.0855457227138643 0.046875
0 0.49262536873156343 0.2546875 0.06489675516224189 0.0265625
0 0.6548672566371682 0.340625 0.06489675516224189 0.0375
0 0.7551622418879056 0.1734375 0.029498525073746312 0.0359375
0 0.7168141592920354 0.615625 0.10914454277286136 0.046875
0 0.2536873156342183 0.31875 0.061946902654867256 0.0390625
0 0.41002949852507375 0.384375 0.07964601769911504 0.046875
0 0.28023598820059 0.434375 0.06489675516224189 0.0515625
0 0.5309734513274337 0.3203125 0.0855457227138643 0.046875
0 0.8436578171091446 0.5328125 0.10914454277286136 0.0359375
0 0.8761061946902655 0.9875 0.08259587020648967 0.0234375
0 0.5250737463126843 0.6359375 0.12389380530973451 0.059375
0 0.2153392330383481 0.7375 0.05604719764011799 0.0390625
0 0.5368731563421829 0.0046875 0.08849557522123894 0.009375
0 0.9262536873156342 0.0328125 0.11799410029498525 0.0359375