0 0.17434210526315788 0.3546875 0.3355263157894737 0.21875
0 0.6546052631578947 0.1125 0.14473684210526316 0.075
0 0.8092105263157895 0.8953125 0.125 0.0671875
0 0.6546052631578947 0.90625 0.14473684210526316 0.0640625
0 0.05263157894736842 0.5875 0.10526315789473684 0.059375
0 0.4243421052631579 0.40625 0.10855263157894737 0.05625
0 0.5328947368421053 0.459375 0.07894736842105263 0.0515625
0 0.5953947368421053 0.509375 0.05263157894736842 0.0453125
0 0.4769736842105263 0.5 0.0756578947368421 0.0546875
0 0.6875 0.521875 0.08223684210526316 0.05625
0 0.8881578947368421 0.4921875 0.07894736842105263 0.0515625
0 0.944078947368421 0.5625 0.07236842105263158 0.040625
0 0.13815789473684212 0.53125 0.08552631578947369 0.0515625
0 0.24671052631578946 0.625 0.07236842105263158 0.0515625
0 0.4407894736842105 0.6125 0.11513157894736842 0.0265625
0 0.6348684210526315 0.6015625 0.125 0.05625
0 0.7006578947368421 0.5796875 0.125 0.0578125
0 0.7960526315789473 0.5671875 0.07236842105263158 0.06875
0 0.9851973684210527 0.578125 0.029605263157894735 0.090625
0 0.5263157894736842 0.953125 0.13815789473684212 0.0859375
0 0.4276315789473684 0.025 0.12171052631578948 0.05