0 0.008823529411764706 0.4375 0.014705882352941176 0.1125
0 0.008823529411764706 0.8125 0.01764705882352941 0.034375
0 0.5 0.3875 0.20294117647058824 0.0953125
0 0.03529411764705882 0.746875 0.06764705882352941 0.0625
0 0.3205882352941177 0.496875 0.06764705882352941 0.0359375
0 0.8823529411764706 0.946875 0.07352941176470588 0.04375
0 0.43529411764705883 0.9078125 0.052941176470588235 0.0421875
0 0.5205882352941177 0.95 0.06764705882352941 0.009375
0 0.5941176470588235 0.8640625 0.06470588235294118 0.0265625
0 0.3264705882352941 0.0390625 0.06764705882352941 0.0484375
0 0.48823529411764705 0.0234375 0.041176470588235294 0.04375
0 0.5882352941176471 0.0671875 0.10882352941176471 0.046875
0 0.3323529411764706 0.2140625 0.09117647058823529 0.034375
0 0.014705882352941176 0.5765625 0.026470588235294117 0.0359375
0 0.3029411764705882 0.61875 0.10882352941176471 0.053125
0 0.18823529411764706 0.6453125 0.07647058823529412 0.05
0 0.6647058823529411 0.6125 0.1 0.028125
0 0.7852941176470588 0.621875 0.09411764705882353 0.053125
0 0.6235294117647059 0.3609375 0.12058823529411765 0.059375
0 0.8470588235294118 0.4546875 0.08823529411764706 0.0453125
0 0.638235294117647 0.728125 0.06470588235294118 0.04375
0 0.9 0.7609375 0.09117647058823529 0.0515625
0 0.35 0.865625 0.11176470588235295 0.0640625
0 0.3911764705882353 0.6671875 0.07058823529411765 0.04375
0 0.47941176470588237 0.7546875 0.09411764705882353 0.034375
0 0.38529411764705884 0.5375 0.06764705882352941 0.0328125
0 0.2823529411764706 0.534375 0.06764705882352941 0.0265625
0 0.2088235294117647 0.5046875 0.05 0.0703125
0 0.19117647058823528 0.56875 0.09117647058823529 0.05
0 0.15588235294117647 0.7078125 0.08235294117647059 0.0265625
0 0.2823529411764706 0.76875 0.06764705882352941 0.0328125
0 0.1411764705882353 0.9546875 0.061764705882352944 0.0359375
0 0.05 0.2171875 0.09705882352941177 0.04375
0 0.008823529411764706 0.1078125 0.014705882352941176 0.0171875
0 0.9808823529411764 0.0546875 0.03823529411764706 0.04375
0 0.9544117647058824 0.93203125 0.09117647058823529 0.0484375
0 0.7029411764705882 0.009375 0.06470588235294118 0.01875
0 0.8205882352941176 0.109375 0.09117647058823529 0.0609375
0 0.9 0.271875 0.12058823529411765 0.0515625
0 0.20294117647058824 0.1 0.13823529411764707 0.0265625