0 0.9831804281345565 0.15078125 0.03363914373088685 0.0703125
0 0.44954128440366975 0.175 0.10703363914373089 0.0421875
0 0.26605504587155965 0.009375 0.03363914373088685 0.01875
0 0.345565749235474 0.1375 0.07951070336391437 0.0390625
0 0.25382262996941896 0.171875 0.06422018348623854 0.0390625
0 0.4617737003058104 0.2234375 0.10703363914373089 0.05625
0 0.8654434250764526 0.3671875 0.1345565749235474 0.06875
0 0.8746177370030581 0.525 0.10703363914373089 0.05625
0 0.25076452599388377 0.2609375 0.21100917431192662 0.0765625
0 0.8868501529051988 0.2421875 0.13761467889908258 0.0421875
0 0.3577981651376147 0.565625 0.20489296636085627 0.134375
0 0.09174311926605505 0.5359375 0.18042813455657492 0.275
0 0.22935779816513763 0.9640625 0.37920489296636084 0.071875
0 0.7247706422018348 0.5890625 0.08256880733944955 0.028125
0 0.9296636085626911 0.575 0.07951070336391437 0.0390625
0 0.11009174311926606 0.7078125 0.11926605504587157 0.0578125
0 0.26605504587155965 0.8421875 0.18042813455657492 0.0640625
0 0.03363914373088685 0.8984375 0.06422018348623854 0.0515625
0 0.5412844036697247 0.0125 0.09785932721712538 0.0234375
0 0.5045871559633027 0.06875 0.0856269113149847 0.046875
0 0.6238532110091743 0.44375 0.07951070336391437 0.0328125
0 0.7614678899082569 0.3515625 0.03669724770642202 0.05
0 0.9602446483180428 0.4609375 0.04892966360856269 0.028125
0 0.7889908256880734 0.4453125 0.10397553516819572 0.0390625
0 0.4036697247706422 0.0046875 0.07339449541284404 0.0078125
0 0.22018348623853212 0.0890625 0.16819571865443425 0.065625
0 0.21406727828746178 0.046875 0.10703363914373089 0.05
0 0.10091743119266056 0.028125 0.0672782874617737 0.053125
0 0.30275229357798167 0.0171875 0.12844036697247707 0.0328125
0 0.636085626911315 0.034375 0.039755351681957186 0.0359375
0 0.6605504587155964 0.0875 0.03669724770642202 0.040625
0 0.5351681957186545 0.1625 0.09785932721712538 0.0671875
0 0.07951070336391437 0.1234375 0.14678899082568808 0.0515625
0 0.9373088685015291 0.9546875 0.12538226299694188 0.071875