0 0.9478527607361963 0.05625 0.03680981595092025 0.04375
0 0.03374233128834356 0.4515625 0.06441717791411043 0.05
0 0.20245398773006135 0.821875 0.06441717791411043 0.046875
0 0.8957055214723927 0.98125 0.06134969325153374 0.0359375
0 0.7975460122699386 0.9625 0.08895705521472393 0.059375
0 0.852760736196319 0.99375 0.03987730061349693 0.0109375
0 0.6717791411042945 0.815625 0.06134969325153374 0.040625
0 0.852760736196319 0.815625 0.07668711656441718 0.0359375
0 0.9769938650306749 0.628125 0.046012269938650305 0.0375
0 0.8404907975460123 0.475 0.024539877300613498 0.0359375
0 0.30368098159509205 0.978125 0.0705521472392638 0.028125
0 0.588957055214724 0.8984375 0.08895705521472393 0.03125
0 0.8619631901840491 0.384375 0.12576687116564417 0.05
0 0.1656441717791411 0.384375 0.07668711656441718 0.0390625
0 0.4754601226993865 0.3421875 0.06134969325153374 0.0265625
0 0.5644171779141104 0.3640625 0.08588957055214724 0.028125
0 0.34049079754601225 0.89375 0.10122699386503067 0.040625
0 0.8159509202453987 0.746875 0.1165644171779141 0.0421875
0 0.15030674846625766 0.76875 0.08282208588957055 0.0421875
0 0.46319018404907975 0.684375 0.07668711656441718 0.0296875
0 0.7730061349693251 0.6328125 0.049079754601226995 0.0515625
0 0.6932515337423313 0.7140625 0.07668711656441718 0.0421875
0 0.5429447852760736 0.7609375 0.08588957055214724 0.05
0 0.35276073619631904 0.81875 0.09815950920245399 0.05
0 0.49693251533742333 0.8203125 0.08588957055214724 0.0359375