0 0.9026548672566371 0.01875 0.05604719764011799 0.0359375
0 0.696165191740413 0.0984375 0.07964601769911504 0.05
0 0.23893805309734514 0.1078125 0.12094395280235988 0.0359375
0 0.21238938053097345 0.2453125 0.07079646017699115 0.028125
0 0.6076696165191741 0.278125 0.035398230088495575 0.034375
0 0.6991150442477876 0.1953125 0.04129793510324484 0.0234375
0 0.8259587020648967 0.2734375 0.06489675516224189 0.0296875
0 0.9292035398230089 0.321875 0.10619469026548672 0.034375
0 0.9601769911504425 0.91796875 0.07964601769911504 0.0359375
0 0.22123893805309736 0.7984375 0.11799410029498525 0.0375
0 0.0943952802359882 0.603125 0.0943952802359882 0.040625
0 0.017699115044247787 0.509375 0.035398230088495575 0.0203125
0 0.09144542772861357 0.5109375 0.038348082595870206 0.025
0 0.15634218289085547 0.590625 0.017699115044247787 0.0296875
0 0.29793510324483774 0.478125 0.0855457227138643 0.046875
0 0.3392330383480826 0.4046875 0.04129793510324484 0.0203125
0 0.4247787610619469 0.3609375 0.061946902654867256 0.0484375
0 0.5014749262536873 0.38125 0.07669616519174041 0.0296875
0 0.5663716814159292 0.4125 0.07669616519174041 0.040625
0 0.5103244837758112 0.453125 0.058997050147492625 0.021875
0 0.6312684365781711 0.59375 0.05604719764011799 0.0203125
0 0.5575221238938053 0.534375 0.05604719764011799 0.0140625
0 0.46607669616519176 0.525 0.07669616519174041 0.03125
0 0.7374631268436578 0.48125 0.07079646017699115 0.040625
0 0.9144542772861357 0.434375 0.07669616519174041 0.0515625
0 0.9660766961651918 0.38203125 0.06784660766961652 0.0203125
0 0.4306784660766962 0.7921875 0.038348082595870206 0.0359375
0 0.7404129793510325 0.828125 0.05014749262536873 0.0359375
0 0.8348082595870207 0.8375 0.07669616519174041 0.0609375
0 0.9572271386430679 0.865625 0.0855457227138643 0.04375