0 0.5914634146341463 0.20625 0.18597560975609756 0.1046875
0 0.17378048780487804 0.4390625 0.13719512195121952 0.0953125
0 0.6036585365853658 0.3625 0.11280487804878049 0.0265625
0 0.38109756097560976 0.028125 0.17682926829268292 0.05625
0 0.39634146341463417 0.4765625 0.14939024390243902 0.0640625
0 0.9420731707317073 0.7515625 0.11585365853658537 0.071875
0 0.3628048780487805 0.775 0.2652439024390244 0.1
0 0.3079268292682927 0.946875 0.21036585365853658 0.0875
0 0.7103658536585366 0.9171875 0.1524390243902439 0.05625
0 0.6676829268292683 0.8609375 0.125 0.0265625
0 0.3353658536585366 0.5484375 0.10975609756097561 0.028125
0 0.5426829268292683 0.9984375 0.08536585365853659 0.003125
0 0.7408536585365854 0.0515625 0.08536585365853659 0.0265625
0 0.1798780487804878 0.175 0.0701219512195122 0.0359375
0 0.039634146341463415 0.203125 0.039634146341463415 0.0328125
0 0.13719512195121952 0.3 0.08231707317073171 0.0109375
0 0.10060975609756098 0.3578125 0.07621951219512195 0.0234375
0 0.054878048780487805 0.3890625 0.06402439024390244 0.0265625
0 0.9375 0.58125 0.125 0.071875
0 0.7774390243902439 0.684375 0.15548780487804878 0.0796875
0 0.7103658536585366 0.2859375 0.027439024390243903 0.015625
0 0.8628048780487805 0.3765625 0.054878048780487805 0.0171875
0 0.5335365853658537 0.421875 0.039634146341463415 0.0171875
0 0.5213414634146342 0.4640625 0.06707317073170732 0.028125
0 0.5396341463414634 0.5640625 0.10670731707317073 0.040625
0 0.5304878048780488 0.571875 0.06707317073170732 0.0328125
0 0.6128048780487805 0.578125 0.042682926829268296 0.025
0 0.4451219512195122 0.5703125 0.054878048780487805 0.028125
0 0.36585365853658536 0.6015625 0.03353658536585366 0.0171875
0 0.25 0.590625 0.09451219512195122 0.021875
0 0.31402439024390244 0.6265625 0.051829268292682924 0.01875
0 0.2652439024390244 0.675 0.08841463414634146 0.034375
0 0.09146341463414634 0.4890625 0.039634146341463415 0.021875
0 0.38109756097560976 0.63125 0.039634146341463415 0.01875
0 0.5030487804878049 0.6171875 0.057926829268292686 0.028125
0 0.5 0.646875 0.039634146341463415 0.0203125
0 0.29878048780487804 0.728125 0.0975609756097561 0.0421875
0 0.5640243902439024 0.0703125 0.08841463414634146 0.0421875
0 0.4146341463414634 0.11875 0.11890243902439024 0.046875
0 0.43597560975609756 0.1265625 0.07926829268292683 0.0296875
0 0.2682926829268293 0.1296875 0.06402439024390244 0.0421875
0 0.42073170731707316 0.296875 0.07317073170731707 0.0421875
0 0.3201219512195122 0.271875 0.04573170731707317 0.0421875
0 0.9908536585365854 0.146875 0.01524390243902439 0.0296875
0 0.9969512195121951 0.0765625 0.006097560975609756 0.0390625
0 0.9085365853658537 0.0171875 0.04878048780487805 0.0328125
0 0.4420731707317073 0.425 0.054878048780487805 0.0453125
0 0.2774390243902439 0.39375 0.039634146341463415 0.05
0 0.8353658536585366 0.0046875 0.051829268292682924 0.0078125
0 0.6524390243902439 0.5046875 0.0975609756097561 0.05
0 0.7042682926829268 0.5703125 0.07621951219512195 0.05625
0 0.10365853658536585 0.6890625 0.10670731707317073 0.05
0 0.6951219512195121 0.4140625 0.057926829268292686 0.0515625
0 0.6554878048780488 0.621875 0.054878048780487805 0.028125