0 0.023529411764705882 0.740625 0.04411764705882353 0.0625
0 0.8205882352941176 0.746875 0.15 0.059375
0 0.3764705882352941 0.8640625 0.1676470588235294 0.0421875
0 0.36176470588235293 0.5734375 0.09117647058823529 0.046875
0 0.37941176470588234 0.634375 0.09117647058823529 0.0359375
0 0.08529411764705883 0.553125 0.12941176470588237 0.053125
0 0.058823529411764705 0.653125 0.058823529411764705 0.0609375
0 0.08529411764705883 0.70625 0.07352941176470588 0.0546875
0 0.3382352941176471 0.8046875 0.10588235294117647 0.053125
0 0.45294117647058824 0.7484375 0.08529411764705883 0.03125
0 0.5441176470588235 0.7890625 0.07352941176470588 0.040625
0 0.6323529411764706 0.5859375 0.05 0.06875
0 0.7735294117647059 0.615625 0.06764705882352941 0.05
0 0.9588235294117647 0.484375 0.07647058823529412 0.0390625
0 0.041176470588235294 0.0421875 0.05 0.021875
0 0.1 0.0984375 0.05588235294117647 0.0375
0 0.2088235294117647 0.1703125 0.058823529411764705 0.021875
0 0.45588235294117646 0.1859375 0.1323529411764706 0.0640625
0 0.48823529411764705 0.115625 0.05588235294117647 0.059375
0 0.7411764705882353 0.0671875 0.05 0.021875
0 0.21470588235294116 0.015625 0.07352941176470588 0.0296875
0 0.3382352941176471 0.0078125 0.08235294117647059 0.0140625
0 0.2852941176470588 0.2296875 0.08529411764705883 0.028125
0 0.34705882352941175 0.2984375 0.11470588235294117 0.0390625
0 0.07058823529411765 0.478125 0.09705882352941177 0.0390625
0 0.24705882352941178 0.4265625 0.07941176470588235 0.0421875
0 0.34705882352941175 0.4609375 0.10882352941176471 0.0265625
0 0.4323529411764706 0.3921875 0.10882352941176471 0.0578125
0 0.27647058823529413 0.371875 0.06764705882352941 0.0296875
0 0.9029411764705882 0.9859375 0.11470588235294117 0.0265625
0 0.7176470588235294 0.9578125 0.08529411764705883 0.0546875