0 0.8865030674846626 0.359375 0.22699386503067484 0.2015625
0 0.15950920245398773 0.4203125 0.294478527607362 0.1078125
0 0.2852760736196319 0.1328125 0.147239263803681 0.08125
0 0.6687116564417178 0.128125 0.0705521472392638 0.05625
0 0.8404907975460123 0.190625 0.13496932515337423 0.046875
0 0.36809815950920244 0.1890625 0.23006134969325154 0.040625
0 0.4815950920245399 0.2359375 0.09815950920245399 0.034375
0 0.2361963190184049 0.6796875 0.1901840490797546 0.0875
0 0.08895705521472393 0.7546875 0.17484662576687116 0.096875
0 0.7530674846625767 0.98984375 0.4938650306748466 0.0171875
0 0.6319018404907976 0.8796875 0.15030674846625766 0.053125
0 0.24846625766871167 0.971875 0.24846625766871167 0.05625
0 0.9631901840490797 0.7234375 0.0736196319018405 0.0296875
0 0.9861963190184049 0.80078125 0.027607361963190184 0.0484375
0 0.39570552147239263 0.453125 0.16257668711656442 0.1046875
0 0.6717791411042945 0.5484375 0.05828220858895705 0.0359375
0 0.9800613496932515 0.57578125 0.03987730061349693 0.0265625
0 0.9570552147239264 0.0984375 0.08588957055214724 0.078125
0 0.009202453987730062 0.059375 0.018404907975460124 0.053125
0 0.7239263803680982 0.0265625 0.08282208588957055 0.0265625
0 0.754601226993865 0.0765625 0.12576687116564417 0.0515625
0 0.5276073619631901 0.1234375 0.13190184049079753 0.0484375
0 0.6073619631901841 0.171875 0.049079754601226995 0.0390625
0 0.5214723926380368 0.2953125 0.07975460122699386 0.0265625
0 0.5613496932515337 0.3421875 0.11349693251533742 0.040625
0 0.18098159509202455 0.2046875 0.1196319018404908 0.0640625
0 0.0705521472392638 0.215625 0.1411042944785276 0.0609375
0 0.17177914110429449 0.025 0.13190184049079753 0.0484375
0 0.7668711656441718 0.5140625 0.05214723926380368 0.04375
0 0.5950920245398773 0.6015625 0.06134969325153374 0.0625
0 0.8404907975460123 0.578125 0.05828220858895705 0.034375
0 0.7699386503067485 0.603125 0.05214723926380368 0.0265625
0 0.5858895705521472 0.3984375 0.05214723926380368 0.0296875
0 0.13190184049079753 0.2453125 0.06748466257668712 0.034375
0 0.7024539877300614 0.33125 0.08588957055214724 0.034375
0 0.7055214723926381 0.7703125 0.07668711656441718 0.0609375