0 0.4878048780487805 0.928125 0.0975609756097561 0.0734375
0 0.8628048780487805 0.8328125 0.0975609756097561 0.046875
0 0.5091463414634146 0.8140625 0.07317073170731707 0.0484375
0 0.6554878048780488 0.540625 0.11890243902439024 0.0421875
0 0.8079268292682927 0.5640625 0.10060975609756098 0.05625
0 0.8170731707317073 0.6140625 0.042682926829268296 0.0203125
0 0.8841463414634146 0.684375 0.08231707317073171 0.040625
0 0.027439024390243903 0.1765625 0.054878048780487805 0.0265625
0 0.3932926829268293 0.0421875 0.0701219512195122 0.0390625
0 0.03353658536585366 0.109375 0.06707317073170732 0.0265625
0 0.07621951219512195 0.6109375 0.11890243902439024 0.0640625
0 0.2865853658536585 0.50625 0.07926829268292683 0.0359375
0 0.1676829268292683 0.525 0.07621951219512195 0.046875
0 0.7225609756097561 0.346875 0.054878048780487805 0.0421875
0 0.7530487804878049 0.4140625 0.051829268292682924 0.034375
0 0.9664634146341463 0.125 0.06707317073170732 0.040625
0 0.7164634146341463 0.7421875 0.17682926829268292 0.0578125