0 0.0756578947368421 0.0765625 0.1513157894736842 0.153125
0 0.5328947368421053 0.4703125 0.5164473684210527 0.25625
0 0.9967105263157895 0.4578125 0.006578947368421052 0.2171875
0 0.41776315789473684 0.9046875 0.17434210526315788 0.06875
0 0.8585526315789473 0.8671875 0.13157894736842105 0.034375
0 0.26973684210526316 0.81875 0.10197368421052631 0.040625
0 0.29276315789473684 0.753125 0.15789473684210525 0.040625
0 0.875 0.665625 0.08552631578947369 0.053125
0 0.7796052631578947 0.7015625 0.06578947368421052 0.06875
0 0.5855263157894737 0.7921875 0.07894736842105263 0.0484375
0 0.8453947368421053 0.8296875 0.09210526315789473 0.04375
0 0.8881578947368421 0.5859375 0.10197368421052631 0.034375
0 0.881578947368421 0.528125 0.08223684210526316 0.0609375
0 0.03289473684210526 0.4875 0.0625 0.1375
0 0.06907894736842106 0.45 0.10526315789473684 0.0640625
0 0.28618421052631576 0.2515625 0.1118421052631579 0.0265625
0 0.7138157894736842 0.1515625 0.1513157894736842 0.040625
0 0.9572368421052632 0.065625 0.06578947368421052 0.084375
0 0.4243421052631579 0.6578125 0.12171052631578948 0.0296875
0 0.049342105263157895 0.69375 0.09539473684210527 0.0390625
0 0.10526315789473684 0.9234375 0.046052631578947366 0.028125
0 0.3256578947368421 0.003125 0.05263157894736842 0.0046875
0 0.3618421052631579 0.0203125 0.10197368421052631 0.0390625
0 0.4440789473684211 0.0515625 0.09210526315789473 0.0625
0 0.4276315789473684 0.00625 0.049342105263157895 0.0109375
0 0.5032894736842105 0.05625 0.07236842105263158 0.034375
0 0.41118421052631576 0.7203125 0.09210526315789473 0.034375
0 0.7532894736842105 0.9578125 0.22039473684210525 0.0640625
0 0.6546052631578947 0.88125 0.125 0.059375
0 0.7039473684210527 0.2546875 0.12171052631578948 0.10625
0 0.8519736842105263 0.21875 0.08881578947368421 0.0390625
0 0.23684210526315788 0.55625 0.11513157894736842 0.0515625