0 0.18597560975609756 0.95625 0.31402439024390244 0.0859375
0 0.3048780487804878 0.9578125 0.0975609756097561 0.040625
0 0.8841463414634146 0.9390625 0.20426829268292682 0.09375
0 0.6646341463414634 0.915625 0.10975609756097561 0.059375
0 0.7530487804878049 0.9953125 0.07317073170731707 0.009375
0 0.8841463414634146 0.734375 0.23170731707317074 0.15
0 0.698170731707317 0.8234375 0.11890243902439024 0.053125
0 0.8109756097560976 0.8515625 0.06402439024390244 0.0359375
0 0.2225609756097561 0.65 0.12195121951219512 0.06875
0 0.13414634146341464 0.7453125 0.003048780487804878 0.003125
0 0.19817073170731708 0.7765625 0.1798780487804878 0.1015625
0 0.4847560975609756 0.884375 0.11585365853658537 0.0859375
0 0.5579268292682927 0.3359375 0.10975609756097561 0.0671875
0 0.8567073170731707 0.425 0.10975609756097561 0.0609375
0 0.4024390243902439 0.1328125 0.15853658536585366 0.0296875
0 0.9054878048780488 0.1171875 0.18902439024390244 0.0875
0 0.5609756097560976 0.1609375 0.11585365853658537 0.0375
0 0.6432926829268293 0.15625 0.10670731707317073 0.0484375
0 0.22865853658536586 0.0890625 0.08841463414634146 0.0390625
0 0.03048780487804878 0.575 0.057926829268292686 0.096875