0 0.06930693069306931 0.3609375 0.1353135313531353 0.09375
0 0.5082508250825083 0.7484375 0.1188118811881188 0.0734375
0 0.5511551155115512 0.878125 0.1254125412541254 0.0828125
0 0.8613861386138614 0.9671875 0.06930693069306931 0.065625
0 0.8052805280528053 0.5578125 0.09900990099009901 0.0453125
0 0.6468646864686468 0.6 0.0891089108910891 0.028125
0 0.7821782178217822 0.6625 0.1254125412541254 0.053125
0 0.09570957095709572 0.0234375 0.10891089108910891 0.0453125
0 0.26732673267326734 0.0609375 0.1254125412541254 0.0625
0 0.36303630363036304 0.1203125 0.11221122112211221 0.05625
0 0.46864686468646866 0.0671875 0.0924092409240924 0.0546875
0 0.264026402640264 0.4078125 0.06930693069306931 0.0328125
0 0.5742574257425742 0.3 0.09900990099009901 0.046875
0 0.9075907590759076 0.271875 0.06930693069306931 0.0421875
0 0.9125412541254125 0.44609375 0.17491749174917492 0.0859375
0 0.46864686468646866 0.5546875 0.0924092409240924 0.0515625
0 0.5445544554455446 0.55625 0.07590759075907591 0.0390625
0 0.49174917491749176 0.6546875 0.16831683168316833 0.04375
0 0.5148514851485149 0.446875 0.1254125412541254 0.06875
0 0.39603960396039606 0.415625 0.10891089108910891 0.034375
0 0.8118811881188119 0.875 0.16501650165016502 0.0609375
0 0.7557755775577558 0.8421875 0.07590759075907591 0.034375
0 0.8679867986798679 0.85625 0.0858085808580858 0.0375
0 0.6303630363036303 0.7203125 0.08250825082508251 0.0453125
0 0.9653465346534653 0.71640625 0.06930693069306931 0.0390625
0 0.9587458745874587 0.58984375 0.08250825082508251 0.1203125
0 0.9372937293729373 0.584375 0.09900990099009901 0.04375
0 0.7788778877887789 0.5953125 0.07260726072607261 0.03125
0 0.8646864686468647 0.6046875 0.09570957095709572 0.0390625
0 0.8712871287128713 0.653125 0.0231023102310231 0.0296875
0 0.9075907590759076 0.6875 0.052805280528052806 0.0515625
0 0.7425742574257426 0.709375 0.07920792079207921 0.025
0 0.7458745874587459 0.75 0.06930693069306931 0.034375
0 0.5577557755775577 0.796875 0.1485148514851485 0.03125
0 0.7194719471947195 0.8 0.06930693069306931 0.034375
0 0.5907590759075908 0.9296875 0.10231023102310231 0.05
0 0.7722772277227723 0.9171875 0.10561056105610561 0.0609375