0 0.13864306784660768 0.9234375 0.27728613569321536 0.1515625
0 0.07669616519174041 0.6859375 0.1504424778761062 0.0921875
0 0.05309734513274336 0.5375 0.10619469026548672 0.06875
0 0.6873156342182891 0.8015625 0.1504424778761062 0.09375
0 0.7197640117994101 0.159375 0.19469026548672566 0.1265625
0 0.9174041297935103 0.4375 0.11209439528023599 0.0609375
0 0.08849557522123894 0.15625 0.08259587020648967 0.0328125
0 0.30383480825958703 0.2546875 0.0471976401179941 0.028125
0 0.36578171091445427 0.259375 0.05309734513274336 0.0390625
0 0.9410029498525073 0.25 0.11209439528023599 0.0578125
0 0.6666666666666666 0.4109375 0.0943952802359882 0.0390625
0 0.017699115044247787 0.3984375 0.032448377581120944 0.0375
0 0.23303834808259588 0.55 0.10914454277286136 0.0484375
0 0.02359882005899705 0.7953125 0.0471976401179941 0.0359375
0 0.775811209439528 0.9671875 0.06784660766961652 0.0453125
0 0.41002949852507375 0.4078125 0.09734513274336283 0.053125
0 0.6755162241887905 0.575 0.061946902654867256 0.0234375
0 0.41297935103244837 0.928125 0.07079646017699115 0.046875
0 0.5221238938053098 0.9828125 0.06489675516224189 0.034375
0 0.8259587020648967 0.8484375 0.0855457227138643 0.065625
0 0.6342182890855457 0.7203125 0.04424778761061947 0.03125
0 0.7050147492625368 0.665625 0.13274336283185842 0.046875
0 0.30973451327433627 0.6875 0.07079646017699115 0.0375
0 0.2831858407079646 0.734375 0.04424778761061947 0.028125
0 0.336283185840708 0.7359375 0.05014749262536873 0.0375
0 0.3215339233038348 0.7890625 0.05604719764011799 0.0484375
0 0.4218289085545723 0.7796875 0.06784660766961652 0.034375
0 0.3333333333333333 0.8046875 0.058997050147492625 0.0359375
0 0.12389380530973451 0.7453125 0.07669616519174041 0.046875
0 0.18289085545722714 0.8078125 0.058997050147492625 0.021875
0 0.11799410029498525 0.6203125 0.07964601769911504 0.0421875
0 0.46607669616519176 0.1703125 0.0943952802359882 0.0484375
0 0.551622418879056 0.2859375 0.058997050147492625 0.0375
0 0.6224188790560472 0.3609375 0.05604719764011799 0.028125
0 0.7315634218289085 0.3875 0.07669616519174041 0.0296875
0 0.415929203539823 0.0671875 0.0855457227138643 0.0578125
0 0.4306784660766962 0.1 0.06784660766961652 0.0453125
0 0.5162241887905604 0.0140625 0.06489675516224189 0.0265625
0 0.56047197640118 0.0546875 0.07669616519174041 0.0359375
0 0.21238938053097345 0.028125 0.11799410029498525 0.0546875