0 0.21710526315789475 0.9140625 0.4342105263157895 0.1703125
0 0.15460526315789475 0.1046875 0.3092105263157895 0.1578125
0 0.33881578947368424 0.5 0.2532894736842105 0.1390625
0 0.7927631578947368 0.371875 0.3256578947368421 0.1203125
0 0.5822368421052632 0.025 0.3026315789473684 0.0484375
0 0.4144736842105263 0.171875 0.19078947368421054 0.059375
0 0.9819078947368421 0.08359375 0.03618421052631579 0.1203125
0 0.08552631578947369 0.6328125 0.16776315789473684 0.0578125
0 0.15789473684210525 0.759375 0.08223684210526316 0.071875
0 0.4309210526315789 0.1046875 0.10526315789473684 0.04375
0 0.805921052631579 0.090625 0.0756578947368421 0.0453125
0 0.9210526315789473 0.9703125 0.12828947368421054 0.0546875
0 0.5296052631578947 0.9875 0.13815789473684212 0.0234375
0 0.009868421052631578 0.321875 0.01644736842105263 0.0328125
0 0.14144736842105263 0.2859375 0.06578947368421052 0.025
0 0.26644736842105265 0.3359375 0.049342105263157895 0.034375
0 0.15789473684210525 0.3453125 0.09868421052631579 0.046875
0 0.05592105263157895 0.396875 0.08223684210526316 0.0421875
0 0.5822368421052632 0.515625 0.18421052631578946 0.065625
0 0.3980263157894737 0.4234375 0.08881578947368421 0.059375
0 0.618421052631579 0.2765625 0.08881578947368421 0.034375
0 0.5789473684210527 0.1890625 0.1513157894736842 0.04375
0 0.8782894736842105 0.16875 0.08223684210526316 0.0359375
0 0.7203947368421053 0.1109375 0.07894736842105263 0.0328125
0 0.03289473684210526 0.715625 0.0625 0.0359375
0 0.6381578947368421 0.915625 0.13815789473684212 0.0265625
0 0.25 0.6453125 0.10197368421052631 0.0375
0 0.7072368421052632 0.753125 0.08881578947368421 0.0515625
0 0.9226973684210527 0.825 0.15460526315789475 0.04375
0 0.8980263157894737 0.875 0.09868421052631579 0.0421875
0 0.506578947368421 0.878125 0.05263157894736842 0.03125
0 0.5032894736842105 0.5515625 0.125 0.075
0 0.35526315789473684 0.6328125 0.08552631578947369 0.0703125
0 0.3092105263157895 0.6984375 0.10855263157894737 0.0515625