0 0.754601226993865 0.246875 0.22699386503067484 0.0890625
0 0.6319018404907976 0.3390625 0.2147239263803681 0.10625
0 0.2822085889570552 0.18125 0.20552147239263804 0.0765625
0 0.1411042944785276 0.35625 0.08588957055214724 0.0359375
0 0.12576687116564417 0.7125 0.07975460122699386 0.046875
0 0.009202453987730062 0.8078125 0.015337423312883436 0.0515625
0 0.10429447852760736 0.9015625 0.1901840490797546 0.05625
0 0.7883435582822086 0.075 0.18404907975460122 0.0625
0 0.7085889570552147 0.09375 0.08588957055214724 0.0453125
0 0.24846625766871167 0.71875 0.12269938650306748 0.05625
0 0.9432515337423313 0.0328125 0.11349693251533742 0.053125
0 0.04294478527607362 0.55 0.08588957055214724 0.0625
0 0.9708588957055214 0.2765625 0.05828220858895705 0.034375
0 0.3220858895705521 0.4421875 0.12269938650306748 0.06875
0 0.549079754601227 0.4890625 0.10736196319018405 0.04375
0 0.3128834355828221 0.6484375 0.15030674846625766 0.0734375
0 0.4754601226993865 0.0828125 0.13803680981595093 0.0390625
0 0.34355828220858897 0.046875 0.15337423312883436 0.065625
0 0.5460122699386503 0.025 0.06748466257668712 0.05
0 0.3558282208588957 0.940625 0.08588957055214724 0.0546875
0 0.50920245398773 0.8890625 0.12576687116564417 0.0609375
0 0.4815950920245399 0.9734375 0.0705521472392638 0.0390625
0 0.6012269938650306 0.6953125 0.13803680981595093 0.09375
0 0.46932515337423314 0.7359375 0.05521472392638037 0.0421875
0 0.4171779141104294 0.778125 0.11042944785276074 0.0703125
0 0.6932515337423313 0.5859375 0.05214723926380368 0.0515625
0 0.9800613496932515 0.62421875 0.03987730061349693 0.0578125
0 0.8404907975460123 0.821875 0.11042944785276074 0.0609375
0 0.9233128834355828 0.8578125 0.11042944785276074 0.0625
0 0.22392638036809817 0.8640625 0.17791411042944785 0.0796875
0 0.294478527607362 0.8703125 0.0705521472392638 0.0578125
0 0.401840490797546 0.8359375 0.05521472392638037 0.0375
0 0.03680981595092025 0.996875 0.0736196319018405 0.00625
0 0.25766871165644173 0.959375 0.07975460122699386 0.0546875
0 0.20245398773006135 0.990625 0.10736196319018405 0.0171875