0 0.05521472392638037 0.7515625 0.11042944785276074 0.0984375
0 0.6226993865030674 0.7484375 0.1901840490797546 0.15
0 0.7300613496932515 0.6078125 0.2361963190184049 0.09375
0 0.7024539877300614 0.45 0.1901840490797546 0.115625
0 0.147239263803681 0.628125 0.06748466257668712 0.0328125
0 0.24539877300613497 0.628125 0.10429447852760736 0.0375
0 0.2085889570552147 0.6890625 0.05828220858895705 0.021875
0 0.5061349693251533 0.63125 0.05214723926380368 0.04375
0 0.38650306748466257 0.6625 0.08895705521472393 0.040625
0 0.3159509202453988 0.7515625 0.0736196319018405 0.0265625
0 0.24233128834355827 0.7671875 0.05828220858895705 0.01875
0 0.2791411042944785 0.8109375 0.13190184049079753 0.0515625
0 0.7944785276073619 0.2015625 0.24846625766871167 0.075
0 0.8803680981595092 0.4640625 0.2392638036809816 0.390625
0 0.558282208588957 0.3515625 0.09815950920245399 0.05
0 0.2331288343558282 0.340625 0.13803680981595093 0.0421875
0 0.4785276073619632 0.4984375 0.05828220858895705 0.046875
0 0.20552147239263804 0.54375 0.05521472392638037 0.0484375
0 0.05828220858895705 0.9453125 0.11349693251533742 0.0546875
0 0.02147239263803681 0.9875 0.03987730061349693 0.025
0 0.450920245398773 0.821875 0.08282208588957055 0.046875
0 0.5828220858895705 0.8890625 0.06134969325153374 0.0328125
0 0.9478527607361963 0.8171875 0.10429447852760736 0.059375
0 0.9493865030674846 0.93125 0.10122699386503067 0.1375
0 0.8404907975460123 0.9359375 0.04294478527607362 0.034375
0 0.3496932515337423 0.04375 0.17791411042944785 0.0546875
0 0.450920245398773 0.0234375 0.08282208588957055 0.046875
0 0.5398773006134969 0.1375 0.05521472392638037 0.021875
0 0.7822085889570553 0.084375 0.0950920245398773 0.05625
0 0.5920245398773006 0.16875 0.03987730061349693 0.015625
0 0.46932515337423314 0.1859375 0.0705521472392638 0.0359375
0 0.3128834355828221 0.1265625 0.05828220858895705 0.0375
0 0.24233128834355827 0.1234375 0.03987730061349693 0.0171875
0 0.003067484662576687 0.0984375 0.006134969325153374 0.015625
0 0.11042944785276074 0.43125 0.04294478527607362 0.03125
0 0.3619631901840491 0.41875 0.049079754601226995 0.021875
0 0.3159509202453988 0.4859375 0.046012269938650305 0.0203125
0 0.003067484662576687 0.490625 0.003067484662576687 0.0171875
0 0.17791411042944785 0.45 0.018404907975460124 0.009375
0 0.15337423312883436 0.428125 0.03374233128834356 0.0203125
0 0.11042944785276074 0.4609375 0.03067484662576687 0.015625
0 0.08282208588957055 0.6265625 0.05214723926380368 0.034375
0 0.09815950920245399 0.671875 0.046012269938650305 0.021875
0 0.05214723926380368 0.9171875 0.04294478527607362 0.0328125
0 0.3558282208588957 0.9546875 0.08895705521472393 0.0296875
0 0.26993865030674846 0.975 0.05828220858895705 0.0296875
0 0.39263803680981596 0.9125 0.07668711656441718 0.0296875
0 0.5920245398773006 0.928125 0.03987730061349693 0.0234375
0 0.5828220858895705 0.9578125 0.05828220858895705 0.0171875
0 0.294478527607362 0.8984375 0.03987730061349693 0.021875
0 0.2361963190184049 0.8796875 0.04294478527607362 0.0203125
0 0.18711656441717792 0.890625 0.0736196319018405 0.0296875
0 0.12576687116564417 0.9078125 0.04294478527607362 0.021875
0 0.1411042944785276 0.9453125 0.04294478527607362 0.021875
0 0.15337423312883436 0.98125 0.05828220858895705 0.0296875
0 0.0705521472392638 0.0515625 0.09202453987730061 0.0453125
0 0.5153374233128835 0.425 0.05828220858895705 0.0375
0 0.8374233128834356 0.43125 0.12883435582822086 0.0890625
0 0.8466257668711656 0.1578125 0.0736196319018405 0.04375
0 0.06134969325153374 0.203125 0.08282208588957055 0.03125
0 0.22699386503067484 0.2578125 0.0736196319018405 0.0546875
0 0.12576687116564417 0.325 0.049079754601226995 0.0234375