0 0.7530674846625767 0.06015625 0.4938650306748466 0.1203125
0 0.2883435582822086 0.028125 0.10736196319018405 0.0421875
0 0.32515337423312884 0.084375 0.08282208588957055 0.0359375
0 0.03680981595092025 0.1515625 0.0705521472392638 0.0703125
0 0.22699386503067484 0.5171875 0.25766871165644173 0.1671875
0 0.9769938650306749 0.32421875 0.046012269938650305 0.1421875
0 0.696319018404908 0.2265625 0.3374233128834356 0.1453125
0 0.906441717791411 0.59140625 0.18711656441717792 0.1484375
0 0.7699386503067485 0.45 0.11042944785276074 0.0609375
0 0.0950920245398773 0.3796875 0.0705521472392638 0.05
0 0.08282208588957055 0.2359375 0.1196319018404908 0.0828125
0 0.9923312883435583 0.7703125 0.015337423312883436 0.05625
0 0.17484662576687116 0.7203125 0.0705521472392638 0.034375
0 0.6319018404907976 0.8515625 0.09815950920245399 0.0375
0 0.9984662576687117 0.96796875 0.003067484662576687 0.0421875
0 0.32515337423312884 0.721875 0.08588957055214724 0.0515625
0 0.4938650306748466 0.990625 0.10429447852760736 0.01875
0 0.995398773006135 0.14375 0.009202453987730062 0.04375
0 0.6595092024539877 0.61875 0.13803680981595093 0.0421875
0 0.02147239263803681 0.9390625 0.04294478527607362 0.0703125
0 0.9478527607361963 0.9109375 0.06748466257668712 0.03125