0 0.5032894736842105 0.0328125 0.16776315789473684 0.0640625
0 0.8717105263157895 0.5046875 0.2565789473684211 0.075
0 0.7039473684210527 0.3890625 0.20723684210526316 0.071875
0 0.5197368421052632 0.6078125 0.2993421052631579 0.1140625
0 0.3190789473684211 0.8046875 0.46710526315789475 0.2078125
0 0.1875 0.428125 0.1875 0.0484375
0 0.7006578947368421 0.140625 0.16447368421052633 0.075
0 0.5855263157894737 0.25 0.21052631578947367 0.08125
0 0.8322368421052632 0.2015625 0.14473684210526316 0.0421875
0 0.8618421052631579 0.2859375 0.11842105263157894 0.0640625
0 0.993421052631579 0.2578125 0.013157894736842105 0.0671875
0 0.0625 0.0015625 0.125 0.0015625
0 0.3782894736842105 0.134375 0.2138157894736842 0.1109375
0 0.7828947368421053 0.065625 0.12828947368421054 0.05625
0 0.01644736842105263 0.3828125 0.03289473684210526 0.046875
0 0.11842105263157894 0.38125 0.1118421052631579 0.0296875
0 0.48026315789473684 0.475 0.07894736842105263 0.0515625
0 0.6052631578947368 0.4953125 0.1513157894736842 0.05
0 0.8092105263157895 0.71875 0.10855263157894737 0.040625
0 0.05263157894736842 0.4875 0.10526315789473684 0.075
0 0.019736842105263157 0.0109375 0.039473684210526314 0.021875
0 0.1875 0.1484375 0.08552631578947369 0.04375
0 0.1118421052631579 0.1453125 0.08223684210526316 0.0296875
0 0.5197368421052632 0.378125 0.14144736842105263 0.0765625
0 0.3256578947368421 0.225 0.07236842105263158 0.021875
0 0.39473684210526316 0.31875 0.049342105263157895 0.01875
0 0.04276315789473684 0.234375 0.08552631578947369 0.0375
0 0.0756578947368421 0.2640625 0.05263157894736842 0.0265625
0 0.029605263157894735 0.6171875 0.05921052631578947 0.0296875
0 0.019736842105263157 0.678125 0.039473684210526314 0.0390625
0 0.05921052631578947 0.653125 0.05592105263157895 0.021875
0 0.13815789473684212 0.6421875 0.049342105263157895 0.0359375