0 0.7975460122699386 0.24375 0.2392638036809816 0.1
0 0.9969325153374233 0.046875 0.006134969325153374 0.0671875
0 0.7085889570552147 0.040625 0.2085889570552147 0.0796875
0 0.10429447852760736 0.34375 0.2085889570552147 0.1
0 0.6012269938650306 0.51875 0.19938650306748465 0.134375
0 0.32515337423312884 0.290625 0.12576687116564417 0.0890625
0 0.7576687116564417 0.415625 0.10736196319018405 0.0578125
0 0.656441717791411 0.1734375 0.08895705521472393 0.0296875
0 0.38650306748466257 0.1140625 0.07668711656441718 0.04375
0 0.23006134969325154 0.2140625 0.05214723926380368 0.0375
0 0.3558282208588957 0.4859375 0.11349693251533742 0.0453125
0 0.39570552147239263 0.8390625 0.1165644171779141 0.0578125
0 0.4294478527607362 0.3359375 0.07975460122699386 0.0265625
0 0.6319018404907976 0.84375 0.08588957055214724 0.040625
0 0.7852760736196319 0.98125 0.0950920245398773 0.0359375
0 0.7699386503067485 0.7125 0.09815950920245399 0.034375
0 0.9923312883435583 0.940625 0.015337423312883436 0.05
0 0.31901840490797545 0.721875 0.09815950920245399 0.034375
0 0.8251533742331288 0.6640625 0.10122699386503067 0.0375
0 0.9616564417177914 0.6609375 0.07668711656441718 0.125
0 0.7300613496932515 0.3234375 0.06441717791411043 0.028125
0 0.9831288343558282 0.17890625 0.03374233128834356 0.0328125
0 0.34049079754601225 0.409375 0.09815950920245399 0.0296875
0 0.5061349693251533 0.4203125 0.08588957055214724 0.0546875
0 0.08282208588957055 0.2109375 0.09815950920245399 0.0234375
0 0.2883435582822086 0.05625 0.04294478527607362 0.01875
0 0.3987730061349693 0.046875 0.05828220858895705 0.0203125
0 0.5 0.0734375 0.03374233128834356 0.025
0 0.5030674846625767 0.1546875 0.04294478527607362 0.0125
0 0.9325153374233128 0.0171875 0.04294478527607362 0.0125
0 0.18404907975460122 0.053125 0.02147239263803681 0.0140625
0 0.13190184049079753 0.10625 0.027607361963190184 0.021875
0 0.1441717791411043 0.153125 0.03987730061349693 0.015625
0 0.21779141104294478 0.1625 0.04294478527607362 0.0171875
0 0.656441717791411 0.3234375 0.04294478527607362 0.0234375
0 0.5920245398773006 0.321875 0.04294478527607362 0.021875
0 0.5521472392638037 0.334375 0.027607361963190184 0.0125
0 0.9693251533742331 0.26875 0.027607361963190184 0.021875
0 0.9662576687116564 0.2375 0.03680981595092025 0.0203125
0 0.6840490797546013 0.6 0.07668711656441718 0.03125
0 0.3619631901840491 0.7765625 0.06748466257668712 0.021875
0 0.49693251533742333 0.784375 0.04294478527607362 0.015625
0 0.5061349693251533 0.6578125 0.046012269938650305 0.0203125
0 0.7392638036809815 0.753125 0.03987730061349693 0.021875
0 0.9601226993865031 0.8234375 0.06134969325153374 0.0375
0 0.9754601226993865 0.8625 0.046012269938650305 0.0203125
0 0.9723926380368099 0.0859375 0.049079754601226995 0.0234375
0 0.9049079754601227 0.1875 0.05521472392638037 0.0140625
0 0.8128834355828221 0.4625 0.08588957055214724 0.0234375
0 0.7484662576687117 0.490625 0.03987730061349693 0.021875
0 0.3834355828220859 0.54375 0.06748466257668712 0.03125
0 0.4447852760736196 0.5734375 0.046012269938650305 0.0140625
0 0.46932515337423314 0.603125 0.03680981595092025 0.0203125
0 0.3588957055214724 0.6546875 0.05521472392638037 0.021875
0 0.4938650306748466 0.934375 0.05214723926380368 0.0359375
0 0.6042944785276073 0.9296875 0.05521472392638037 0.0265625
0 0.6042944785276073 0.9640625 0.05521472392638037 0.025
0 0.2331288343558282 0.4 0.0705521472392638 0.04375
0 0.2883435582822086 0.525 0.0705521472392638 0.040625
0 0.1687116564417178 0.890625 0.05521472392638037 0.0359375
0 0.3128834355828221 0.9609375 0.05521472392638037 0.0234375
0 0.027607361963190184 0.7234375 0.05521472392638037 0.0671875
0 0.19325153374233128 0.7109375 0.06748466257668712 0.03125
0 0.9355828220858896 0.3515625 0.08282208588957055 0.0359375
0 0.3343558282208589 0.2203125 0.08588957055214724 0.0546875
0 0.8128834355828221 0.915625 0.05214723926380368 0.0390625
0 0.8957055214723927 0.878125 0.08282208588957055 0.0390625