0 0.7817109144542773 0.1171875 0.12684365781710916 0.040625
0 0.4247787610619469 0.46875 0.13569321533923304 0.178125
0 0.528023598820059 0.8546875 0.13274336283185842 0.053125
0 0.1976401179941003 0.2375 0.12684365781710916 0.05625
0 0.15339233038348082 0.70625 0.06784660766961652 0.0296875
0 0.28023598820059 0.634375 0.038348082595870206 0.0328125
0 0.8436578171091446 0.846875 0.11504424778761062 0.0328125
0 0.4365781710914454 0.996875 0.07079646017699115 0.0046875
0 0.9144542772861357 0.025 0.11504424778761062 0.0484375
0 0.6135693215339233 0.4375 0.08259587020648967 0.0484375
0 0.8672566371681416 0.2578125 0.05604719764011799 0.046875
0 0.7522123893805309 0.2390625 0.07079646017699115 0.0453125
0 0.9808259587020649 0.175 0.038348082595870206 0.034375