0 0.02631578947368421 0.0765625 0.049342105263157895 0.1515625
0 0.6381578947368421 0.5109375 0.5986842105263158 0.309375
0 0.049342105263157895 0.4953125 0.09539473684210527 0.1953125
0 0.4342105263157895 0.9640625 0.19078947368421054 0.0703125
0 0.7335526315789473 0.10625 0.14473684210526316 0.0578125
0 0.039473684210526314 0.9765625 0.07894736842105263 0.046875
0 0.3026315789473684 0.98125 0.049342105263157895 0.034375
0 0.019736842105263157 0.734375 0.039473684210526314 0.0421875
0 0.15789473684210525 0.89375 0.19407894736842105 0.0828125
0 0.9473684210526315 0.796875 0.07894736842105263 0.040625
0 0.8980263157894737 0.9015625 0.13157894736842105 0.06875
0 0.9407894736842105 0.603125 0.09539473684210527 0.0703125
0 0.9555921052631579 0.70625 0.08881578947368421 0.059375
0 0.6052631578947368 0.8328125 0.0756578947368421 0.05
0 0.2598684210526316 0.7859375 0.12828947368421054 0.05
0 0.19736842105263158 0.8265625 0.0756578947368421 0.0515625
0 0.23355263157894737 0.40625 0.125 0.0453125
0 0.9654605263157895 0.0296875 0.06907894736842106 0.059375
0 0.45394736842105265 0.0203125 0.03618421052631579 0.0390625
0 0.3059210526315789 0.2234375 0.08881578947368421 0.028125
0 0.4407894736842105 0.2796875 0.07236842105263158 0.0203125
0 0.7763157894736842 0.2109375 0.06907894736842106 0.025
0 0.8519736842105263 0.2375 0.14802631578947367 0.06875
0 0.7072368421052632 0.1515625 0.03618421052631579 0.0140625
0 0.8157894736842105 0.16875 0.08552631578947369 0.0359375
0 0.9013157894736842 0.19375 0.06578947368421052 0.0171875
0 0.6019736842105263 0.1625 0.11842105263157894 0.046875
0 0.3092105263157895 0.0921875 0.05263157894736842 0.03125
0 0.41776315789473684 0.134375 0.08881578947368421 0.04375
0 0.10197368421052631 0.1640625 0.049342105263157895 0.0171875
0 0.24671052631578946 0.1484375 0.08223684210526316 0.0359375
0 0.22697368421052633 0.215625 0.08223684210526316 0.0296875
0 0.11842105263157894 0.24375 0.09210526315789473 0.0375
0 0.11842105263157894 0.29375 0.09210526315789473 0.0515625
0 0.013157894736842105 0.3421875 0.023026315789473683 0.021875
0 0.7796052631578947 0.7203125 0.06907894736842106 0.0390625
0 0.819078947368421 0.7453125 0.05921052631578947 0.0296875
0 0.7993421052631579 0.775 0.08881578947368421 0.046875
0 0.7730263157894737 0.8046875 0.08881578947368421 0.034375
0 0.6644736842105263 0.7640625 0.14473684210526316 0.04375
0 0.3980263157894737 0.6890625 0.06578947368421052 0.040625
0 0.40131578947368424 0.7546875 0.05263157894736842 0.0296875
0 0.3980263157894737 0.78125 0.06578947368421052 0.0296875
0 0.5032894736842105 0.7625 0.05263157894736842 0.0171875
0 0.6546052631578947 0.81875 0.03618421052631579 0.0328125
0 0.22697368421052633 0.5796875 0.05921052631578947 0.028125
0 0.7203947368421053 0.9765625 0.10855263157894737 0.0453125
0 0.6973684210526315 0.9328125 0.13815789473684212 0.0265625
0 0.8618421052631579 0.8484375 0.10526315789473684 0.034375
0 0.8256578947368421 0.8796875 0.13157894736842105 0.0453125
0 0.3125 0.915625 0.1611842105263158 0.0421875
0 0.20065789473684212 0.703125 0.23026315789473684 0.103125
0 0.04276315789473684 0.7015625 0.08223684210526316 0.0296875
0 0.2138157894736842 0.6203125 0.06578947368421052 0.0265625
0 0.9276315789473685 0.5 0.125 0.0453125
0 0.9210526315789473 0.55625 0.11842105263157894 0.0578125
0 0.9144736842105263 0.4015625 0.10197368421052631 0.040625
0 0.6217105263157895 0.2671875 0.046052631578947366 0.046875
0 0.7072368421052632 0.315625 0.10526315789473684 0.025
0 0.1875 0.3296875 0.07894736842105263 0.046875
0 0.019736842105263157 0.446875 0.039473684210526314 0.046875
0 0.05592105263157895 0.978125 0.08881578947368421 0.0421875
0 0.14473684210526316 0.9828125 0.06907894736842106 0.0328125