0 0.2607361963190184 0.8734375 0.10736196319018405 0.059375
0 0.015337423312883436 0.7328125 0.03067484662576687 0.021875
0 0.31901840490797545 0.534375 0.0705521472392638 0.0453125
0 0.8773006134969326 0.41875 0.0950920245398773 0.046875
0 0.9800613496932515 0.5015625 0.03987730061349693 0.0375
0 0.9877300613496932 0.61875 0.024539877300613498 0.01875
0 0.7239263803680982 0.621875 0.024539877300613498 0.01875
0 0.03067484662576687 0.0203125 0.06134969325153374 0.0375
0 0.254601226993865 0.003125 0.08895705521472393 0.00625
0 0.44785276073619634 0.00625 0.046012269938650305 0.0125
0 0.6134969325153374 0.09375 0.05828220858895705 0.0296875
0 0.29141104294478526 0.1359375 0.0950920245398773 0.0375
0 0.018404907975460124 0.121875 0.03680981595092025 0.040625
0 0.13496932515337423 0.08125 0.07975460122699386 0.0578125
0 0.1196319018404908 0.8765625 0.09202453987730061 0.05625