0 0.5 0.0109375 0.1875 0.021875
0 0.8832236842105263 0.5125 0.23355263157894737 0.084375
0 0.7236842105263158 0.3828125 0.23026315789473684 0.0796875
0 0.5164473684210527 0.6265625 0.33223684210526316 0.128125
0 0.29605263157894735 0.8453125 0.5197368421052632 0.23125
0 0.14473684210526316 0.4265625 0.20723684210526316 0.053125
0 0.7203947368421053 0.10625 0.18092105263157895 0.084375
0 0.5921052631578947 0.228125 0.23355263157894737 0.090625
0 0.8651315789473685 0.175 0.1611842105263158 0.046875
0 0.8980263157894737 0.2671875 0.13157894736842105 0.0703125
0 0.3618421052631579 0.0984375 0.23684210526315788 0.1234375
0 0.8092105263157895 0.0265625 0.14473684210526316 0.053125
0 0.07236842105263158 0.3734375 0.125 0.0328125
0 0.47368421052631576 0.4796875 0.08881578947368421 0.0578125
0 0.6151315789473685 0.5015625 0.16776315789473684 0.05625
0 0.8421052631578947 0.75 0.12171052631578948 0.0453125
0 0.029605263157894735 0.49375 0.05592105263157895 0.084375
0 0.14473684210526316 0.115625 0.09539473684210527 0.05
0 0.0625 0.1109375 0.08881578947368421 0.034375
0 0.5197368421052632 0.3703125 0.15789473684210525 0.0859375
0 0.2993421052631579 0.2 0.08223684210526316 0.025
0 0.3815789473684211 0.30625 0.05592105263157895 0.0203125
0 0.019736842105263157 0.2109375 0.03618421052631579 0.0421875
0 0.02631578947368421 0.24375 0.05263157894736842 0.0296875
0 0.019736842105263157 0.6765625 0.03618421052631579 0.025
0 0.09210526315789473 0.6640625 0.05263157894736842 0.040625