0 0.2147239263803681 0.6 0.10429447852760736 0.05
0 0.5153374233128835 0.73125 0.09815950920245399 0.046875
0 0.8343558282208589 0.1828125 0.09815950920245399 0.0734375
0 0.6625766871165644 0.35 0.05214723926380368 0.071875
0 0.10736196319018405 0.8640625 0.13496932515337423 0.071875
0 0.5797546012269938 0.45625 0.06441717791411043 0.0390625
0 0.03374233128834356 0.0625 0.06748466257668712 0.04375
0 0.25766871165644173 0.1296875 0.08282208588957055 0.04375
0 0.24233128834355827 0.25 0.0950920245398773 0.021875
0 0.40797546012269936 0.26875 0.0705521472392638 0.04375
0 0.5337423312883436 0.26875 0.046012269938650305 0.040625
0 0.7147239263803681 0.5515625 0.08895705521472393 0.04375
0 0.7883435582822086 0.603125 0.06134969325153374 0.028125
0 0.8680981595092024 0.565625 0.05828220858895705 0.0375
0 0.9386503067484663 0.5859375 0.05521472392638037 0.0296875
0 0.5828220858895705 0.89375 0.08282208588957055 0.0421875
0 0.6503067484662577 0.8640625 0.09815950920245399 0.04375
0 0.6717791411042945 0.025 0.147239263803681 0.0484375
0 0.9708588957055214 0.82421875 0.05828220858895705 0.0453125