0 0.1411764705882353 0.8984375 0.27941176470588236 0.1546875
0 0.07941176470588235 0.6640625 0.15588235294117647 0.0890625
0 0.058823529411764705 0.5203125 0.11470588235294117 0.065625
0 0.6735294117647059 0.775 0.14411764705882352 0.0890625
0 0.7029411764705882 0.15625 0.18529411764705883 0.121875
0 0.8941176470588236 0.425 0.10588235294117647 0.059375
0 0.17058823529411765 0.9953125 0.18529411764705883 0.009375
0 0.09705882352941177 0.153125 0.07941176470588235 0.03125
0 0.3058823529411765 0.2484375 0.047058823529411764 0.0265625
0 0.36470588235294116 0.253125 0.05 0.0375
0 0.9176470588235294 0.24375 0.10588235294117647 0.0546875
0 0.6529411764705882 0.3984375 0.09117647058823529 0.0375
0 0.023529411764705882 0.3875 0.04411764705882353 0.0359375
0 0.23823529411764705 0.5328125 0.10294117647058823 0.046875
0 0.0029411764705882353 0.6140625 0.0029411764705882353 0.0359375
0 0.029411764705882353 0.76875 0.058823529411764705 0.0359375
0 0.7558823529411764 0.934375 0.06764705882352941 0.04375
0 0.40588235294117647 0.3953125 0.09411764705882353 0.0515625
0 0.6617647058823529 0.55625 0.058823529411764705 0.0234375
0 0.7970588235294118 0.9890625 0.06764705882352941 0.0203125
0 0.9 0.9875 0.07058823529411765 0.025
0 0.4088235294117647 0.896875 0.06764705882352941 0.04375
0 0.5147058823529411 0.953125 0.06470588235294118 0.040625
0 0.6941176470588235 0.984375 0.05588235294117647 0.0203125
0 0.8058823529411765 0.8203125 0.08235294117647059 0.0625
0 0.6235294117647059 0.696875 0.041176470588235294 0.0296875
0 0.6882352941176471 0.64375 0.12941176470588237 0.04375
0 0.31176470588235294 0.665625 0.06764705882352941 0.0359375
0 0.2852941176470588 0.7109375 0.041176470588235294 0.0265625
0 0.3352941176470588 0.7125 0.05 0.0359375
0 0.3205882352941177 0.7640625 0.052941176470588235 0.046875
0 0.4176470588235294 0.753125 0.06764705882352941 0.034375
0 0.3323529411764706 0.778125 0.05588235294117647 0.0359375
0 0.1323529411764706 0.7203125 0.07352941176470588 0.04375
0 0.18823529411764706 0.78125 0.05588235294117647 0.0203125
0 0.1264705882352941 0.6 0.07647058823529412 0.040625
0 0.46176470588235297 0.1671875 0.09117647058823529 0.046875
0 0.5441176470588235 0.2796875 0.05588235294117647 0.0359375
0 0.611764705882353 0.35 0.052941176470588235 0.0265625
0 0.7176470588235294 0.375 0.07352941176470588 0.028125
0 0.4117647058823529 0.0671875 0.08235294117647059 0.0546875
0 0.4264705882352941 0.0984375 0.06764705882352941 0.04375
0 0.5088235294117647 0.0140625 0.06470588235294118 0.028125
0 0.5529411764705883 0.05625 0.07352941176470588 0.0359375
0 0.21764705882352942 0.028125 0.11470588235294117 0.053125