0 0.049342105263157895 0.090625 0.09868421052631579 0.18125
0 0.6282894736842105 0.503125 0.5394736842105263 0.2765625
0 0.07236842105263158 0.4890625 0.14144736842105263 0.175
0 0.4440789473684211 0.9125 0.17105263157894737 0.0640625
0 0.5032894736842105 0.9953125 0.16776315789473684 0.009375
0 0.7138157894736842 0.140625 0.12828947368421054 0.0515625
0 0.0625 0.95 0.125 0.0984375
0 0.32894736842105265 0.925 0.04276315789473684 0.0296875
0 0.05592105263157895 0.7046875 0.07236842105263158 0.0375
0 0.19736842105263158 0.8484375 0.17434210526315788 0.0734375
0 0.9078947368421053 0.759375 0.07236842105263158 0.0359375
0 0.8585526315789473 0.8546875 0.11842105263157894 0.0625
0 0.9013157894736842 0.5859375 0.08552631578947369 0.0640625
0 0.9375 0.6796875 0.125 0.053125
0 0.5986842105263158 0.79375 0.06907894736842106 0.04375
0 0.2894736842105263 0.7515625 0.11513157894736842 0.04375
0 0.23355263157894737 0.7875 0.06907894736842106 0.046875
0 0.02631578947368421 0.7671875 0.049342105263157895 0.0296875
0 0.2631578947368421 0.4109375 0.1118421052631579 0.040625
0 0.944078947368421 0.0640625 0.10855263157894737 0.0703125
0 0.375 0.0171875 0.0756578947368421 0.034375
0 0.4440789473684211 0.0109375 0.039473684210526314 0.0203125
0 0.46381578947368424 0.0546875 0.029605263157894735 0.053125
0 0.03289473684210526 0.26875 0.06578947368421052 0.040625
0 0.32894736842105265 0.2453125 0.08223684210526316 0.025
0 0.4506578947368421 0.2953125 0.0625 0.01875
0 0.75 0.234375 0.0625 0.0234375
0 0.819078947368421 0.2578125 0.13486842105263158 0.0625
0 0.6875 0.18125 0.029605263157894735 0.0125
0 0.7894736842105263 0.1953125 0.0756578947368421 0.0328125
0 0.8651315789473685 0.21875 0.05921052631578947 0.015625
0 0.5953947368421053 0.190625 0.10526315789473684 0.0421875
0 0.33223684210526316 0.128125 0.049342105263157895 0.028125
0 0.4309210526315789 0.165625 0.07894736842105263 0.0390625
0 0.14802631578947367 0.1921875 0.04276315789473684 0.0140625
0 0.27631578947368424 0.178125 0.07236842105263158 0.0328125
0 0.2565789473684211 0.2375 0.07236842105263158 0.0265625
0 0.1611842105263158 0.2640625 0.08223684210526316 0.034375
0 0.1611842105263158 0.3078125 0.08223684210526316 0.0453125
0 0.04276315789473684 0.3515625 0.06907894736842106 0.01875
0 0.7532894736842105 0.690625 0.0625 0.034375
0 0.7894736842105263 0.7140625 0.05263157894736842 0.0265625
0 0.7730263157894737 0.740625 0.08223684210526316 0.0421875
0 0.75 0.7671875 0.07894736842105263 0.03125
0 0.6513157894736842 0.73125 0.12828947368421054 0.0390625
0 0.41118421052631576 0.6640625 0.05921052631578947 0.0359375
0 0.41776315789473684 0.7234375 0.046052631578947366 0.0265625
0 0.41118421052631576 0.746875 0.05921052631578947 0.0265625
0 0.506578947368421 0.7296875 0.049342105263157895 0.015625
0 0.6447368421052632 0.78125 0.029605263157894735 0.0296875
0 0.2565789473684211 0.565625 0.05263157894736842 0.025
0 0.7039473684210527 0.9359375 0.09868421052631579 0.06875
0 0.680921052631579 0.8828125 0.125 0.0234375
0 0.8289473684210527 0.80625 0.09210526315789473 0.0296875
0 0.7960526315789473 0.8359375 0.11842105263157894 0.040625
0 0.3355263157894737 0.8671875 0.14473684210526316 0.0375
0 0.019736842105263157 0.9921875 0.039473684210526314 0.0140625
0 0.23684210526315788 0.6765625 0.20723684210526316 0.09375
0 0.08881578947368421 0.675 0.08223684210526316 0.0265625
0 0.24671052631578946 0.603125 0.05921052631578947 0.0234375
0 0.8881578947368421 0.49375 0.1118421052631579 0.040625
0 0.881578947368421 0.54375 0.10526315789473684 0.0515625
0 0.875 0.40625 0.09210526315789473 0.0359375
0 0.6151315789473685 0.284375 0.039473684210526314 0.0421875
0 0.6907894736842105 0.328125 0.09210526315789473 0.021875
0 0.2236842105263158 0.340625 0.07236842105263158 0.0421875
0 0.046052631578947366 0.446875 0.09210526315789473 0.0421875
0 0.009868421052631578 0.8171875 0.01644736842105263 0.028125
0 0.10526315789473684 0.9234375 0.08223684210526316 0.0390625
0 0.18421052631578946 0.95 0.0625 0.071875