0 0.39570552147239263 0.496875 0.21779141104294478 0.0984375
0 0.7852760736196319 0.0296875 0.15337423312883436 0.059375
0 0.46319018404907975 0.109375 0.09202453987730061 0.0296875
0 0.5184049079754601 0.2875 0.10429447852760736 0.0515625
0 0.4815950920245399 0.328125 0.08895705521472393 0.028125
0 0.5276073619631901 0.4015625 0.07668711656441718 0.0203125
0 0.7300613496932515 0.39375 0.06748466257668712 0.05
0 0.1441717791411043 0.2296875 0.10736196319018405 0.0625
0 0.10122699386503067 0.009375 0.1441717791411043 0.0171875
0 0.46932515337423314 0.015625 0.08895705521472393 0.0296875
0 0.5920245398773006 0.0671875 0.0950920245398773 0.0421875
0 0.3343558282208589 0.0765625 0.10736196319018405 0.0390625
0 0.0736196319018405 0.425 0.13803680981595093 0.0625
0 0.0736196319018405 0.7546875 0.147239263803681 0.0734375
0 0.1441717791411043 0.89375 0.24233128834355827 0.0953125
0 0.8098159509202454 0.83125 0.11349693251533742 0.0453125
0 0.8404907975460123 0.5828125 0.07975460122699386 0.03125
0 0.647239263803681 0.959375 0.0950920245398773 0.04375
0 0.6226993865030674 0.00625 0.046012269938650305 0.0109375
0 0.1901840490797546 0.6828125 0.2791411042944785 0.046875
0 0.48466257668711654 0.940625 0.10429447852760736 0.0640625
0 0.803680981595092 0.971875 0.0950920245398773 0.0296875
0 0.5245398773006135 0.1703125 0.05214723926380368 0.0515625
0 0.7147239263803681 0.5109375 0.08895705521472393 0.06875
0 0.401840490797546 0.4265625 0.08588957055214724 0.0265625
0 0.38650306748466257 0.346875 0.07668711656441718 0.0296875
0 0.31901840490797545 0.3390625 0.05828220858895705 0.0265625
0 0.2361963190184049 0.3515625 0.10429447852760736 0.0203125
0 0.2668711656441718 0.2296875 0.03987730061349693 0.0296875
0 0.32515337423312884 0.21875 0.049079754601226995 0.021875
0 0.3343558282208589 0.25625 0.03374233128834356 0.0171875
0 0.08588957055214724 0.3140625 0.03680981595092025 0.034375
0 0.9938650306748467 0.38125 0.012269938650306749 0.0515625
0 0.19325153374233128 0.165625 0.09202453987730061 0.0578125
0 0.015337423312883436 0.14375 0.03067484662576687 0.0296875
0 0.02147239263803681 0.071875 0.04294478527607362 0.0390625
0 0.4815950920245399 0.8578125 0.10122699386503067 0.0453125
0 0.8803680981595092 0.265625 0.0736196319018405 0.0296875
0 0.9233128834355828 0.325 0.05521472392638037 0.0265625
0 0.8650306748466258 0.3921875 0.04294478527607362 0.0375
0 0.9938650306748467 0.4390625 0.012269938650306749 0.0265625
0 0.5368098159509203 0.0265625 0.0736196319018405 0.0265625
0 0.9539877300613497 0.05625 0.07975460122699386 0.034375
0 0.558282208588957 0.7390625 0.1165644171779141 0.0640625
0 0.6779141104294478 0.721875 0.08895705521472393 0.0953125
0 0.09815950920245399 0.5375 0.12576687116564417 0.0234375
0 0.3803680981595092 0.7515625 0.09815950920245399 0.0390625
0 0.7024539877300614 0.9296875 0.03067484662576687 0.0265625
0 0.8374233128834356 0.940625 0.05828220858895705 0.0375
0 0.44171779141104295 0.6171875 0.1165644171779141 0.0453125