0 0.9837758112094396 0.49375 0.032448377581120944 0.059375
0 0.41002949852507375 0.7046875 0.15634218289085547 0.1515625
0 0.8923303834808259 0.86484375 0.2153392330383481 0.1484375
0 0.3480825958702065 0.1328125 0.13569321533923304 0.0546875
0 0.5162241887905604 0.2671875 0.13864306784660768 0.040625
0 0.09144542772861357 0.215625 0.09734513274336283 0.0453125
0 0.13864306784660768 0.278125 0.168141592920354 0.0453125
0 0.9144542772861357 0.10625 0.1504424778761062 0.0828125
0 0.9823008849557522 0.2265625 0.035398230088495575 0.0453125
0 0.7935103244837758 0.3234375 0.11799410029498525 0.0421875
0 0.6666666666666666 0.50625 0.11209439528023599 0.040625
0 0.7138643067846607 0.5828125 0.07964601769911504 0.05
0 0.831858407079646 0.64375 0.061946902654867256 0.046875
0 0.336283185840708 0.55 0.0943952802359882 0.028125
0 0.08259587020648967 0.64375 0.0855457227138643 0.0453125
0 0.14749262536873156 0.734375 0.061946902654867256 0.0265625
0 0.05014749262536873 0.765625 0.06489675516224189 0.0234375
0 0.13569321533923304 0.7953125 0.04424778761061947 0.025
0 0.25073746312684364 0.8421875 0.11504424778761062 0.034375
0 0.6548672566371682 0.9703125 0.10619469026548672 0.034375
0 0.5958702064896755 0.95 0.10619469026548672 0.0234375
0 0.4808259587020649 0.9625 0.0471976401179941 0.03125
0 0.4306784660766962 0.9921875 0.10619469026548672 0.0140625
0 0.35988200589970504 0.05 0.09734513274336283 0.059375
0 0.528023598820059 0.13125 0.10619469026548672 0.053125
0 0.672566371681416 0.2765625 0.05014749262536873 0.0375
0 0.6460176991150443 0.3125 0.04129793510324484 0.0515625
0 0.058997050147492625 0.9859375 0.11504424778761062 0.028125
0 0.8200589970501475 0.4265625 0.10029498525073746 0.040625
0 0.6637168141592921 0.2078125 0.058997050147492625 0.0421875
0 0.8112094395280236 0.171875 0.038348082595870206 0.021875
0 0.17699115044247787 0.4390625 0.13569321533923304 0.065625
0 0.7079646017699115 0.996875 0.0471976401179941 0.0046875
0 0.9203539823008849 0.6671875 0.10029498525073746 0.0453125
0 0.9808259587020649 0.62421875 0.038348082595870206 0.0359375
0 0.8849557522123894 0.575 0.05014749262536873 0.0578125
0 0.7522123893805309 0.453125 0.04424778761061947 0.0296875
0 0.855457227138643 0.4890625 0.07079646017699115 0.0265625
0 0.9793510324483776 0.56875 0.04129793510324484 0.0265625
0 0.6696165191740413 0.028125 0.06489675516224189 0.0484375
0 0.5250737463126843 0.059375 0.11209439528023599 0.05625
0 0.887905604719764 0.0125 0.08849557522123894 0.0234375
0 0.2153392330383481 0.6046875 0.02064896755162242 0.0109375
0 0.6637168141592921 0.7328125 0.13569321533923304 0.046875
0 0.775811209439528 0.98125 0.11209439528023599 0.0375