0 0.7361963190184049 0.7109375 0.147239263803681 0.090625
0 0.3803680981595092 0.5453125 0.12269938650306748 0.05625
0 0.1196319018404908 0.984375 0.11042944785276074 0.0296875
0 0.3987730061349693 0.46875 0.06441717791411043 0.0265625
0 0.49693251533742333 0.1515625 0.10429447852760736 0.025
0 0.4815950920245399 0.209375 0.08588957055214724 0.05625
0 0.5337423312883436 0.303125 0.1165644171779141 0.0515625
0 0.17484662576687116 0.1703125 0.0705521472392638 0.025
0 0.46932515337423314 0.9921875 0.0950920245398773 0.015625
0 0.9279141104294478 0.5359375 0.1441717791411043 0.115625
0 0.7024539877300614 0.0296875 0.24846625766871167 0.059375
0 0.7361963190184049 0.1453125 0.20245398773006135 0.1515625
0 0.7852760736196319 0.3625 0.11349693251533742 0.11875