0 0.021406727828746176 0.9921875 0.039755351681957186 0.0140625
0 0.01529051987767584 0.959375 0.027522935779816515 0.0375
0 0.01834862385321101 0.709375 0.03669724770642202 0.0671875
0 0.2415902140672783 0.8828125 0.21406727828746178 0.109375
0 0.1712538226299694 0.55 0.2018348623853211 0.1375
0 0.7232415902140673 0.27421875 0.5535168195718655 0.4984375
0 0.4954128440366973 0.6515625 0.19877675840978593 0.121875
0 0.01834862385321101 0.7671875 0.03669724770642202 0.034375
0 0.039755351681957186 0.04375 0.07951070336391437 0.05
0 0.11926605504587157 0.0828125 0.0672782874617737 0.0484375
0 0.15902140672782875 0.1703125 0.12844036697247707 0.0671875
0 0.17737003058103976 0.24375 0.0856269113149847 0.0640625
0 0.3363914373088685 0.303125 0.09785932721712538 0.075
0 0.0581039755351682 0.6609375 0.11314984709480122 0.0484375
0 0.1345565749235474 0.753125 0.09785932721712538 0.0296875
0 0.2782874617737003 0.6734375 0.039755351681957186 0.0375
0 0.382262996941896 0.7328125 0.11926605504587157 0.05
0 0.5229357798165137 0.853125 0.08868501529051988 0.04375
0 0.5076452599388379 0.9765625 0.1620795107033639 0.046875
0 0.7308868501529052 0.9390625 0.18654434250764526 0.08125
0 0.9480122324159022 0.9453125 0.0764525993883792 0.090625
0 0.9464831804281345 0.85625 0.10703363914373089 0.090625
0 0.8409785932721713 0.5875 0.09480122324159021 0.05
0 0.7981651376146789 0.65 0.11314984709480122 0.0515625
0 0.7400611620795107 0.68125 0.10703363914373089 0.06875
0 0.8501529051987767 0.7359375 0.08868501529051988 0.0578125
0 0.7155963302752294 0.75 0.07951070336391437 0.040625
0 0.5657492354740061 0.7828125 0.09785932721712538 0.04375
0 0.03058103975535168 0.121875 0.06116207951070336 0.05
0 0.44036697247706424 0.0296875 0.11009174311926606 0.059375
0 0.22018348623853212 0.0359375 0.17737003058103976 0.0703125