0 0.8355263157894737 0.1875 0.21052631578947367 0.06875
0 0.9736842105263158 0.384375 0.049342105263157895 0.0703125
0 0.6447368421052632 0.5390625 0.24013157894736842 0.0703125
0 0.17105263157894737 0.0265625 0.34210526315789475 0.053125
0 0.756578947368421 0.6875 0.18421052631578946 0.115625
0 0.9473684210526315 0.7484375 0.10197368421052631 0.0796875
0 0.08881578947368421 0.45625 0.17763157894736842 0.1296875
0 0.5822368421052632 0.296875 0.17763157894736842 0.1609375
0 0.26644736842105265 0.78125 0.08881578947368421 0.0546875
0 0.24013157894736842 0.8484375 0.0756578947368421 0.034375
0 0.3092105263157895 0.890625 0.06907894736842106 0.03125
0 0.26644736842105265 0.9546875 0.13815789473684212 0.0421875
0 0.5230263157894737 0.971875 0.10526315789473684 0.0515625
0 0.3848684210526316 0.90625 0.12171052631578948 0.04375
0 0.375 0.753125 0.10197368421052631 0.0453125
0 0.22039473684210525 0.9203125 0.10197368421052631 0.0265625
0 0.3190789473684211 0.9890625 0.07236842105263158 0.021875
0 0.9177631578947368 0.9890625 0.16447368421052633 0.021875
0 0.7960526315789473 0.8296875 0.08223684210526316 0.05
0 0.625 0.8125 0.07236842105263158 0.0328125
0 0.41776315789473684 0.4828125 0.08881578947368421 0.040625
0 0.3157894736842105 0.5421875 0.09210526315789473 0.04375
0 0.3684210526315789 0.584375 0.14473684210526316 0.046875
0 0.1611842105263158 0.5953125 0.049342105263157895 0.0484375
0 0.5394736842105263 0.4515625 0.13157894736842105 0.0484375
0 0.75 0.4765625 0.0756578947368421 0.0296875
0 0.8486842105263158 0.528125 0.08881578947368421 0.040625
0 0.9375 0.5796875 0.125 0.03125
0 0.046052631578947366 0.7796875 0.08881578947368421 0.0484375
0 0.41118421052631576 0.0171875 0.12828947368421054 0.034375
0 0.7467105263157895 0.109375 0.13486842105263158 0.04375
0 0.8223684210526315 0.3234375 0.12828947368421054 0.0515625
0 0.8092105263157895 0.3953125 0.0756578947368421 0.04375
0 0.9539473684210527 0.4484375 0.08881578947368421 0.028125
0 0.06907894736842106 0.2109375 0.10197368421052631 0.0375
0 0.5098684210526315 0.134375 0.125 0.0578125
0 0.7664473684210527 0.0171875 0.05921052631578947 0.034375
0 0.13157894736842105 0.15 0.06907894736842106 0.034375
0 0.22039473684210525 0.1265625 0.039473684210526314 0.0265625
0 0.3190789473684211 0.0828125 0.06907894736842106 0.0296875
0 0.35526315789473684 0.13125 0.039473684210526314 0.01875
0 0.19736842105263158 0.215625 0.06907894736842106 0.0421875
0 0.2631578947368421 0.265625 0.06907894736842106 0.04375
0 0.22697368421052633 0.296875 0.1513157894736842 0.08125
0 0.05592105263157895 0.3203125 0.08881578947368421 0.0484375
0 0.13815789473684212 0.3546875 0.03618421052631579 0.0453125
0 0.2532894736842105 0.4234375 0.05263157894736842 0.021875
0 0.33223684210526316 0.48125 0.0625 0.0203125
0 0.47039473684210525 0.328125 0.03618421052631579 0.0421875
0 0.5526315789473685 0.2625 0.07236842105263158 0.0546875
0 0.2565789473684211 0.4703125 0.05592105263157895 0.0171875
0 0.3157894736842105 0.4484375 0.049342105263157895 0.0203125
0 0.46710526315789475 0.4125 0.05921052631578947 0.0140625
0 0.631578947368421 0.4140625 0.039473684210526314 0.015625
0 0.40789473684210525 0.4453125 0.07236842105263158 0.021875
0 0.2598684210526316 0.5296875 0.09539473684210527 0.0359375
0 0.20065789473684212 0.559375 0.049342105263157895 0.028125
0 0.0756578947368421 0.5515625 0.05263157894736842 0.0296875
0 0.4276315789473684 0.6390625 0.049342105263157895 0.0265625
0 0.4967105263157895 0.6640625 0.05921052631578947 0.040625
0 0.5197368421052632 0.5984375 0.046052631578947366 0.03125
0 0.631578947368421 0.615625 0.07236842105263158 0.040625
0 0.5855263157894737 0.6375 0.0756578947368421 0.0453125
0 0.9802631578947368 0.2453125 0.039473684210526314 0.04375
0 0.9671052631578947 0.690625 0.0625 0.0234375
0 0.756578947368421 0.996875 0.0625 0.0046875
0 0.881578947368421 0.9734375 0.14473684210526316 0.034375
0 0.1513157894736842 0.96875 0.07236842105263158 0.053125
0 0.07236842105263158 0.8765625 0.05263157894736842 0.040625