0 0.13569321533923304 0.0625 0.26843657817109146 0.115625
0 0.8141592920353983 0.21875 0.0943952802359882 0.05
0 0.7079646017699115 0.246875 0.07374631268436578 0.0296875
0 0.6755162241887905 0.2984375 0.0943952802359882 0.0234375
0 0.7050147492625368 0.334375 0.07079646017699115 0.0453125
0 0.8938053097345132 0.3375 0.07669616519174041 0.05
0 0.9660766961651918 0.24375 0.06784660766961652 0.028125
0 0.9808259587020649 0.403125 0.038348082595870206 0.03125
0 0.8672566371681416 0.16875 0.0471976401179941 0.028125
0 0.9896755162241888 0.18203125 0.02064896755162242 0.0484375
0 0.9808259587020649 0.68515625 0.038348082595870206 0.0453125
0 0.6843657817109144 0.775 0.10619469026548672 0.0703125
0 0.4778761061946903 0.8 0.08849557522123894 0.0375
0 0.3333333333333333 0.871875 0.16224188790560473 0.0859375
0 0.10029498525073746 0.978125 0.04424778761061947 0.0328125
0 0.25073746312684364 0.678125 0.017699115044247787 0.0375
0 0.7610619469026548 0.60625 0.11504424778761062 0.0375
0 0.9026548672566371 0.50625 0.06489675516224189 0.0328125
0 0.30678466076696165 0.49375 0.10619469026548672 0.040625
0 0.39233038348082594 0.4609375 0.0855457227138643 0.040625
0 0.22123893805309736 0.4734375 0.04129793510324484 0.028125