0 0.12094395280235988 0.0078125 0.13274336283185842 0.0140625
0 0.058997050147492625 0.140625 0.09734513274336283 0.05
0 0.6666666666666666 0.0484375 0.0943952802359882 0.059375
0 0.855457227138643 0.30625 0.11799410029498525 0.0515625
0 0.017699115044247787 0.2921875 0.035398230088495575 0.0515625
0 0.07079646017699115 0.25625 0.1415929203539823 0.0296875
0 0.528023598820059 0.028125 0.08259587020648967 0.0390625
0 0.8761061946902655 0.0546875 0.0943952802359882 0.0546875
0 0.7728613569321534 0.2375 0.07079646017699115 0.0640625
0 0.22418879056047197 0.7140625 0.07079646017699115 0.0421875
0 0.5958702064896755 0.2875 0.058997050147492625 0.046875
0 0.7640117994100295 0.4109375 0.09144542772861357 0.046875
0 0.6519174041297935 0.4609375 0.06784660766961652 0.046875
0 0.7699115044247787 0.484375 0.11209439528023599 0.04375
0 0.6784660766961652 0.5921875 0.12684365781710916 0.0421875
0 0.7109144542772862 0.678125 0.05014749262536873 0.034375
0 0.7669616519174042 0.7375 0.0471976401179941 0.0234375
0 0.10914454277286136 0.9828125 0.04424778761061947 0.021875
0 0.3185840707964602 0.9421875 0.08849557522123894 0.0546875
0 0.5014749262536873 0.8703125 0.061946902654867256 0.0234375
0 0.22123893805309736 0.7875 0.10324483775811209 0.0578125
0 0.9026548672566371 0.425 0.12094395280235988 0.059375