0 0.24695121951219512 0.0421875 0.3597560975609756 0.084375
0 0.3475609756097561 0.015625 0.08231707317073171 0.03125
0 0.7012195121951219 0.3578125 0.47865853658536583 0.2640625
0 0.9176829268292683 0.9734375 0.16463414634146342 0.053125
0 0.75 0.7453125 0.18292682926829268 0.065625
0 0.9664634146341463 0.725 0.06707317073170732 0.040625
0 0.551829268292683 0.5765625 0.14634146341463414 0.0609375
0 0.21646341463414634 0.665625 0.09146341463414634 0.065625
0 0.4176829268292683 0.6859375 0.07926829268292683 0.0484375
0 0.32926829268292684 0.7625 0.10060975609756098 0.0515625
0 0.22560975609756098 0.79375 0.07317073170731707 0.028125
0 0.09146341463414634 0.746875 0.054878048780487805 0.034375
0 0.08536585365853659 0.79375 0.06707317073170732 0.040625
0 0.20121951219512196 0.990625 0.09146341463414634 0.0171875
0 0.49085365853658536 0.896875 0.10975609756097561 0.046875
0 0.6371951219512195 0.9375 0.14634146341463414 0.040625
0 0.7408536585365854 0.9875 0.09146341463414634 0.0234375
0 0.7865853658536586 0.940625 0.10670731707317073 0.040625
0 0.9878048780487805 0.8578125 0.024390243902439025 0.0421875
0 0.8658536585365854 0.8546875 0.12195121951219512 0.0453125
0 0.7195121951219512 0.85625 0.08841463414634146 0.028125
0 0.6219512195121951 0.884375 0.07317073170731707 0.028125
0 0.06097560975609756 0.8609375 0.08231707317073171 0.021875
0 0.0975609756097561 0.8953125 0.08231707317073171 0.034375
0 0.06402439024390244 0.940625 0.0975609756097561 0.0359375
0 0.11280487804878049 0.9390625 0.08231707317073171 0.0234375
0 0.29878048780487804 0.8859375 0.057926829268292686 0.0421875
0 0.38109756097560976 0.871875 0.027439024390243903 0.028125
0 0.1524390243902439 0.846875 0.13414634146341464 0.0375
0 0.2621951219512195 0.878125 0.10670731707317073 0.053125
0 0.9740853658536586 0.47109375 0.051829268292682924 0.0390625
0 0.9603658536585366 0.5875 0.07621951219512195 0.0421875