0 0.05198776758409786 0.328125 0.10397553516819572 0.1453125
0 0.7553516819571865 0.54375 0.12232415902140673 0.0734375
0 0.6636085626911316 0.0203125 0.14067278287461774 0.040625
0 0.03669724770642202 0.7828125 0.07339449541284404 0.0578125
0 0.25688073394495414 0.91875 0.14984709480122324 0.04375
0 0.7737003058103975 0.9734375 0.1559633027522936 0.0515625
0 0.27522935779816515 0.6921875 0.09785932721712538 0.0703125
0 0.03058103975535168 0.14375 0.0581039755351682 0.04375
0 0.6483180428134556 0.1859375 0.04281345565749235 0.040625
0 0.8776758409785933 0.4390625 0.0764525993883792 0.0375
0 0.9403669724770642 0.696875 0.11926605504587157 0.0375
0 0.6146788990825688 0.9328125 0.05504587155963303 0.053125
0 0.4923547400611621 0.9375 0.01834862385321101 0.053125
0 0.1345565749235474 0.903125 0.09785932721712538 0.025
0 0.654434250764526 0.846875 0.08868501529051988 0.053125
0 0.8256880733944955 0.828125 0.0764525993883792 0.05625
0 0.9388379204892966 0.7859375 0.08256880733944955 0.05
0 0.6146788990825688 0.725 0.11009174311926606 0.06875