0 0.9603658536585366 0.98125 0.07926829268292683 0.0375
0 0.6707317073170732 0.4140625 0.14329268292682926 0.0671875
0 0.17378048780487804 0.5578125 0.17073170731707318 0.0875
0 0.28353658536585363 0.675 0.11585365853658537 0.0546875
0 0.35365853658536583 0.7578125 0.07926829268292683 0.0484375
0 0.7926829268292683 0.4828125 0.0701219512195122 0.034375
0 0.7957317073170732 0.746875 0.13719512195121952 0.05
0 0.6402439024390244 0.85 0.054878048780487805 0.0375
0 0.7042682926829268 0.875 0.06402439024390244 0.0546875
0 0.7591463414634146 0.9640625 0.0975609756097561 0.0609375
0 0.3170731707317073 0.003125 0.0975609756097561 0.0046875
0 0.21036585365853658 0.0078125 0.08231707317073171 0.015625
0 0.6402439024390244 0.0203125 0.23170731707317074 0.0390625
0 0.6128048780487805 0.0640625 0.13109756097560976 0.0421875
0 0.5304878048780488 0.13125 0.16158536585365854 0.071875
0 0.4146341463414634 0.2484375 0.1402439024390244 0.0609375
0 0.3079268292682927 0.18125 0.10975609756097561 0.05
0 0.20426829268292682 0.15625 0.17073170731707318 0.0484375
0 0.2774390243902439 0.040625 0.09451219512195122 0.028125
0 0.801829268292683 0.0046875 0.09451219512195122 0.0078125
0 0.6920731707317073 0.2359375 0.08231707317073171 0.0328125
0 0.28353658536585363 0.384375 0.11890243902439024 0.046875
0 0.036585365853658534 0.4234375 0.07317073170731707 0.0421875
0 0.16158536585365854 0.4421875 0.1402439024390244 0.0390625
0 0.18292682926829268 0.253125 0.14329268292682926 0.0796875
0 0.07317073170731707 0.1796875 0.06707317073170732 0.06875
0 0.057926829268292686 0.2546875 0.07621951219512195 0.0703125
0 0.5975609756097561 0.340625 0.0701219512195122 0.0640625
0 0.9817073170731707 0.0125 0.036585365853658534 0.025
0 0.9573170731707317 0.0015625 0.07926829268292683 0.003125
0 0.9679878048780488 0.86640625 0.06402439024390244 0.0390625
0 0.13414634146341464 0.91875 0.1524390243902439 0.05
0 0.17682926829268292 0.9890625 0.14939024390243902 0.021875
0 0.7103658536585366 0.1734375 0.1798780487804878 0.05625
0 0.8628048780487805 0.171875 0.057926829268292686 0.059375