0 0.19141914191419143 0.33125 0.3234323432343234 0.209375
0 0.6501650165016502 0.0984375 0.1419141914191419 0.071875
0 0.7986798679867987 0.85 0.12211221122112212 0.0640625
0 0.6534653465346535 0.8609375 0.1419141914191419 0.0609375
0 0.0627062706270627 0.5546875 0.12211221122112212 0.05625
0 0.429042904290429 0.38125 0.10561056105610561 0.053125
0 0.5346534653465347 0.4328125 0.07590759075907591 0.0484375
0 0.594059405940594 0.4796875 0.052805280528052806 0.04375
0 0.47854785478547857 0.4703125 0.07260726072607261 0.053125
0 0.6831683168316832 0.4921875 0.07920792079207921 0.053125
0 0.8745874587458746 0.4640625 0.07590759075907591 0.0484375
0 0.9306930693069307 0.53125 0.06930693069306931 0.0390625
0 0.1551155115511551 0.5 0.08250825082508251 0.0484375
0 0.2607260726072607 0.590625 0.06930693069306931 0.05
0 0.44554455445544555 0.5796875 0.11221122112211221 0.0265625
0 0.6303630363036303 0.5671875 0.1188118811881188 0.053125
0 0.6963696369636964 0.546875 0.1188118811881188 0.0546875
0 0.7854785478547854 0.5359375 0.06930693069306931 0.065625
0 0.976897689768977 0.546875 0.0462046204620462 0.0875
0 0.528052805280528 0.9046875 0.132013201320132 0.0828125
0 0.43564356435643564 0.0203125 0.11551155115511551 0.0390625