0 0.65 0.2828125 0.12941176470588237 0.0609375
0 0.26176470588235295 0.478125 0.1 0.0640625
0 0.36470588235294116 0.9859375 0.15588235294117647 0.028125
0 0.9691176470588235 0.81953125 0.061764705882352944 0.0890625
0 0.4411764705882353 0.5265625 0.07058823529411765 0.04375
0 0.961764705882353 0.646875 0.061764705882352944 0.0296875
0 0.5558823529411765 0.021875 0.09117647058823529 0.0296875
0 0.43823529411764706 0.075 0.08235294117647059 0.04375
0 0.8941176470588236 0.01875 0.10882352941176471 0.0328125
0 0.8647058823529412 0.134375 0.07647058823529412 0.040625
0 0.6735294117647059 0.4375 0.09705882352941177 0.040625
0 0.9205882352941176 0.540625 0.07647058823529412 0.0484375
0 0.7941176470588235 0.753125 0.10588235294117647 0.0265625
0 0.4676470588235294 0.83125 0.06764705882352941 0.06875
0 0.3264705882352941 0.8484375 0.06764705882352941 0.0265625
0 0.3088235294117647 0.9015625 0.11764705882352941 0.04375
0 0.35294117647058826 0.7296875 0.05588235294117647 0.046875
0 0.45588235294117646 0.60625 0.10294117647058823 0.0203125
0 0.35294117647058826 0.6484375 0.05 0.0203125
0 0.37941176470588234 0.6671875 0.061764705882352944 0.0078125
0 0.7764705882352941 0.9796875 0.11764705882352941 0.0390625
0 0.6823529411764706 0.9296875 0.05 0.053125
0 0.975 0.9953125 0.05 0.009375
0 0.041176470588235294 0.196875 0.07941176470588235 0.04375
0 0.29411764705882354 0.2375 0.13529411764705881 0.0421875
0 0.07941176470588235 0.5765625 0.03235294117647059 0.04375
0 0.2823529411764706 0.79375 0.12058823529411765 0.0625
0 0.6882352941176471 0.6828125 0.13823529411764707 0.034375