0 0.8795379537953796 0.06796875 0.24092409240924093 0.1359375
0 0.9389438943894389 0.465625 0.12211221122112212 0.1875
0 0.7095709570957096 0.9640625 0.35313531353135313 0.071875
0 0.3696369636963696 0.2515625 0.1551155115511551 0.1
0 0.26732673267326734 0.60625 0.132013201320132 0.084375
0 0.44554455445544555 0.6203125 0.0924092409240924 0.06875
0 0.7458745874587459 0.1625 0.20132013201320131 0.0703125
0 0.504950495049505 0.0609375 0.13861386138613863 0.05
0 0.8646864686468647 0.3453125 0.20462046204620463 0.06875
0 0.570957095709571 0.440625 0.0891089108910891 0.0359375
0 0.5775577557755776 0.5140625 0.16831683168316833 0.0671875
0 0.6336633663366337 0.89375 0.1419141914191419 0.053125
0 0.44224422442244227 0.93125 0.18151815181518152 0.0734375
0 0.30033003300330036 0.996875 0.19471947194719472 0.00625
0 0.15181518151815182 0.74375 0.16831683168316833 0.05625
0 0.33003300330033003 0.853125 0.10891089108910891 0.0734375
0 0.5115511551155115 0.865625 0.10231023102310231 0.0484375
0 0.6171617161716172 0.8078125 0.0891089108910891 0.0640625
0 0.971947194719472 0.953125 0.056105610561056105 0.09375
0 0.0891089108910891 0.9234375 0.10231023102310231 0.053125
0 0.1782178217821782 0.9359375 0.066006600660066 0.0546875
0 0.29042904290429045 0.925 0.10561056105610561 0.04375
0 0.15841584158415842 0.984375 0.10891089108910891 0.03125
0 0.8052805280528053 0.54375 0.0924092409240924 0.0390625
0 0.768976897689769 0.63125 0.039603960396039604 0.0328125
0 0.8679867986798679 0.65625 0.10891089108910891 0.0296875
0 0.8910891089108911 0.7640625 0.11221122112211221 0.0546875
0 0.6864686468646864 0.7015625 0.09570957095709572 0.0484375
0 0.38613861386138615 0.7390625 0.1188118811881188 0.04375
0 0.21122112211221122 0.2765625 0.10891089108910891 0.0484375
0 0.6138613861386139 0.384375 0.10561056105610561 0.053125
0 0.40594059405940597 0.45 0.11551155115511551 0.034375
0 0.3333333333333333 0.496875 0.1188118811881188 0.0359375
0 0.5643564356435643 0.0265625 0.07920792079207921 0.0484375
0 0.0462046204620462 0.040625 0.08250825082508251 0.0328125
0 0.036303630363036306 0.0109375 0.056105610561056105 0.0203125
0 0.1254125412541254 0.00625 0.1188118811881188 0.0125
0 0.3102310231023102 0.0890625 0.0462046204620462 0.0328125
0 0.24092409240924093 0.0765625 0.0891089108910891 0.059375
0 0.2508250825082508 0.1796875 0.08250825082508251 0.046875
0 0.3069306930693069 0.1515625 0.0891089108910891 0.0390625
0 0.3465346534653465 0.1125 0.0627062706270627 0.0328125
0 0.37623762376237624 0.0953125 0.07260726072607261 0.046875
0 0.013201320132013201 0.1046875 0.026402640264026403 0.034375
0 0.7392739273927392 0.26875 0.11221122112211221 0.0359375
0 0.8415841584158416 0.290625 0.10891089108910891 0.053125
0 0.8283828382838284 0.50625 0.07590759075907591 0.0171875
0 0.5544554455445545 0.6359375 0.07260726072607261 0.0203125
0 0.5313531353135313 0.684375 0.07590759075907591 0.0328125
0 0.14521452145214522 0.6 0.10561056105610561 0.03125
0 0.0858085808580858 0.4953125 0.039603960396039604 0.0515625
0 0.04950495049504951 0.54375 0.09570957095709572 0.034375
0 0.12211221122112212 0.5671875 0.10891089108910891 0.0578125
0 0.2376237623762376 0.3453125 0.0627062706270627 0.0375
0 0.16831683168316833 0.3546875 0.07260726072607261 0.034375
0 0.0858085808580858 0.3984375 0.09900990099009901 0.0359375
0 0.1188118811881188 0.4390625 0.0858085808580858 0.03125
0 0.28052805280528054 0.4203125 0.09570957095709572 0.040625
0 0.009900990099009901 0.2328125 0.019801980198019802 0.0546875
0 0.8151815181518152 0.8328125 0.0627062706270627 0.028125
0 0.735973597359736 0.834375 0.052805280528052806 0.025
0 0.7821782178217822 0.859375 0.06930693069306931 0.021875
0 0.9141914191419142 0.95625 0.07590759075907591 0.040625
0 0.33003300330033003 0.7046875 0.08250825082508251 0.034375
0 0.21122112211221122 0.6890625 0.1188118811881188 0.028125
0 0.0165016501650165 0.7 0.0297029702970297 0.046875
0 0.12211221122112212 0.6890625 0.056105610561056105 0.0265625
0 0.9851485148514851 0.15390625 0.0297029702970297 0.0359375
0 0.6732673267326733 0.7421875 0.07920792079207921 0.028125
0 0.7788778877887789 0.740625 0.10891089108910891 0.040625
0 0.9867986798679867 0.815625 0.026402640264026403 0.0296875
0 0.900990099009901 0.9140625 0.0891089108910891 0.0359375