0 0.12979351032448377 0.146875 0.10029498525073746 0.0359375
0 0.967551622418879 0.0265625 0.06489675516224189 0.0375
0 0.5457227138643068 0.334375 0.1592920353982301 0.0921875
0 0.45132743362831856 0.571875 0.11209439528023599 0.06875
0 0.471976401179941 0.7484375 0.13274336283185842 0.10625
0 0.37168141592920356 0.878125 0.13274336283185842 0.159375
0 0.032448377581120944 0.9203125 0.06489675516224189 0.03125
0 0.5899705014749262 0.5765625 0.12389380530973451 0.0515625
0 0.8761061946902655 0.8984375 0.1710914454277286 0.109375
0 0.8259587020648967 0.284375 0.0855457227138643 0.059375
0 0.9557522123893806 0.453125 0.08849557522123894 0.05625
0 0.7669616519174042 0.4984375 0.41002949852507375 0.440625
0 0.011799410029498525 0.43125 0.02064896755162242 0.0421875
0 0.29793510324483774 0.2453125 0.05604719764011799 0.0375
0 0.35988200589970504 0.278125 0.038348082595870206 0.0203125
0 0.49852507374631266 0.0328125 0.15634218289085547 0.0296875
0 0.2743362831858407 0.6203125 0.09734513274336283 0.06875
0 0.14749262536873156 0.725 0.1710914454277286 0.0578125
0 0.28023598820059 0.4515625 0.08849557522123894 0.0515625
0 0.9380530973451328 0.0625 0.061946902654867256 0.040625
0 0.014749262536873156 0.728125 0.029498525073746312 0.028125
0 0.06784660766961652 0.8625 0.06784660766961652 0.0265625
0 0.2743362831858407 0.7453125 0.05309734513274336 0.028125
0 0.02359882005899705 0.65 0.04424778761061947 0.0375
0 0.2182890855457227 0.125 0.06489675516224189 0.04375
0 0.49852507374631266 0.2125 0.11799410029498525 0.0515625
0 0.08259587020648967 0.2109375 0.13569321533923304 0.05625
0 0.13864306784660768 0.253125 0.11504424778761062 0.0265625
0 0.0058997050147492625 0.3484375 0.008849557522123894 0.040625
0 0.6814159292035398 0.9515625 0.029498525073746312 0.09375
0 0.6017699115044248 0.9578125 0.13864306784660768 0.065625
0 0.07669616519174041 0.596875 0.0855457227138643 0.03125
0 0.18289085545722714 0.596875 0.029498525073746312 0.0640625