0 0.2236842105263158 0.8890625 0.4473684210526316 0.196875
0 0.16776315789473684 0.1390625 0.33223684210526316 0.1421875
0 0.35855263157894735 0.49375 0.22697368421052633 0.125
0 0.7664473684210527 0.378125 0.29276315789473684 0.1078125
0 0.5789473684210527 0.0453125 0.26973684210526316 0.0890625
0 0.4276315789473684 0.2 0.17105263157894737 0.053125
0 0.9605263157894737 0.1203125 0.07894736842105263 0.1078125
0 0.125 0.6125 0.1611842105263158 0.0515625
0 0.19736842105263158 0.728125 0.07236842105263158 0.0640625
0 0.20065789473684212 0.0265625 0.07894736842105263 0.053125
0 0.4440789473684211 0.1390625 0.09210526315789473 0.0390625
0 0.7763157894736842 0.1265625 0.06907894736842106 0.040625
0 0.881578947368421 0.915625 0.11513157894736842 0.0484375
0 0.5296052631578947 0.9359375 0.125 0.0265625
0 0.009868421052631578 0.2890625 0.019736842105263157 0.0296875
0 0.04276315789473684 0.334375 0.05921052631578947 0.0296875
0 0.18092105263157895 0.3015625 0.05921052631578947 0.0234375
0 0.29605263157894735 0.346875 0.04276315789473684 0.03125
0 0.19736842105263158 0.3546875 0.08881578947368421 0.0421875
0 0.10526315789473684 0.4015625 0.07236842105263158 0.0390625
0 0.5756578947368421 0.5078125 0.16447368421052633 0.059375
0 0.41118421052631576 0.425 0.07894736842105263 0.053125
0 0.6085526315789473 0.29375 0.08223684210526316 0.0296875
0 0.5723684210526315 0.215625 0.13486842105263158 0.0390625
0 0.8421052631578947 0.1953125 0.07236842105263158 0.0328125
0 0.7006578947368421 0.14375 0.07236842105263158 0.0296875
0 0.01644736842105263 0.6875 0.03289473684210526 0.046875
0 0.03289473684210526 0.6578125 0.0625 0.03125
0 0.07894736842105263 0.6875 0.0625 0.0328125
0 0.6282894736842105 0.8671875 0.125 0.0234375
0 0.27960526315789475 0.6234375 0.09210526315789473 0.034375
0 0.6907894736842105 0.7203125 0.08223684210526316 0.046875
0 0.8947368421052632 0.7859375 0.15460526315789475 0.0390625
0 0.8618421052631579 0.8296875 0.08881578947368421 0.0375
0 0.5098684210526315 0.834375 0.049342105263157895 0.028125
0 0.006578947368421052 0.89375 0.013157894736842105 0.078125
0 0.506578947368421 0.540625 0.1118421052631579 0.0671875
0 0.375 0.6125 0.0756578947368421 0.0640625
0 0.33223684210526316 0.671875 0.09539473684210527 0.0453125