0 0.23355263157894737 0.4578125 0.46710526315789475 0.2171875
0 0.19736842105263158 0.2265625 0.3223684210526316 0.153125
0 0.6677631578947368 0.35625 0.25 0.1453125
0 0.7072368421052632 0.928125 0.5657894736842105 0.14375
0 0.17434210526315788 0.865625 0.3256578947368421 0.1453125
0 0.875 0.375 0.07236842105263158 0.0640625
0 0.3223684210526316 0.75 0.14473684210526316 0.0421875
0 0.7631578947368421 0.5328125 0.10197368421052631 0.0828125
0 0.9736842105263158 0.509375 0.049342105263157895 0.0703125
0 0.8486842105263158 0.4703125 0.13815789473684212 0.05625
0 0.29605263157894735 0.11875 0.10197368421052631 0.05625
0 0.40460526315789475 0.1296875 0.10197368421052631 0.0484375
0 0.8223684210526315 0.153125 0.09210526315789473 0.0390625
0 0.680921052631579 0.1828125 0.14802631578947367 0.06875
0 0.6907894736842105 0.240625 0.07236842105263158 0.0515625
0 0.7697368421052632 0.03125 0.046052631578947366 0.0265625
0 0.7203947368421053 0.0984375 0.07236842105263158 0.0328125
0 0.8125 0.09375 0.05921052631578947 0.0375
0 0.8355263157894737 0.0484375 0.10197368421052631 0.0390625
0 0.9013157894736842 0.0296875 0.17434210526315788 0.0578125
0 0.9407894736842105 0.0328125 0.08881578947368421 0.0484375
0 0.46710526315789475 0.0234375 0.125 0.046875
0 0.2894736842105263 0.05625 0.14802631578947367 0.04375
0 0.1513157894736842 0.0234375 0.07894736842105263 0.025
0 0.3223684210526316 0.675 0.09868421052631579 0.0234375