0 0.7003058103975535 0.8109375 0.25688073394495414 0.0703125
0 0.6941896024464832 0.8984375 0.13761467889908258 0.06875
0 0.9831804281345565 0.89140625 0.03363914373088685 0.0671875
0 0.8409785932721713 0.8984375 0.11926605504587157 0.0671875
0 0.4036697247706422 0.9734375 0.11926605504587157 0.05
0 0.8409785932721713 0.459375 0.17737003058103976 0.1046875
0 0.5902140672782875 0.384375 0.09785932721712538 0.05
0 0.7064220183486238 0.3296875 0.1162079510703364 0.04375
0 0.764525993883792 0.3609375 0.11009174311926606 0.05625
0 0.5229357798165137 0.3109375 0.12538226299694188 0.059375
0 0.40061162079510704 0.38125 0.11314984709480122 0.0671875
0 0.5015290519877675 0.375 0.11009174311926606 0.103125
0 0.43730886850152906 0.4546875 0.14678899082568808 0.0515625
0 0.4801223241590214 0.5125 0.11009174311926606 0.05625
0 0.9648318042813455 0.41796875 0.07033639143730887 0.0390625
0 0.7951070336391437 0.2796875 0.09785932721712538 0.0515625
0 0.6422018348623854 0.0765625 0.09785932721712538 0.0421875
0 0.5259938837920489 0.165625 0.09174311926605505 0.0359375
0 0.5626911314984709 0.2015625 0.07033639143730887 0.034375
0 0.3363914373088685 0.0328125 0.11926605504587157 0.0640625
0 0.5015290519877675 0.0609375 0.10397553516819572 0.0625
0 0.3944954128440367 0.1921875 0.09785932721712538 0.0703125
0 0.12232415902140673 0.2125 0.12844036697247707 0.0640625
0 0.27522935779816515 0.2921875 0.2966360856269113 0.0921875
0 0.2996941896024465 0.3734375 0.13761467889908258 0.0484375
0 0.308868501529052 0.146875 0.0764525993883792 0.025
0 0.45871559633027525 0.1484375 0.0764525993883792 0.0484375
0 0.290519877675841 0.0796875 0.08256880733944955 0.075
0 0.18042813455657492 0.0859375 0.12232415902140673 0.0625
0 0.05504587155963303 0.3828125 0.11009174311926606 0.0796875
0 0.13149847094801223 0.41875 0.0856269113149847 0.025
0 0.0764525993883792 0.51875 0.07033639143730887 0.0359375
0 0.26299694189602446 0.4921875 0.06116207951070336 0.05
0 0.2018348623853211 0.4484375 0.05504587155963303 0.040625
0 0.28134556574923547 0.4609375 0.06116207951070336 0.059375
0 0.05198776758409786 0.6875 0.10091743119266056 0.090625
0 0.15902140672782875 0.7203125 0.12232415902140673 0.053125
0 0.1345565749235474 0.7703125 0.13761467889908258 0.05625
0 0.4617737003058104 0.684375 0.07339449541284404 0.0546875
0 0.3149847094801223 0.69375 0.13761467889908258 0.0484375
0 0.3486238532110092 0.7609375 0.13761467889908258 0.040625
0 0.327217125382263 0.803125 0.10703363914373089 0.034375
0 0.42201834862385323 0.83125 0.0581039755351682 0.0453125
0 0.5412844036697247 0.8515625 0.07951070336391437 0.059375
0 0.8593272171253823 0.6875 0.0856269113149847 0.0609375
0 0.636085626911315 0.6484375 0.14678899082568808 0.08125
0 0.6330275229357798 0.590625 0.1559633027522936 0.04375
0 0.8837920489296636 0.5546875 0.1345565749235474 0.05
0 0.3363914373088685 0.6109375 0.13761467889908258 0.0515625
0 0.21100917431192662 0.628125 0.1620795107033639 0.0671875
0 0.06116207951070336 0.609375 0.11926605504587157 0.0671875
0 0.3180428134556575 0.55 0.10397553516819572 0.0359375
0 0.12538226299694188 0.565625 0.11926605504587157 0.03125
0 0.6146788990825688 0.4546875 0.11926605504587157 0.065625
0 0.9678899082568807 0.76015625 0.06422018348623854 0.0546875
0 0.8776758409785933 0.7359375 0.11926605504587157 0.05
0 0.0856269113149847 0.8578125 0.11009174311926606 0.053125
0 0.07951070336391437 0.9109375 0.15902140672782875 0.08125
0 0.021406727828746176 0.9890625 0.039755351681957186 0.021875
0 0.290519877675841 0.934375 0.0856269113149847 0.040625