0 0.029498525073746312 0.3046875 0.05604719764011799 0.090625
0 0.40412979351032446 0.334375 0.15339233038348082 0.125
0 0.7345132743362832 0.184375 0.17699115044247787 0.0828125
0 0.18584070796460178 0.734375 0.18289085545722714 0.1109375
0 0.9572271386430679 0.91328125 0.0855457227138643 0.1578125
0 0.9572271386430679 0.675 0.0855457227138643 0.090625
0 0.995575221238938 0.52890625 0.008849557522123894 0.0671875
0 0.8466076696165191 0.5359375 0.07964601769911504 0.0296875
0 0.39233038348082594 0.94375 0.10914454277286136 0.03125
0 0.8436578171091446 0.06875 0.07669616519174041 0.0359375
0 0.9778761061946902 0.11015625 0.04424778761061947 0.0484375
0 0.887905604719764 0.3671875 0.07964601769911504 0.034375
0 0.5309734513274337 0.38125 0.04424778761061947 0.025
0 0.31563421828908556 0.496875 0.04129793510324484 0.021875
0 0.22418879056047197 0.5375 0.0855457227138643 0.0453125
0 0.4808259587020649 0.2515625 0.07964601769911504 0.025
0 0.36578171091445427 0.2296875 0.07374631268436578 0.0265625
0 0.4336283185840708 0.5640625 0.10324483775811209 0.05625
0 0.7905604719764012 0.434375 0.08259587020648967 0.0484375
0 0.967551622418879 0.4421875 0.05604719764011799 0.05
0 0.9690265486725663 0.625 0.061946902654867256 0.0375
0 0.9085545722713865 0.725 0.0943952802359882 0.0390625
0 0.9926253687315634 0.78203125 0.014749262536873156 0.0359375
0 0.9026548672566371 0.7671875 0.07374631268436578 0.0265625
0 0.7433628318584071 0.790625 0.10324483775811209 0.04375
0 0.8495575221238938 0.7390625 0.029498525073746312 0.034375
0 0.8230088495575221 0.5984375 0.10324483775811209 0.05625
0 0.7050147492625368 0.73125 0.07374631268436578 0.0203125
0 0.5103244837758112 0.7171875 0.13274336283185842 0.053125
0 0.6076696165191741 0.853125 0.05604719764011799 0.0234375
0 0.9646017699115044 0.8921875 0.06489675516224189 0.0359375
0 0.5073746312684366 0.9703125 0.07374631268436578 0.0296875
0 0.6342182890855457 0.9734375 0.0855457227138643 0.0359375
0 0.4808259587020649 0.1484375 0.02654867256637168 0.0234375
0 0.5958702064896755 0.16875 0.07374631268436578 0.034375
0 0.09144542772861357 0.2484375 0.06489675516224189 0.0171875
0 0.2536873156342183 0.95625 0.05604719764011799 0.040625
0 0.7020648967551623 0.021875 0.20353982300884957 0.034375
0 0.22418879056047197 0.603125 0.11209439528023599 0.0421875
0 0.11799410029498525 0.903125 0.06784660766961652 0.0203125
0 0.6814159292035398 0.7828125 0.08849557522123894 0.0578125
0 0.6548672566371682 0.515625 0.11504424778761062 0.034375