0 0.294478527607362 0.8296875 0.3098159509202454 0.1484375
0 0.4785276073619632 0.934375 0.0736196319018405 0.0390625
0 0.5337423312883436 0.9859375 0.13496932515337423 0.0265625
0 0.49693251533742333 0.7359375 0.15030674846625766 0.0859375
0 0.6196319018404908 0.73125 0.13803680981595093 0.053125
0 0.6595092024539877 0.778125 0.15337423312883436 0.05
0 0.9294478527607362 0.8140625 0.1411042944785276 0.096875
0 0.5766871165644172 0.6359375 0.17484662576687116 0.090625
0 0.8128834355828221 0.4640625 0.254601226993865 0.090625
0 0.7147239263803681 0.571875 0.30368098159509205 0.125
0 0.1656441717791411 0.634375 0.11042944785276074 0.0625
0 0.27300613496932513 0.34375 0.5153374233128835 0.24375
0 0.18098159509202455 0.009375 0.3588957055214724 0.0171875
0 0.50920245398773 0.1734375 0.0736196319018405 0.040625
0 0.25153374233128833 0.1609375 0.10429447852760736 0.0671875
0 0.09202453987730061 0.096875 0.10429447852760736 0.0578125
0 0.03987730061349693 0.1609375 0.07975460122699386 0.053125
0 0.5552147239263804 0.0390625 0.0950920245398773 0.0546875
0 0.7730061349693251 0.096875 0.06134969325153374 0.04375
0 0.843558282208589 0.04375 0.13803680981595093 0.075
0 0.8159509202453987 0.00625 0.10122699386503067 0.0125
0 0.8251533742331288 0.26875 0.13803680981595093 0.0703125
0 0.6411042944785276 0.246875 0.1196319018404908 0.0875
0 0.9585889570552147 0.2390625 0.08282208588957055 0.09375
0 0.6073619631901841 0.384375 0.10122699386503067 0.0578125