0 0.01524390243902439 0.371875 0.027439024390243903 0.0984375
0 0.8292682926829268 0.81875 0.27439024390243905 0.2140625
0 0.8917682926829268 0.6203125 0.21646341463414634 0.315625
0 0.3902439024390244 0.771875 0.1798780487804878 0.0796875
0 0.25 0.765625 0.13109756097560976 0.078125
0 0.012195121951219513 0.5828125 0.024390243902439025 0.0671875
0 0.6554878048780488 0.0828125 0.11585365853658537 0.0421875
0 0.01524390243902439 0.184375 0.03048780487804878 0.0546875
0 0.027439024390243903 0.2515625 0.054878048780487805 0.040625
0 0.926829268292683 0.046875 0.08231707317073171 0.053125
0 0.09146341463414634 0.7140625 0.07926829268292683 0.0484375
0 0.08841463414634146 0.765625 0.10670731707317073 0.059375
0 0.11890243902439024 0.3859375 0.08231707317073171 0.0375
0 0.18292682926829268 0.4125 0.08231707317073171 0.05
0 0.3201219512195122 0.496875 0.10975609756097561 0.10625
0 0.4176829268292683 0.871875 0.10060975609756098 0.0515625
0 0.6158536585365854 0.8984375 0.054878048780487805 0.0296875
0 0.32621951219512196 0.9421875 0.10975609756097561 0.0484375
0 0.6554878048780488 0.9515625 0.054878048780487805 0.034375
0 0.3567073170731707 0.31875 0.08231707317073171 0.028125
0 0.5914634146341463 0.4171875 0.06097560975609756 0.0390625
0 0.021341463414634148 0.4046875 0.039634146341463415 0.0390625
0 0.39634146341463417 0.0671875 0.5884146341463414 0.134375
0 0.5213414634146342 0.140625 0.12195121951219512 0.0703125
0 0.8292682926829268 0.0578125 0.054878048780487805 0.046875
0 0.125 0.5609375 0.10365853658536585 0.071875
0 0.17682926829268292 0.6 0.10060975609756098 0.0546875
0 0.4146341463414634 0.56875 0.13719512195121952 0.1453125
0 0.01524390243902439 0.65625 0.027439024390243903 0.046875
0 0.24085365853658536 0.246875 0.10060975609756098 0.0421875
0 0.19207317073170732 0.2859375 0.13109756097560976 0.05
0 0.20121951219512196 0.334375 0.08841463414634146 0.0484375
0 0.6371951219512195 0.2359375 0.07926829268292683 0.053125
0 0.6859756097560976 0.2578125 0.027439024390243903 0.0375
0 0.823170731707317 0.2625 0.042682926829268296 0.040625
0 0.09146341463414634 0.9296875 0.0701219512195122 0.0421875
0 0.5152439024390244 0.9625 0.08231707317073171 0.034375
0 0.5030487804878049 0.896875 0.08231707317073171 0.0390625
0 0.01524390243902439 0.878125 0.03048780487804878 0.0328125
0 0.14634146341463414 0.846875 0.04878048780487805 0.028125
0 0.1951219512195122 0.8890625 0.07317073170731707 0.0421875
0 0.2926829268292683 0.978125 0.06707317073170732 0.0296875
0 0.4146341463414634 0.971875 0.14634146341463414 0.05625