0 0.7491749174917491 0.021875 0.5016501650165016 0.04375
0 0.23102310231023102 0.8375 0.46204620462046203 0.3234375
0 0.297029702970297 0.0046875 0.0594059405940594 0.009375
0 0.8283828382838284 0.9078125 0.25412541254125415 0.1515625
0 0.8910891089108911 0.1421875 0.0594059405940594 0.01875
0 0.8679867986798679 0.5703125 0.056105610561056105 0.0265625
0 0.3432343234323432 0.0375 0.0924092409240924 0.0171875
0 0.7260726072607261 0.203125 0.0924092409240924 0.04375
0 0.6204620462046204 0.3828125 0.052805280528052806 0.0328125
0 0.9174917491749175 0.1984375 0.056105610561056105 0.05
0 0.08250825082508251 0.06875 0.11221122112211221 0.025
0 0.9917491749174917 0.13515625 0.0165016501650165 0.0359375
0 0.033003300330033 0.00625 0.066006600660066 0.0109375
0 0.42244224422442245 0.453125 0.44554455445544555 0.13125
0 0.9372937293729373 0.7828125 0.1254125412541254 0.040625