0 0.9528023598820059 0.4890625 0.032448377581120944 0.0328125
0 0.7197640117994101 0.55625 0.0943952802359882 0.0390625
0 0.8849557522123894 0.55 0.07669616519174041 0.0296875
0 0.6430678466076696 0.6578125 0.05604719764011799 0.034375
0 0.7640117994100295 0.9109375 0.13569321533923304 0.0640625
0 0.6902654867256637 0.0359375 0.20353982300884957 0.071875
0 0.8820058997050148 0.0203125 0.10619469026548672 0.040625
0 0.8023598820058997 0.23125 0.13569321533923304 0.0875
0 0.9896755162241888 0.2453125 0.02064896755162242 0.046875
0 0.30383480825958703 0.659375 0.11504424778761062 0.0453125
0 0.10324483775811209 0.753125 0.04129793510324484 0.0390625
0 0.26253687315634217 0.8375 0.06784660766961652 0.028125
0 0.25958702064896755 0.0671875 0.058997050147492625 0.0703125
0 0.5752212389380531 0.2765625 0.12094395280235988 0.034375
0 0.7168141592920354 0.153125 0.05604719764011799 0.0296875