0 0.5794117647058824 0.653125 0.21764705882352942 0.071875
0 0.3558823529411765 0.684375 0.07352941176470588 0.04375
0 0.7382352941176471 0.2953125 0.07941176470588235 0.04375
0 0.6852941176470588 0.9953125 0.2 0.0078125
0 0.8735294117647059 0.9859375 0.10294117647058823 0.0265625
0 0.9808823529411764 0.53125 0.03823529411764706 0.025
0 0.24705882352941178 0.325 0.12352941176470589 0.01875
0 0.17647058823529413 0.353125 0.041176470588235294 0.040625
0 0.11764705882352941 0.5578125 0.1 0.071875
0 0.07647058823529412 0.746875 0.1 0.115625
0 0.861764705882353 0.3953125 0.10882352941176471 0.071875
0 0.9411764705882353 0.678125 0.08235294117647059 0.0421875
0 0.9147058823529411 0.7234375 0.1411764705882353 0.0625
0 0.7823529411764706 0.7984375 0.10588235294117647 0.0296875
0 0.7352941176470589 0.8984375 0.11764705882352941 0.0625
0 0.22941176470588234 0.9625 0.07058823529411765 0.03125
0 0.3323529411764706 0.9546875 0.08529411764705883 0.0484375
0 0.8676470588235294 0.9484375 0.12941176470588237 0.0390625