0 0.5198776758409785 0.9078125 0.20489296636085627 0.0640625
0 0.345565749235474 0.8296875 0.1926605504587156 0.075
0 0.3302752293577982 0.2015625 0.22629969418960244 0.1109375
0 0.0581039755351682 0.0796875 0.11314984709480122 0.115625
0 0.009174311926605505 0.4484375 0.01834862385321101 0.0734375
0 0.1162079510703364 0.459375 0.13761467889908258 0.0703125
0 0.7033639143730887 0.44375 0.11314984709480122 0.0703125
0 0.6085626911314985 0.5671875 0.10397553516819572 0.0640625
0 0.3486238532110092 0.565625 0.12538226299694188 0.0421875
0 0.3302752293577982 0.634375 0.0856269113149847 0.034375
0 0.8593272171253823 0.625 0.13761467889908258 0.05
0 0.7492354740061162 0.6125 0.1162079510703364 0.075
0 0.8073394495412844 0.6859375 0.11926605504587157 0.0328125
0 0.7339449541284404 0.021875 0.14678899082568808 0.0421875
0 0.6758409785932722 0.0765625 0.12844036697247707 0.0453125
0 0.9571865443425076 0.8734375 0.0856269113149847 0.0640625
0 0.8562691131498471 0.9859375 0.10703363914373089 0.0265625
0 0.3730886850152905 0.434375 0.0856269113149847 0.0390625
0 0.764525993883792 0.2515625 0.11009174311926606 0.053125
0 0.9556574923547401 0.37890625 0.08868501529051988 0.0421875
0 0.3180428134556575 0.009375 0.11314984709480122 0.01875
0 0.06116207951070336 0.7703125 0.0672782874617737 0.06875