0 0.2993421052631579 0.4609375 0.3618421052631579 0.2140625
0 0.8585526315789473 0.4 0.12828947368421054 0.0671875
0 0.6118421052631579 0.4859375 0.13486842105263158 0.0890625
0 0.7302631578947368 0.553125 0.13815789473684212 0.075
0 0.39473684210526316 0.596875 0.23684210526315788 0.0671875
0 0.1875 0.865625 0.2894736842105263 0.1390625
0 0.7861842105263158 0.93125 0.4243421052631579 0.1359375
0 0.7960526315789473 0.7625 0.10197368421052631 0.046875
0 0.23684210526315788 0.278125 0.20394736842105263 0.14375
0 0.6052631578947368 0.3734375 0.2138157894736842 0.14375
0 0.34210526315789475 0.7671875 0.09210526315789473 0.04375
0 0.01644736842105263 0.6796875 0.03289473684210526 0.053125
0 0.5197368421052632 0.8140625 0.13157894736842105 0.05625
0 0.9539473684210527 0.525 0.05921052631578947 0.034375
0 0.01644736842105263 0.0640625 0.029605263157894735 0.0703125
0 0.29605263157894735 0.103125 0.125 0.0484375
0 0.40789473684210525 0.1234375 0.049342105263157895 0.040625
0 0.35526315789473684 0.1546875 0.11842105263157894 0.034375
0 0.10855263157894737 0.1046875 0.05263157894736842 0.01875
0 0.4440789473684211 0.003125 0.05263157894736842 0.00625
0 0.1118421052631579 0.021875 0.11513157894736842 0.0421875
0 0.3026315789473684 0.0546875 0.0625 0.0390625
0 0.46381578947368424 0.028125 0.039473684210526314 0.028125
0 0.555921052631579 0.0640625 0.14802631578947367 0.0609375
0 0.7828947368421053 0.003125 0.0625 0.0046875
0 0.819078947368421 0.0078125 0.07236842105263158 0.015625
0 0.9342105263157895 0.0046875 0.08223684210526316 0.009375
0 0.8552631578947368 0.0546875 0.0756578947368421 0.0390625
0 0.75 0.053125 0.10197368421052631 0.059375
0 0.6907894736842105 0.103125 0.05263157894736842 0.0359375
0 0.75 0.125 0.06578947368421052 0.0234375
0 0.7631578947368421 0.0828125 0.01644736842105263 0.0046875
0 0.8355263157894737 0.08125 0.13157894736842105 0.01875
0 0.16776315789473684 0.5796875 0.05592105263157895 0.021875
0 0.13486842105263158 0.6015625 0.049342105263157895 0.01875
0 0.12171052631578948 0.675 0.039473684210526314 0.0234375
0 0.19407894736842105 0.6875 0.05592105263157895 0.0328125
0 0.25 0.7671875 0.0625 0.034375
0 0.506578947368421 0.6734375 0.06578947368421052 0.021875
0 0.7203947368421053 0.6515625 0.08223684210526316 0.03125
0 0.6513157894736842 0.6171875 0.06907894736842106 0.021875
0 0.7335526315789473 0.615625 0.04276315789473684 0.0203125
0 0.8552631578947368 0.615625 0.06578947368421052 0.0375
0 0.9177631578947368 0.6453125 0.049342105263157895 0.028125
0 0.8355263157894737 0.69375 0.03618421052631579 0.0296875
0 0.9144736842105263 0.7171875 0.049342105263157895 0.01875
0 0.08223684210526316 0.296875 0.15460526315789475 0.0453125