0 0.9375 0.0421875 0.125 0.0828125
0 0.5394736842105263 0.31875 0.2138157894736842 0.09375
0 0.819078947368421 0.31875 0.19736842105263158 0.1375
0 0.8453947368421053 0.10625 0.09210526315789473 0.0265625
0 0.8026315789473685 0.096875 0.19078947368421054 0.0796875
0 0.7927631578947368 0.203125 0.08223684210526316 0.04375
0 0.6019736842105263 0.134375 0.09210526315789473 0.034375
0 0.5197368421052632 0.1578125 0.10197368421052631 0.04375
0 0.3092105263157895 0.1109375 0.07894736842105263 0.046875
0 0.5986842105263158 0.234375 0.09539473684210527 0.0328125
0 0.06907894736842106 0.221875 0.13486842105263158 0.0578125
0 0.1118421052631579 0.2671875 0.1611842105263158 0.05625
0 0.33223684210526316 0.415625 0.125 0.053125
0 0.1611842105263158 0.40625 0.09539473684210527 0.0421875
0 0.6414473684210527 0.396875 0.15460526315789475 0.0640625
0 0.5657894736842105 0.453125 0.07894736842105263 0.0484375
0 0.7203947368421053 0.525 0.21052631578947367 0.040625
0 0.6973684210526315 0.584375 0.1875 0.0640625
0 0.868421052631579 0.4671875 0.1118421052631579 0.046875
0 0.9539473684210527 0.521875 0.09210526315789473 0.0609375
0 0.8717105263157895 0.615625 0.1611842105263158 0.05625
0 0.3782894736842105 0.5296875 0.10526315789473684 0.053125
0 0.2598684210526316 0.5359375 0.16447368421052633 0.053125
0 0.13157894736842105 0.5796875 0.125 0.0296875
0 0.32894736842105265 0.575 0.049342105263157895 0.021875
0 0.3848684210526316 0.0390625 0.09210526315789473 0.04375
0 0.5625 0.5734375 0.029605263157894735 0.0171875
0 0.6217105263157895 0.64375 0.13486842105263158 0.0515625
0 0.34868421052631576 0.7203125 0.20065789473684212 0.0484375
0 0.5 0.7703125 0.1611842105263158 0.0453125
0 0.07894736842105263 0.7078125 0.07894736842105263 0.0328125
0 0.17434210526315788 0.6359375 0.08223684210526316 0.0671875
0 0.2565789473684211 0.6828125 0.09539473684210527 0.0140625
0 0.881578947368421 0.934375 0.17434210526315788 0.0421875
0 0.7203947368421053 0.86875 0.0625 0.034375
0 0.29605263157894735 0.853125 0.06578947368421052 0.040625
0 0.22697368421052633 0.8765625 0.10197368421052631 0.0515625
0 0.3684210526315789 0.9234375 0.10197368421052631 0.04375
0 0.46381578947368424 0.940625 0.0625 0.0375
0 0.9736842105263158 0.9921875 0.049342105263157895 0.015625
0 0.9868421052631579 0.709375 0.02631578947368421 0.0765625
0 0.9046052631578947 0.6953125 0.1118421052631579 0.0625
0 0.8289473684210527 0.7328125 0.08552631578947369 0.0640625
0 0.5394736842105263 0.5921875 0.125 0.0296875
0 0.47368421052631576 0.659375 0.08552631578947369 0.0296875
0 0.9736842105263158 0.3703125 0.049342105263157895 0.053125
0 0.35855263157894735 0.3265625 0.09539473684210527 0.053125
0 0.15789473684210525 0.3328125 0.09210526315789473 0.040625
0 0.75 0.009375 0.07236842105263158 0.0171875
0 0.18421052631578946 0.071875 0.125 0.0640625
0 0.40131578947368424 0.11875 0.05921052631578947 0.059375
0 0.17434210526315788 0.128125 0.08223684210526316 0.0484375
0 0.34539473684210525 0.2609375 0.10526315789473684 0.0546875