0 0.7286585365853658 0.7125 0.1402439024390244 0.0875
0 0.3871951219512195 0.553125 0.11890243902439024 0.0546875
0 0.13719512195121952 0.98125 0.10670731707317073 0.0375
0 0.4054878048780488 0.478125 0.06097560975609756 0.025
0 0.4969512195121951 0.171875 0.10060975609756098 0.0234375
0 0.4847560975609756 0.228125 0.08231707317073171 0.0546875
0 0.5365853658536586 0.3203125 0.10975609756097561 0.05
0 0.19207317073170732 0.1921875 0.06707317073170732 0.0234375
0 0.4725609756097561 0.9875 0.09146341463414634 0.0234375
0 0.9146341463414634 0.54375 0.13719512195121952 0.1125
0 0.6951219512195121 0.0453125 0.23780487804878048 0.078125
0 0.7286585365853658 0.1671875 0.1951219512195122 0.146875
0 0.774390243902439 0.3765625 0.10975609756097561 0.1140625