0 0.8911764705882353 0.01875 0.05588235294117647 0.0359375
0 0.6882352941176471 0.096875 0.07941176470588235 0.05
0 0.2411764705882353 0.10625 0.11764705882352941 0.0359375
0 0.21470588235294116 0.2421875 0.06764705882352941 0.0265625
0 0.6029411764705882 0.2734375 0.03235294117647059 0.034375
0 0.6941176470588235 0.1921875 0.041176470588235294 0.0234375
0 0.8176470588235294 0.26875 0.06470588235294118 0.028125
0 0.9176470588235294 0.3171875 0.10294117647058823 0.034375
0 0.9529411764705882 0.903125 0.08235294117647059 0.0359375
0 0.2235294117647059 0.784375 0.11764705882352941 0.0359375
0 0.1 0.59375 0.09117647058823529 0.040625
0 0.020588235294117647 0.5 0.041176470588235294 0.01875
0 0.09705882352941177 0.5015625 0.03529411764705882 0.025
0 0.16176470588235295 0.5796875 0.01764705882352941 0.0296875
0 0.29705882352941176 0.46875 0.08235294117647059 0.0453125
0 0.3382352941176471 0.396875 0.041176470588235294 0.01875
0 0.4235294117647059 0.3546875 0.061764705882352944 0.046875
0 0.5 0.3734375 0.07352941176470588 0.028125
0 0.5617647058823529 0.4046875 0.07352941176470588 0.0390625
0 0.5058823529411764 0.4453125 0.058823529411764705 0.021875
0 0.6264705882352941 0.5828125 0.05588235294117647 0.0203125
0 0.5558823529411765 0.525 0.05588235294117647 0.0140625
0 0.4647058823529412 0.5171875 0.07647058823529412 0.03125
0 0.7294117647058823 0.4734375 0.06764705882352941 0.0390625
0 0.9058823529411765 0.4265625 0.07352941176470588 0.0515625
0 0.9588235294117647 0.3765625 0.07352941176470588 0.01875
0 0.4294117647058823 0.778125 0.03823529411764706 0.0359375
0 0.7352941176470589 0.8140625 0.05 0.0359375
0 0.8264705882352941 0.8234375 0.07647058823529412 0.0609375
0 0.9514705882352941 0.85 0.09705882352941177 0.04375