0 0.17699115044247787 0.03125 0.35398230088495575 0.0625
0 0.9837758112094396 0.81328125 0.032448377581120944 0.0359375
0 0.4690265486725664 0.63125 0.1887905604719764 0.0640625
0 0.40412979351032446 0.8734375 0.10324483775811209 0.0859375
0 0.2153392330383481 0.8375 0.07964601769911504 0.040625
0 0.41297935103244837 0.7421875 0.0943952802359882 0.0609375
0 0.7315634218289085 0.5671875 0.04424778761061947 0.059375
0 0.014749262536873156 0.9890625 0.02654867256637168 0.0203125
0 0.336283185840708 0.9859375 0.05014749262536873 0.0265625
0 0.4365781710914454 0.9921875 0.05309734513274336 0.015625
0 0.25958702064896755 0.9640625 0.12684365781710916 0.0671875
0 0.6489675516224189 0.6671875 0.0943952802359882 0.0515625
0 0.09144542772861357 0.7546875 0.05604719764011799 0.0328125
0 0.7699115044247787 0.825 0.11504424778761062 0.0359375
0 0.887905604719764 0.8640625 0.0855457227138643 0.0578125
0 0.6843657817109144 0.8265625 0.08259587020648967 0.065625
0 0.9749262536873157 0.98359375 0.05014749262536873 0.0296875
0 0.26253687315634217 0.6765625 0.12389380530973451 0.053125