0 0.3026315789473684 0.9234375 0.13157894736842105 0.0578125
0 0.0625 0.0984375 0.125 0.084375
0 0.039473684210526314 0.215625 0.07894736842105263 0.0828125
0 0.35526315789473684 0.3828125 0.12828947368421054 0.0421875
0 0.41118421052631576 0.15 0.08881578947368421 0.0453125
0 0.4473684210526316 0.925 0.10855263157894737 0.0421875
0 0.5723684210526315 0.9765625 0.11513157894736842 0.046875
0 0.22697368421052633 0.9828125 0.06907894736842106 0.0203125
0 0.15789473684210525 0.9046875 0.08881578947368421 0.034375
0 0.7927631578947368 0.6015625 0.08223684210526316 0.0265625
0 0.881578947368421 0.5703125 0.05263157894736842 0.0703125
0 0.12171052631578948 0.7453125 0.0756578947368421 0.04375
0 0.13815789473684212 0.0140625 0.09868421052631579 0.0265625
0 0.21710526315789475 0.003125 0.07894736842105263 0.0046875
0 0.33223684210526316 0.009375 0.06578947368421052 0.0171875
0 0.21052631578947367 0.2953125 0.1611842105263158 0.0484375
0 0.21710526315789475 0.340625 0.10526315789473684 0.03125
0 0.23684210526315788 0.371875 0.0625 0.0203125
0 0.7171052631578947 0.296875 0.19078947368421054 0.065625
0 0.7730263157894737 0.3015625 0.05263157894736842 0.040625
0 0.5625 0.4125 0.06578947368421052 0.034375
0 0.10855263157894737 0.44375 0.1513157894736842 0.0671875
0 0.3355263157894737 0.471875 0.10855263157894737 0.053125
0 0.21052631578947367 0.534375 0.08552631578947369 0.034375
0 0.3190789473684211 0.5265625 0.08223684210526316 0.05
0 0.11513157894736842 0.55 0.1118421052631579 0.0421875
0 0.02631578947368421 0.521875 0.049342105263157895 0.06875
0 0.15460526315789475 0.70625 0.08881578947368421 0.0328125
0 0.17105263157894737 0.6671875 0.15460526315789475 0.04375
0 0.03618421052631579 0.690625 0.07236842105263158 0.0328125
0 0.03289473684210526 0.771875 0.0625 0.05625
0 0.3980263157894737 0.6125 0.20065789473684212 0.0421875
0 0.3092105263157895 0.6296875 0.05592105263157895 0.0171875
0 0.5888157894736842 0.740625 0.05592105263157895 0.034375
0 0.694078947368421 0.746875 0.09210526315789473 0.040625
0 0.5493421052631579 0.775 0.06907894736842106 0.034375
0 0.631578947368421 0.7890625 0.09210526315789473 0.0328125
0 0.5592105263157895 0.84375 0.08881578947368421 0.0453125
0 0.22039473684210525 0.865625 0.06907894736842106 0.028125
0 0.2993421052631579 0.878125 0.09539473684210527 0.021875
0 0.3157894736842105 0.840625 0.06907894736842106 0.025
0 0.9276315789473685 0.4828125 0.13815789473684212 0.0265625
0 0.9490131578947368 0.5484375 0.10197368421052631 0.05
0 0.9720394736842105 0.97890625 0.05592105263157895 0.0390625
0 0.7993421052631579 0.8203125 0.10526315789473684 0.025
0 0.625 0.8984375 0.10526315789473684 0.0296875
0 0.8782894736842105 0.8921875 0.10855263157894737 0.0328125
0 0.9819078947368421 0.87734375 0.03618421052631579 0.0296875
0 0.9588815789473685 0.83828125 0.08223684210526316 0.0421875
0 0.9703947368421053 0.8109375 0.05263157894736842 0.0265625
0 0.39144736842105265 0.7171875 0.13486842105263158 0.0234375
0 0.6085526315789473 0.584375 0.09210526315789473 0.05
0 0.7796052631578947 0.646875 0.11842105263157894 0.0765625
0 0.049342105263157895 0.9625 0.09210526315789473 0.0453125