0 0.9375 0.1234375 0.12171052631578948 0.1859375
0 0.046052631578947366 0.0421875 0.09210526315789473 0.0828125
0 0.5789473684210527 0.0203125 0.13486842105263158 0.0390625
0 0.35526315789473684 0.003125 0.09210526315789473 0.0046875
0 0.48355263157894735 0.1609375 0.12828947368421054 0.0640625
0 0.3684210526315789 0.2015625 0.125 0.046875
0 0.28618421052631576 0.240625 0.10197368421052631 0.04375
0 0.14144736842105263 0.3359375 0.09210526315789473 0.053125
0 0.07894736842105263 0.1390625 0.1118421052631579 0.0640625
0 0.019736842105263157 0.521875 0.03618421052631579 0.0609375
0 0.14473684210526316 0.4453125 0.08223684210526316 0.0390625
0 0.33881578947368424 0.5046875 0.125 0.0578125
0 0.3026315789473684 0.4625 0.09210526315789473 0.03125
0 0.7302631578947368 0.415625 0.1611842105263158 0.0796875
0 0.8782894736842105 0.365625 0.16776315789473684 0.0625
0 0.32894736842105265 0.65625 0.14473684210526316 0.0734375
0 0.5032894736842105 0.7375 0.1118421052631579 0.040625
0 0.6875 0.7484375 0.0756578947368421 0.0515625
0 0.8453947368421053 0.690625 0.13157894736842105 0.078125
0 0.9901315789473685 0.8859375 0.019736842105263157 0.1421875
0 0.7763157894736842 0.984375 0.20394736842105263 0.03125
0 0.4309210526315789 0.965625 0.15460526315789475 0.0671875
0 0.06578947368421052 0.9921875 0.13157894736842105 0.015625
0 0.05921052631578947 0.709375 0.11513157894736842 0.0765625
0 0.11513157894736842 0.5046875 0.06578947368421052 0.053125
0 0.23026315789473684 0.565625 0.1118421052631579 0.046875
0 0.46381578947368424 0.484375 0.039473684210526314 0.053125
0 0.6447368421052632 0.5 0.09210526315789473 0.0390625
0 0.9802631578947368 0.2875 0.039473684210526314 0.0390625
0 0.8092105263157895 0.275 0.08881578947368421 0.0328125
0 0.6052631578947368 0.6 0.06578947368421052 0.05
0 0.7302631578947368 0.56875 0.08552631578947369 0.04375
0 0.631578947368421 0.7875 0.049342105263157895 0.01875
0 0.6480263157894737 0.81875 0.04276315789473684 0.0171875
0 0.8651315789473685 0.88125 0.17105263157894737 0.071875
0 0.13486842105263158 0.784375 0.09210526315789473 0.040625
0 0.04276315789473684 0.3703125 0.08552631578947369 0.053125
0 0.3519736842105263 0.2703125 0.046052631578947366 0.025
0 0.1875 0.2578125 0.14144736842105263 0.03125
0 0.75 0.0796875 0.0625 0.046875
0 0.7368421052631579 0.01875 0.05263157894736842 0.028125
0 0.8125 0.0359375 0.06907894736842106 0.0203125
0 0.4769736842105263 0.0640625 0.09210526315789473 0.0421875
0 0.5592105263157895 0.071875 0.06907894736842106 0.065625
0 0.7960526315789473 0.0078125 0.09868421052631579 0.015625
0 0.8585526315789473 0.0046875 0.0625 0.009375