0 0.9878048780487805 0.5609375 0.024390243902439025 0.1359375
0 0.6219512195121951 0.75625 0.14329268292682926 0.0546875
0 0.9847560975609756 0.3359375 0.03048780487804878 0.0703125
0 0.8719512195121951 0.1578125 0.09451219512195122 0.0609375
0 0.2774390243902439 0.1875 0.16463414634146342 0.0890625
0 0.16158536585365854 0.2203125 0.12195121951219512 0.0640625
0 0.0701219512195122 0.1171875 0.13719512195121952 0.059375
0 0.1798780487804878 0.096875 0.057926829268292686 0.046875
0 0.35365853658536583 0.09375 0.06402439024390244 0.0421875
0 0.2652439024390244 0.034375 0.11585365853658537 0.06875
0 0.3353658536585366 0.009375 0.07926829268292683 0.0171875
0 0.4054878048780488 0.0421875 0.0975609756097561 0.0453125
0 0.5 0.053125 0.06707317073170732 0.053125
0 0.4878048780487805 0.0875 0.10060975609756098 0.0609375
0 0.7042682926829268 0.01875 0.07621951219512195 0.0375
0 0.09146341463414634 0.309375 0.14329268292682926 0.10625
0 0.24390243902439024 0.3859375 0.10670731707317073 0.071875
0 0.4054878048780488 0.2890625 0.13109756097560976 0.0671875
0 0.3628048780487805 0.3609375 0.14939024390243902 0.0421875
0 0.16158536585365854 0.4203125 0.13719512195121952 0.1015625
0 0.3231707317073171 0.4296875 0.0975609756097561 0.0484375
0 0.9054878048780488 0.3390625 0.12804878048780488 0.0421875
0 0.7164634146341463 0.2203125 0.12804878048780488 0.0546875
0 0.5975609756097561 0.16875 0.13109756097560976 0.05
0 0.4146341463414634 0.1875 0.06402439024390244 0.0453125
0 0.9176829268292683 0.015625 0.10365853658536585 0.0296875
0 0.9725609756097561 0.134375 0.054878048780487805 0.0609375
0 0.7439024390243902 0.596875 0.10060975609756098 0.0625
0 0.5640243902439024 0.596875 0.11280487804878049 0.0421875
0 0.2652439024390244 0.6390625 0.11585365853658537 0.0421875
0 0.2347560975609756 0.5046875 0.09146341463414634 0.0421875
0 0.28353658536585363 0.55625 0.13109756097560976 0.0734375
0 0.3719512195121951 0.49375 0.06402439024390244 0.0453125
0 0.6798780487804879 0.496875 0.07317073170731707 0.065625
0 0.027439024390243903 0.6015625 0.051829268292682924 0.040625
0 0.027439024390243903 0.665625 0.054878048780487805 0.0578125
0 0.14634146341463414 0.565625 0.0701219512195122 0.046875
0 0.17073170731707318 0.640625 0.08231707317073171 0.034375
0 0.5213414634146342 0.6734375 0.042682926829268296 0.05
0 0.9237804878048781 0.6890625 0.06402439024390244 0.0421875
0 0.801829268292683 0.678125 0.06707317073170732 0.0265625
0 0.2804878048780488 0.7078125 0.06707317073170732 0.0546875
0 0.3871951219512195 0.6859375 0.07317073170731707 0.0359375
0 0.1402439024390244 0.8140625 0.17682926829268292 0.10625
0 0.4725609756097561 0.76875 0.07926829268292683 0.05
0 0.3475609756097561 0.8234375 0.09451219512195122 0.028125
0 0.25609756097560976 0.9171875 0.10365853658536585 0.0625
0 0.16158536585365854 0.978125 0.13109756097560976 0.0421875
0 0.5152439024390244 0.8421875 0.07621951219512195 0.0765625
0 0.7621951219512195 0.9046875 0.09146341463414634 0.0453125
0 0.551829268292683 0.925 0.0701219512195122 0.0578125
0 0.6280487804878049 0.9578125 0.04573170731707317 0.0265625
0 0.7225609756097561 0.9484375 0.051829268292682924 0.05
0 0.551829268292683 0.98125 0.06402439024390244 0.0375