0 0.7331288343558282 0.059375 0.25153374233128833 0.1171875
0 0.5797546012269938 0.3265625 0.254601226993865 0.109375
0 0.5736196319018405 0.1796875 0.1196319018404908 0.0359375
0 0.5030674846625767 0.246875 0.10429447852760736 0.040625
0 0.9355828220858896 0.4328125 0.07975460122699386 0.0359375
0 0.8803680981595092 0.621875 0.13803680981595093 0.0625
0 0.049079754601226995 0.6046875 0.09815950920245399 0.0765625
0 0.10429447852760736 0.7328125 0.20552147239263804 0.159375
0 0.05828220858895705 0.8625 0.1165644171779141 0.0703125
0 0.13190184049079753 0.9203125 0.13496932515337423 0.05625
0 0.3128834355828221 0.86875 0.10736196319018405 0.0625
0 0.26380368098159507 0.9203125 0.11042944785276074 0.04375
0 0.7116564417177914 0.4046875 0.0705521472392638 0.034375
0 0.656441717791411 0.4859375 0.13190184049079753 0.034375
0 0.6840490797546013 0.540625 0.1411042944785276 0.0640625
0 0.8895705521472392 0.5296875 0.11349693251533742 0.04375
0 0.7576687116564417 0.496875 0.10122699386503067 0.04375
0 0.8834355828220859 0.7328125 0.16257668711656442 0.0765625
0 0.5950920245398773 0.9015625 0.12269938650306748 0.09375
0 0.3588957055214724 0.9828125 0.0705521472392638 0.034375
0 0.4785276073619632 0.9546875 0.046012269938650305 0.0234375
0 0.7269938650306749 0.6609375 0.1441717791411043 0.06875
0 0.6411042944785276 0.7671875 0.12269938650306748 0.0484375
0 0.5153374233128835 0.778125 0.08588957055214724 0.034375
0 0.6257668711656442 0.8125 0.0950920245398773 0.0453125
0 0.13803680981595093 0.1546875 0.27300613496932513 0.178125
0 0.41411042944785276 0.184375 0.05828220858895705 0.0234375
0 0.8496932515337423 0.3171875 0.06748466257668712 0.0390625
0 0.7116564417177914 0.984375 0.08588957055214724 0.0296875
0 0.8926380368098159 0.0125 0.05214723926380368 0.0234375
0 0.9585889570552147 0.0265625 0.08282208588957055 0.040625
0 0.99079754601227 0.059375 0.018404907975460124 0.053125
0 0.7638036809815951 0.2125 0.0736196319018405 0.04375
0 0.8282208588957055 0.265625 0.05214723926380368 0.0265625
0 0.1196319018404908 0.33125 0.10429447852760736 0.0421875
0 0.2852760736196319 0.29375 0.07975460122699386 0.0609375
0 0.3773006134969325 0.34375 0.06134969325153374 0.0734375
0 0.44785276073619634 0.371875 0.06748466257668712 0.015625
0 0.4723926380368098 0.4234375 0.04294478527607362 0.034375
0 0.5368098159509203 0.4515625 0.06748466257668712 0.046875
0 0.3220858895705521 0.4703125 0.13190184049079753 0.0546875
0 0.549079754601227 0.603125 0.08282208588957055 0.0625
0 0.49693251533742333 0.6875 0.0736196319018405 0.0546875
0 0.4815950920245399 0.71875 0.12576687116564417 0.06875
0 0.42024539877300615 0.809375 0.05521472392638037 0.075
0 0.29754601226993865 0.728125 0.03067484662576687 0.0015625
0 0.32515337423312884 0.7421875 0.0736196319018405 0.1234375
0 0.22699386503067484 0.5234375 0.015337423312883436 0.03125
0 0.27607361963190186 0.5796875 0.10122699386503067 0.046875
0 0.24846625766871167 0.6203125 0.10429447852760736 0.06875
0 0.4785276073619632 0.615625 0.046012269938650305 0.053125
0 0.44785276073619634 0.5734375 0.10429447852760736 0.0796875
0 0.9263803680981595 0.7171875 0.07975460122699386 0.04375
0 0.8926380368098159 0.134375 0.0736196319018405 0.028125
0 0.05214723926380368 0.0078125 0.06748466257668712 0.015625
0 0.1656441717791411 0.015625 0.10429447852760736 0.0296875
0 0.9202453987730062 0.9734375 0.11042944785276074 0.053125
0 0.4049079754601227 0.996875 0.0705521472392638 0.00625
0 0.3067484662576687 0.9859375 0.12576687116564417 0.0265625
0 0.9478527607361963 0.3890625 0.05521472392638037 0.021875
0 0.995398773006135 0.33828125 0.009202453987730062 0.0265625