0 0.03353658536585366 0.98125 0.06707317073170732 0.0375
0 0.027439024390243903 0.9375 0.054878048780487805 0.034375
0 0.23780487804878048 0.9984375 0.08231707317073171 0.003125
0 0.03353658536585366 0.7015625 0.06402439024390244 0.0640625
0 0.25914634146341464 0.8640625 0.20121951219512196 0.103125
0 0.19207317073170732 0.55 0.19207317073170732 0.1296875
0 0.725609756097561 0.290625 0.5487804878048781 0.4703125
0 0.4969512195121951 0.646875 0.18597560975609756 0.115625
0 0.03353658536585366 0.7546875 0.06402439024390244 0.0328125
0 0.057926829268292686 0.0703125 0.0975609756097561 0.0484375
0 0.14329268292682926 0.1078125 0.06402439024390244 0.0453125
0 0.1798780487804878 0.190625 0.12195121951219512 0.0640625
0 0.19817073170731708 0.2609375 0.08231707317073171 0.0609375
0 0.3475609756097561 0.315625 0.09451219512195122 0.0703125
0 0.5365853658536586 0.0109375 0.12804878048780488 0.0203125
0 0.07926829268292683 0.65625 0.11585365853658537 0.0453125
0 0.15548780487804878 0.7421875 0.09146341463414634 0.028125
0 0.2926829268292683 0.665625 0.039634146341463415 0.034375
0 0.3902439024390244 0.7234375 0.11280487804878049 0.046875
0 0.5213414634146342 0.8375 0.08231707317073171 0.0421875
0 0.5091463414634146 0.9546875 0.1524390243902439 0.046875
0 0.7195121951219512 0.91875 0.17682926829268292 0.0765625
0 0.9237804878048781 0.9234375 0.0701219512195122 0.0859375
0 0.9329268292682927 0.8390625 0.125 0.0859375
0 0.823170731707317 0.584375 0.08841463414634146 0.046875
0 0.7835365853658537 0.6453125 0.10670731707317073 0.05
0 0.7286585365853658 0.6734375 0.10060975609756098 0.0640625
0 0.8323170731707317 0.725 0.08231707317073171 0.0546875
0 0.7042682926829268 0.7390625 0.07317073170731707 0.0375
0 0.5640243902439024 0.7703125 0.09451219512195122 0.0421875
0 0.04573170731707317 0.1453125 0.08841463414634146 0.0484375
0 0.4451219512195122 0.05625 0.10365853658536585 0.059375
0 0.23780487804878048 0.05 0.16463414634146342 0.09375