0 0.4309210526315789 0.1875 0.2565789473684211 0.1265625
0 0.8782894736842105 0.484375 0.24013157894736842 0.103125
0 0.3684210526315789 0.8234375 0.5888157894736842 0.2265625
0 0.4868421052631579 0.634375 0.2598684210526316 0.1546875
0 0.4868421052631579 0.028125 0.2631578947368421 0.046875
0 0.9375 0.9828125 0.125 0.0328125
0 0.8125 0.715625 0.11513157894736842 0.0421875
0 0.9835526315789473 0.7734375 0.03289473684210526 0.0328125
0 0.7138157894736842 0.390625 0.17105263157894737 0.0453125
0 0.555921052631579 0.3984375 0.2138157894736842 0.078125
0 0.5592105263157895 0.4453125 0.14144736842105263 0.06875
0 0.6513157894736842 0.521875 0.09868421052631579 0.0328125
0 0.9967105263157895 0.4125 0.006578947368421052 0.04375
0 0.8717105263157895 0.2890625 0.125 0.06875
0 0.6842105263157895 0.1421875 0.12828947368421054 0.0765625
0 0.8026315789473685 0.078125 0.09210526315789473 0.06875
0 0.125 0.384375 0.08552631578947369 0.05625
0 0.05263157894736842 0.3953125 0.10197368421052631 0.08125
0 0.05592105263157895 0.4953125 0.1118421052631579 0.075
0 0.2631578947368421 0.1078125 0.12828947368421054 0.0453125
0 0.48026315789473684 0.1015625 0.049342105263157895 0.0265625
0 0.6513157894736842 0.2765625 0.12828947368421054 0.053125
0 0.8355263157894737 0.203125 0.08881578947368421 0.034375
0 0.9177631578947368 0.8453125 0.1611842105263158 0.059375
0 0.023026315789473683 0.66875 0.046052631578947366 0.0484375
0 0.10197368421052631 0.621875 0.20065789473684212 0.0703125
0 0.40131578947368424 0.3203125 0.0756578947368421 0.034375
0 0.34210526315789475 0.371875 0.10526315789473684 0.04375
0 0.9572368421052632 0.0421875 0.08223684210526316 0.034375
0 0.6282894736842105 0.99375 0.15460526315789475 0.0109375
0 0.7171052631578947 0.9703125 0.10197368421052631 0.034375
0 0.4375 0.984375 0.14473684210526316 0.0296875
0 0.7335526315789473 0.7984375 0.08223684210526316 0.0390625
0 0.20065789473684212 0.5078125 0.09868421052631579 0.0390625
0 0.3355263157894737 0.503125 0.12171052631578948 0.0390625
0 0.24342105263157895 0.3265625 0.10526315789473684 0.071875
0 0.10855263157894737 0.08125 0.10855263157894737 0.0515625
0 0.20394736842105263 0.16875 0.08223684210526316 0.0640625