0 0.12171052631578948 0.1046875 0.24342105263157895 0.1140625
0 0.7483552631578947 0.97109375 0.5032894736842105 0.0546875
0 0.6414473684210527 0.15625 0.23355263157894737 0.1359375
0 0.6546052631578947 0.4546875 0.26644736842105265 0.121875
0 0.4342105263157895 0.6765625 0.21052631578947367 0.103125
0 0.24342105263157895 0.8140625 0.13157894736842105 0.0515625
0 0.5526315789473685 0.79375 0.14802631578947367 0.059375
0 0.23026315789473684 0.9515625 0.125 0.040625
0 0.4342105263157895 0.2484375 0.1875 0.1046875
0 0.19407894736842105 0.240625 0.34210526315789475 0.146875
0 0.14802631578947367 0.79375 0.1611842105263158 0.04375
0 0.8322368421052632 0.63125 0.09868421052631579 0.0421875
0 0.8585526315789473 0.7921875 0.0756578947368421 0.0359375
0 0.7993421052631579 0.8578125 0.07894736842105263 0.0359375
0 0.930921052631579 0.6125 0.09539473684210527 0.034375
0 0.7631578947368421 0.7 0.05263157894736842 0.040625
0 0.7072368421052632 0.771875 0.10526315789473684 0.0390625
0 0.3190789473684211 0.65625 0.12171052631578948 0.0390625
0 0.2138157894736842 0.7 0.08881578947368421 0.034375
0 0.029605263157894735 0.7734375 0.05921052631578947 0.05625
0 0.049342105263157895 0.85 0.06578947368421052 0.0296875
0 0.8388157894736842 0.89375 0.05592105263157895 0.0390625
0 0.9342105263157895 0.928125 0.06907894736842106 0.034375
0 0.875 0.859375 0.05592105263157895 0.03125
0 0.08223684210526316 0.9265625 0.09210526315789473 0.021875
0 0.10197368421052631 0.965625 0.10855263157894737 0.053125
0 0.08223684210526316 0.996875 0.08552631578947369 0.00625
0 0.29605263157894735 0.9890625 0.05921052631578947 0.0203125