0 0.6151315789473685 0.1109375 0.3848684210526316 0.1578125
0 0.9736842105263158 0.375 0.049342105263157895 0.065625
0 0.7796052631578947 0.2859375 0.28289473684210525 0.10625
0 0.7598684210526315 0.8546875 0.4769736842105263 0.2671875
0 0.5230263157894737 0.6421875 0.1513157894736842 0.0640625
0 0.11513157894736842 0.503125 0.16447368421052633 0.0546875
0 0.4375 0.6859375 0.11513157894736842 0.0578125
0 0.006578947368421052 0.4453125 0.013157894736842105 0.0390625
0 0.9736842105263158 0.1515625 0.05263157894736842 0.0640625
0 0.26973684210526316 0.35625 0.1875 0.078125
0 0.26644736842105265 0.2875 0.11842105263157894 0.059375
0 0.4868421052631579 0.3046875 0.11842105263157894 0.046875
0 0.7631578947368421 0.4484375 0.125 0.0578125
0 0.8848684210526315 0.475 0.14802631578947367 0.08125
0 0.5164473684210527 0.5171875 0.08223684210526316 0.0546875
0 0.8782894736842105 0.6515625 0.046052631578947366 0.0453125
0 0.17434210526315788 0.7828125 0.09210526315789473 0.0421875
0 0.006578947368421052 0.653125 0.009868421052631578 0.0203125
0 0.06907894736842106 0.05 0.09539473684210527 0.034375
0 0.20723684210526316 0.1234375 0.09210526315789473 0.0328125
0 0.3026315789473684 0.209375 0.07236842105263158 0.0421875
0 0.3651315789473684 0.1390625 0.05263157894736842 0.034375
0 0.9868421052631579 0.9984375 0.02631578947368421 0.0015625