0 0.6637168141592921 0.290625 0.13274336283185842 0.0625
0 0.25958702064896755 0.4921875 0.10324483775811209 0.0671875
0 0.9808259587020649 0.8484375 0.038348082595870206 0.09375
0 0.44542772861356933 0.5421875 0.07374631268436578 0.0453125
0 0.976401179941003 0.6671875 0.04424778761061947 0.03125
0 0.5634218289085545 0.0203125 0.0943952802359882 0.03125
0 0.4424778761061947 0.075 0.0855457227138643 0.046875
0 0.9174041297935103 0.0171875 0.11209439528023599 0.034375
0 0.887905604719764 0.1359375 0.07964601769911504 0.0421875
0 0.6873156342182891 0.4515625 0.10029498525073746 0.0421875
0 0.943952802359882 0.5578125 0.07964601769911504 0.05
0 0.8112094395280236 0.7796875 0.11209439528023599 0.0265625
0 0.471976401179941 0.859375 0.07079646017699115 0.0703125
0 0.3274336283185841 0.878125 0.06784660766961652 0.028125
0 0.30678466076696165 0.9328125 0.12389380530973451 0.0453125
0 0.35398230088495575 0.7546875 0.058997050147492625 0.0484375
0 0.46017699115044247 0.625 0.10914454277286136 0.021875
0 0.35398230088495575 0.6703125 0.05309734513274336 0.021875
0 0.3834808259587021 0.6890625 0.06489675516224189 0.009375
0 0.696165191740413 0.9609375 0.05309734513274336 0.0546875
0 0.035398230088495575 0.2015625 0.06784660766961652 0.046875
0 0.2920353982300885 0.24375 0.1415929203539823 0.04375
0 0.07079646017699115 0.5953125 0.035398230088495575 0.046875
0 0.28023598820059 0.8203125 0.12684365781710916 0.065625
0 0.7020648967551623 0.70625 0.14454277286135694 0.034375