0 0.5958702064896755 0.0828125 0.15634218289085547 0.0859375
0 0.10324483775811209 0.9953125 0.07374631268436578 0.0078125
0 0.15339233038348082 0.125 0.08259587020648967 0.028125
0 0.3215339233038348 0.13125 0.06489675516224189 0.0296875
0 0.46017699115044247 0.2328125 0.11799410029498525 0.0484375
0 0.9454277286135693 0.78359375 0.10914454277286136 0.0921875
0 0.18584070796460178 0.6796875 0.04129793510324484 0.0296875
0 0.02064896755162242 0.621875 0.038348082595870206 0.040625
0 0.07079646017699115 0.375 0.10914454277286136 0.0234375
0 0.20648967551622419 0.2734375 0.10029498525073746 0.0453125
0 0.1976401179941003 0.00625 0.14749262536873156 0.0109375