0 0.03353658536585366 0.98125 0.06402439024390244 0.0375
0 0.09146341463414634 0.9671875 0.11585365853658537 0.0640625
0 0.4298780487804878 0.5171875 0.1951219512195122 0.109375
0 0.8445121951219512 0.4015625 0.2225609756097561 0.1296875
0 0.17378048780487804 0.4796875 0.22865853658536586 0.059375
0 0.17378048780487804 0.603125 0.0975609756097561 0.05
0 0.524390243902439 0.640625 0.08231707317073171 0.0453125
0 0.5670731707317073 0.7203125 0.08536585365853659 0.046875
0 0.47865853658536583 0.6953125 0.07926829268292683 0.034375
0 0.49085365853658536 0.7328125 0.08231707317073171 0.0234375
0 0.0975609756097561 0.140625 0.13719512195121952 0.0703125
0 0.5 0.3796875 0.08536585365853659 0.0515625
0 0.7865853658536586 0.24375 0.10975609756097561 0.0421875
0 0.8963414634146342 0.1421875 0.10365853658536585 0.06875
0 0.7530487804878049 0.1171875 0.1676829268292683 0.09375
0 0.9695121951219512 0.0140625 0.057926829268292686 0.028125
0 0.10060975609756098 0.8359375 0.11585365853658537 0.046875
0 0.5 0.1703125 0.1676829268292683 0.0796875
0 0.375 0.225 0.10060975609756098 0.0484375
0 0.3475609756097561 0.096875 0.11890243902439024 0.05
0 0.3902439024390244 0.1109375 0.0701219512195122 0.046875
0 0.03353658536585366 0.0125 0.06707317073170732 0.025
0 0.006097560975609756 0.8671875 0.012195121951219513 0.0390625
0 0.2865853658536585 0.6671875 0.10060975609756098 0.05
0 0.6646341463414634 0.9171875 0.1676829268292683 0.0671875