0 0.6282894736842105 0.3125 0.2894736842105263 0.1375
0 0.2598684210526316 0.878125 0.2631578947368421 0.178125
0 0.6381578947368421 0.98125 0.23684210526315788 0.0359375
0 0.10855263157894737 0.0921875 0.21710526315789475 0.1046875
0 0.039473684210526314 0.43125 0.0756578947368421 0.065625
0 0.39144736842105265 0.5578125 0.10855263157894737 0.053125
0 0.48026315789473684 0.5984375 0.09210526315789473 0.0390625
0 0.5230263157894737 0.515625 0.08223684210526316 0.059375
0 0.631578947368421 0.5296875 0.13486842105263158 0.0390625
0 0.8585526315789473 0.3875 0.15460526315789475 0.071875
0 0.9177631578947368 0.4671875 0.14144736842105263 0.04375
0 0.7598684210526315 0.5078125 0.1118421052631579 0.046875
0 0.875 0.521875 0.07894736842105263 0.053125
0 0.819078947368421 0.5890625 0.08223684210526316 0.0515625
0 0.5427631578947368 0.703125 0.13486842105263158 0.0640625
0 0.29276315789473684 0.6546875 0.125 0.059375
0 0.23026315789473684 0.7328125 0.125 0.0640625
0 0.7302631578947368 0.6296875 0.08223684210526316 0.05
0 0.375 0.625 0.09210526315789473 0.0453125
0 0.13157894736842105 0.9078125 0.0625 0.046875
0 0.01644736842105263 0.2765625 0.029605263157894735 0.05
0 0.3848684210526316 0.3078125 0.08881578947368421 0.040625
0 0.8947368421052632 0.2125 0.0756578947368421 0.0640625
0 0.631578947368421 0.0953125 0.09868421052631579 0.034375
0 0.8026315789473685 0.0546875 0.1875 0.109375
0 0.22039473684210525 0.0046875 0.08552631578947369 0.009375
0 0.039473684210526314 0.015625 0.0756578947368421 0.03125
0 0.7796052631578947 0.803125 0.07894736842105263 0.0375
0 0.07894736842105263 0.503125 0.13157894736842105 0.0359375
0 0.06578947368421052 0.5546875 0.09210526315789473 0.046875
0 0.23355263157894737 0.0390625 0.046052631578947366 0.025
0 0.46381578947368424 0.0265625 0.08881578947368421 0.053125
0 0.46381578947368424 0.11875 0.10197368421052631 0.0375
0 0.9835526315789473 0.7421875 0.029605263157894735 0.1296875