0 0.9709480122324159 0.99140625 0.0581039755351682 0.0140625
0 0.6788990825688074 0.40625 0.1529051987767584 0.0703125
0 0.1529051987767584 0.5578125 0.18042813455657492 0.0921875
0 0.2691131498470948 0.68125 0.12232415902140673 0.0578125
0 0.3425076452599388 0.7703125 0.08256880733944955 0.05
0 0.8073394495412844 0.478125 0.0764525993883792 0.0375
0 0.8134556574923547 0.759375 0.1437308868501529 0.0515625
0 0.6483180428134556 0.8671875 0.0581039755351682 0.040625
0 0.7155963302752294 0.89375 0.0672782874617737 0.0578125
0 0.7737003058103975 0.978125 0.10397553516819572 0.04375
0 0.6483180428134556 0.0046875 0.24464831804281345 0.009375
0 0.617737003058104 0.0359375 0.13761467889908258 0.0453125
0 0.5321100917431193 0.1078125 0.1712538226299694 0.0765625
0 0.40672782874617736 0.23125 0.14984709480122324 0.0640625
0 0.2966360856269113 0.1609375 0.1162079510703364 0.053125
0 0.18654434250764526 0.1328125 0.18042813455657492 0.05
0 0.26299694189602446 0.0140625 0.09785932721712538 0.0265625
0 0.7033639143730887 0.21875 0.08868501529051988 0.034375
0 0.2691131498470948 0.375 0.12538226299694188 0.05
0 0.024464831804281346 0.415625 0.045871559633027525 0.0453125
0 0.14067278287461774 0.4359375 0.14984709480122324 0.040625
0 0.1620795107033639 0.2359375 0.1529051987767584 0.084375
0 0.045871559633027525 0.159375 0.07033639143730887 0.071875
0 0.03669724770642202 0.2390625 0.07033639143730887 0.075
0 0.6024464831804281 0.328125 0.0764525993883792 0.06875
0 0.9801223241590215 0.8859375 0.039755351681957186 0.040625
0 0.11009174311926606 0.940625 0.15902140672782875 0.0515625
0 0.7217125382262997 0.153125 0.1926605504587156 0.059375
0 0.8807339449541285 0.1515625 0.06116207951070336 0.0625