0 0.5276073619631901 0.6203125 0.3067484662576687 0.16875
0 0.2607361963190184 0.678125 0.19325153374233128 0.1203125
0 0.8496932515337423 0.1 0.3006134969325153 0.1734375
0 0.12576687116564417 0.340625 0.25153374233128833 0.2484375
0 0.8696319018404908 0.7671875 0.2607361963190184 0.221875
0 0.11042944785276074 0.128125 0.0705521472392638 0.0296875
0 0.3282208588957055 0.215625 0.0705521472392638 0.034375
0 0.3374233128834356 0.2984375 0.11042944785276074 0.053125
0 0.3220858895705521 0.3984375 0.18711656441717792 0.109375
0 0.3496932515337423 0.825 0.12269938650306748 0.04375
0 0.19938650306748465 0.8078125 0.0950920245398773 0.065625
0 0.17177914110429449 0.525 0.06748466257668712 0.0375
0 0.0736196319018405 0.496875 0.07668711656441718 0.034375
0 0.6993865030674846 0.346875 0.0705521472392638 0.03125
0 0.8895705521472392 0.321875 0.08588957055214724 0.08125
0 0.803680981595092 0.2828125 0.11349693251533742 0.0703125
0 0.5368098159509203 0.196875 0.13803680981595093 0.053125
0 0.6717791411042945 0.25 0.08282208588957055 0.0296875
0 0.9294478527607362 0.23125 0.10429447852760736 0.0609375
0 0.22392638036809817 0.978125 0.13190184049079753 0.04375
0 0.6441717791411042 0.890625 0.15950920245398773 0.05625
0 0.8987730061349694 0.9234375 0.06748466257668712 0.0484375
0 0.9677914110429447 0.98984375 0.06441717791411043 0.0171875