0 0.8810975609756098 0.3734375 0.2347560975609756 0.19375
0 0.17378048780487804 0.4328125 0.2804878048780488 0.1046875
0 0.29573170731707316 0.1546875 0.1402439024390244 0.078125
0 0.6646341463414634 0.15 0.06707317073170732 0.0546875
0 0.8292682926829268 0.2109375 0.12804878048780488 0.0453125
0 0.375 0.209375 0.2225609756097561 0.0390625
0 0.4847560975609756 0.253125 0.09451219512195122 0.0328125
0 0.25 0.6828125 0.1798780487804878 0.084375
0 0.09451219512195122 0.7546875 0.18902439024390244 0.09375
0 0.7469512195121951 0.9875 0.47560975609756095 0.025
0 0.6280487804878049 0.875 0.14329268292682926 0.0515625
0 0.25914634146341464 0.9671875 0.23780487804878048 0.0640625
0 0.9542682926829268 0.725 0.08841463414634146 0.028125
0 0.975609756097561 0.8 0.04573170731707317 0.046875
0 0.4024390243902439 0.4640625 0.15548780487804878 0.1
0 0.6676829268292683 0.55625 0.054878048780487805 0.034375
0 0.9695121951219512 0.5828125 0.057926829268292686 0.0265625
0 0.948170731707317 0.121875 0.10060975609756098 0.075
0 0.021341463414634148 0.084375 0.039634146341463415 0.0515625
0 0.7164634146341463 0.053125 0.07926829268292683 0.025
0 0.7469512195121951 0.1 0.12195121951219512 0.05
0 0.5274390243902439 0.146875 0.125 0.046875
0 0.6036585365853658 0.1921875 0.04573170731707317 0.0375
0 0.5213414634146342 0.3109375 0.07621951219512195 0.0265625
0 0.5579268292682927 0.35625 0.10975609756097561 0.0390625
0 0.1951219512195122 0.225 0.11280487804878049 0.0625
0 0.07926829268292683 0.234375 0.15853658536585366 0.0578125
0 0.4146341463414634 0.0015625 0.14634146341463414 0.0015625
0 0.18597560975609756 0.0453125 0.125 0.0578125
0 0.7591463414634146 0.5234375 0.051829268292682924 0.0421875
0 0.5914634146341463 0.6078125 0.057926829268292686 0.059375
0 0.8262195121951219 0.584375 0.054878048780487805 0.0328125
0 0.7621951219512195 0.6078125 0.04878048780487805 0.0265625
0 0.5853658536585366 0.4109375 0.04878048780487805 0.028125
0 0.012195121951219513 0.353125 0.024390243902439025 0.025
0 0.14939024390243902 0.2640625 0.06707317073170732 0.034375
0 0.698170731707317 0.346875 0.08231707317073171 0.0328125
0 0.698170731707317 0.7703125 0.07317073170731707 0.0578125