0 0.4473684210526316 0.11875 0.4769736842105263 0.2359375
0 0.15460526315789475 0.184375 0.3092105263157895 0.196875
0 0.8421052631578947 0.253125 0.3125 0.2171875
0 0.48026315789473684 0.9703125 0.45723684210526316 0.059375
0 0.009868421052631578 0.953125 0.01644736842105263 0.0828125
0 0.2993421052631579 0.75625 0.12171052631578948 0.0703125
0 0.2236842105263158 0.2875 0.09539473684210527 0.0265625
0 0.0756578947368421 0.2890625 0.1118421052631579 0.0625
0 0.03618421052631579 0.021875 0.06907894736842106 0.04375
0 0.46381578947368424 0.2765625 0.05592105263157895 0.0453125
0 0.6480263157894737 0.2765625 0.04276315789473684 0.0453125
0 0.9111842105263158 0.3890625 0.1513157894736842 0.0390625
0 0.17763157894736842 0.5578125 0.08881578947368421 0.0671875
0 0.2631578947368421 0.6109375 0.06578947368421052 0.059375
0 0.07236842105263158 0.4625 0.08881578947368421 0.04375
0 0.12171052631578948 0.403125 0.1118421052631579 0.0796875
0 0.24013157894736842 0.3546875 0.09539473684210527 0.05
0 0.39144736842105265 0.390625 0.15460526315789475 0.05
0 0.6578947368421053 0.3859375 0.125 0.0609375
0 0.7467105263157895 0.5046875 0.125 0.0546875
0 0.881578947368421 0.4828125 0.10197368421052631 0.0609375
0 0.33223684210526316 0.4953125 0.1118421052631579 0.04375
0 0.5098684210526315 0.4921875 0.11513157894736842 0.0578125
0 0.5197368421052632 0.5515625 0.0756578947368421 0.0609375
0 0.7631578947368421 0.609375 0.09868421052631579 0.059375
0 0.013157894736842105 0.7796875 0.023026315789473683 0.0484375
0 0.13815789473684212 0.9296875 0.16447368421052633 0.0703125
0 0.7828947368421053 0.8875 0.08223684210526316 0.065625
0 0.9473684210526315 0.8015625 0.10197368421052631 0.046875