0 0.11513157894736842 0.5390625 0.22697368421052633 0.078125
0 0.7417763157894737 0.25 0.5164473684210527 0.334375
0 0.05263157894736842 0.078125 0.10197368421052631 0.0953125
0 0.75 0.01875 0.12828947368421054 0.0375
0 0.019736842105263157 0.2171875 0.03618421052631579 0.028125
0 0.12828947368421054 0.2671875 0.03618421052631579 0.0171875
0 0.039473684210526314 0.2671875 0.07894736842105263 0.059375
0 0.06578947368421052 0.603125 0.13157894736842105 0.0375
0 0.6447368421052632 0.5703125 0.1611842105263158 0.0671875
0 0.8092105263157895 0.4921875 0.08223684210526316 0.040625
0 0.930921052631579 0.54375 0.11513157894736842 0.0484375
0 0.9424342105263158 0.49140625 0.11513157894736842 0.0796875
0 0.5921052631578947 0.4421875 0.06578947368421052 0.0390625
0 0.09539473684210527 0.43125 0.11842105263157894 0.0453125
0 0.13486842105263158 0.978125 0.19736842105263158 0.0421875
0 0.5032894736842105 0.9234375 0.10197368421052631 0.0421875
0 0.6776315789473685 0.903125 0.10197368421052631 0.0515625
0 0.17105263157894737 0.784375 0.12171052631578948 0.0578125
0 0.7467105263157895 0.7375 0.17763157894736842 0.053125
0 0.8256578947368421 0.690625 0.10855263157894737 0.0421875
0 0.3881578947368421 0.859375 0.19078947368421054 0.04375
0 0.3848684210526316 0.928125 0.13157894736842105 0.0375
0 0.4440789473684211 0.8125 0.17434210526315788 0.0375