0 0.16501650165016502 0.0359375 0.22442244224422442 0.0703125
0 0.19141914191419143 0.68125 0.23102310231023102 0.125
0 0.3234323432343234 0.4609375 0.1848184818481848 0.1546875
0 0.5313531353135313 0.875 0.1551155115511551 0.0734375
0 0.5676567656765676 0.0125 0.14521452145214522 0.0234375
0 0.7161716171617162 0.6453125 0.1782178217821782 0.1109375
0 0.1617161716171617 0.79375 0.12871287128712872 0.040625
0 0.6567656765676567 0.7265625 0.08250825082508251 0.0546875
0 0.5379537953795379 0.796875 0.06930693069306931 0.0109375
0 0.31683168316831684 0.1828125 0.1551155115511551 0.0796875
0 0.19141914191419143 0.1890625 0.17491749174917492 0.121875
0 0.6039603960396039 0.3875 0.013201320132013201 0.078125
0 0.7095709570957096 0.2859375 0.08250825082508251 0.040625
0 0.5346534653465347 0.2765625 0.08250825082508251 0.01875