0 0.9740853658536586 0.11640625 0.051829268292682924 0.0453125
0 0.19817073170731708 0.071875 0.10975609756097561 0.0703125
0 0.801829268292683 0.7609375 0.07317073170731707 0.0421875
0 0.7835365853658537 0.48125 0.051829268292682924 0.04375
0 0.5853658536585366 0.53125 0.08536585365853659 0.034375
0 0.8932926829268293 0.003125 0.06097560975609756 0.0046875
0 0.8475609756097561 0.0046875 0.039634146341463415 0.009375
0 0.6219512195121951 0.228125 0.07621951219512195 0.034375
0 0.7012195121951219 0.2296875 0.10365853658536585 0.0375
0 0.3048780487804878 0.6421875 0.08231707317073171 0.0421875
0 0.5579268292682927 0.7328125 0.0975609756097561 0.0453125
0 0.7591463414634146 0.6453125 0.11280487804878049 0.025
0 0.039634146341463415 0.74375 0.07926829268292683 0.034375
0 0.5975609756097561 0.034375 0.10365853658536585 0.0421875
0 0.8079268292682927 0.0671875 0.07317073170731707 0.046875
0 0.9054878048780488 0.409375 0.12195121951219512 0.05
0 0.009146341463414634 0.4171875 0.01524390243902439 0.0390625
0 0.4878048780487805 0.2890625 0.11585365853658537 0.078125