0 0.9802631578947368 0.8890625 0.039473684210526314 0.196875
0 0.7697368421052632 0.9734375 0.3355263157894737 0.053125
0 0.944078947368421 0.1390625 0.10855263157894737 0.1421875
0 0.7171052631578947 0.4125 0.34868421052631576 0.175
0 0.3190789473684211 0.6734375 0.2236842105263158 0.128125
0 0.12171052631578948 0.35 0.10197368421052631 0.0609375
0 0.33881578947368424 0.503125 0.17105263157894737 0.0734375
0 0.17105263157894737 0.446875 0.15460526315789475 0.065625
0 0.2631578947368421 0.246875 0.1118421052631579 0.040625
0 0.04276315789473684 0.0375 0.08223684210526316 0.075
0 0.5888157894736842 0.0140625 0.09210526315789473 0.028125
0 0.6578947368421053 0.0546875 0.1875 0.059375
0 0.4967105263157895 0.165625 0.125 0.0578125
0 0.9111842105263158 0.3703125 0.17434210526315788 0.059375
0 0.8026315789473685 0.6703125 0.21710526315789475 0.0890625
0 0.46381578947368424 0.9734375 0.125 0.053125
0 0.19078947368421054 0.275 0.10855263157894737 0.0328125
0 0.8322368421052632 0.284375 0.10855263157894737 0.0421875
0 0.9802631578947368 0.2890625 0.03618421052631579 0.0296875
0 0.3519736842105263 0.090625 0.11513157894736842 0.04375
0 0.08881578947368421 0.25 0.0625 0.0203125
0 0.21052631578947367 0.2203125 0.07236842105263158 0.0328125
0 0.32894736842105265 0.265625 0.05592105263157895 0.0203125
0 0.2598684210526316 0.3515625 0.0756578947368421 0.040625
0 0.3026315789473684 0.39375 0.12828947368421054 0.0578125
0 0.006578947368421052 0.6 0.013157894736842105 0.034375
0 0.10197368421052631 0.4921875 0.07894736842105263 0.025
0 0.17105263157894737 0.528125 0.05921052631578947 0.0046875
0 0.24671052631578946 0.56875 0.07236842105263158 0.0265625
0 0.3980263157894737 0.5515625 0.07236842105263158 0.0296875
0 0.05592105263157895 0.6828125 0.07894736842105263 0.04375
0 0.3092105263157895 0.840625 0.05592105263157895 0.059375
0 0.5164473684210527 0.746875 0.12171052631578948 0.0546875
0 0.6875 0.75625 0.08223684210526316 0.034375
0 0.5427631578947368 0.69375 0.0756578947368421 0.05
0 0.5592105263157895 0.6625 0.08223684210526316 0.0234375
0 0.6085526315789473 0.5984375 0.09868421052631579 0.046875
0 0.618421052631579 0.4953125 0.0756578947368421 0.0296875
0 0.6677631578947368 0.515625 0.09210526315789473 0.040625
0 0.694078947368421 0.55625 0.0625 0.0296875
0 0.9802631578947368 0.6875 0.039473684210526314 0.046875
0 0.993421052631579 0.6578125 0.013157894736842105 0.03125
0 0.02631578947368421 0.9953125 0.05263157894736842 0.009375
0 0.930921052631579 0.89375 0.13815789473684212 0.078125
0 0.05592105263157895 0.5515625 0.10855263157894737 0.059375