0 0.8098159509202454 0.2375 0.13803680981595093 0.09375
0 0.8220858895705522 0.0671875 0.13803680981595093 0.0546875
0 0.08895705521472393 0.41875 0.16257668711656442 0.0875
0 0.5797546012269938 0.625 0.22085889570552147 0.10625
0 0.21779141104294478 0.125 0.11042944785276074 0.0734375
0 0.5766871165644172 0.2515625 0.1411042944785276 0.0546875
0 0.0736196319018405 0.7796875 0.147239263803681 0.13125
0 0.588957055214724 0.4078125 0.06441717791411043 0.0515625
0 0.02147239263803681 0.4859375 0.03987730061349693 0.0390625
0 0.06441717791411043 0.8859375 0.08282208588957055 0.0296875
0 0.0950920245398773 0.925 0.17484662576687116 0.0859375
0 0.30368098159509205 0.7625 0.1196319018404908 0.0265625
0 0.6871165644171779 0.771875 0.1196319018404908 0.0453125
0 0.8558282208588958 0.83125 0.09815950920245399 0.0671875
0 0.745398773006135 0.840625 0.10122699386503067 0.05
0 0.6411042944785276 0.834375 0.046012269938650305 0.034375
0 0.6441717791411042 0.89375 0.1441717791411043 0.06875
0 0.3619631901840491 0.025 0.06748466257668712 0.028125
0 0.3220858895705521 0.2515625 0.12269938650306748 0.0359375
0 0.024539877300613498 0.025 0.049079754601226995 0.028125
0 0.4110429447852761 0.8515625 0.08282208588957055 0.021875
0 0.4447852760736196 0.809375 0.0705521472392638 0.0203125
0 0.32515337423312884 0.8109375 0.0736196319018405 0.0453125
0 0.8834355828220859 0.91875 0.06134969325153374 0.0328125
0 0.23006134969325154 0.54375 0.05521472392638037 0.0140625
0 0.549079754601227 0.5375 0.05521472392638037 0.015625
0 0.012269938650306749 0.5875 0.02147239263803681 0.021875
0 0.3312883435582822 0.628125 0.0736196319018405 0.0328125
0 0.24233128834355827 0.6625 0.08895705521472393 0.028125
0 0.6779141104294478 0.3203125 0.05521472392638037 0.0296875
0 0.8282208588957055 0.340625 0.05521472392638037 0.04375
0 0.558282208588957 0.071875 0.046012269938650305 0.028125
0 0.6349693251533742 0.08125 0.027607361963190184 0.0234375
0 0.43558282208588955 0.0875 0.03680981595092025 0.0203125
0 0.450920245398773 0.14375 0.046012269938650305 0.015625
0 0.27300613496932513 0.3921875 0.05521472392638037 0.028125
0 0.0950920245398773 0.3015625 0.027607361963190184 0.0140625
0 0.03374233128834356 0.3109375 0.06748466257668712 0.0453125
0 0.006134969325153374 0.209375 0.012269938650306749 0.0171875
0 0.4815950920245399 0.3 0.03374233128834356 0.025
0 0.5858895705521472 0.3359375 0.046012269938650305 0.021875
0 0.2852760736196319 0.3421875 0.03987730061349693 0.021875
0 0.2392638036809816 0.3515625 0.027607361963190184 0.0203125
0 0.1687116564417178 0.3546875 0.03987730061349693 0.021875
0 0.5030674846625767 0.425 0.027607361963190184 0.0171875
0 0.5950920245398773 0.4921875 0.06134969325153374 0.0296875
0 0.6901840490797546 0.46875 0.06441717791411043 0.028125
0 0.6748466257668712 0.4390625 0.049079754601226995 0.0265625
0 0.18404907975460122 0.5171875 0.06441717791411043 0.015625
0 0.3619631901840491 0.521875 0.03987730061349693 0.0171875