0 0.9708588957055214 0.9265625 0.05828220858895705 0.040625
0 0.8834355828220859 0.9421875 0.06441717791411043 0.0375
0 0.5337423312883436 0.7796875 0.15950920245398773 0.078125
0 0.5858895705521472 0.528125 0.12883435582822086 0.0859375
0 0.36503067484662577 0.5890625 0.19631901840490798 0.0828125
0 0.3496932515337423 0.7703125 0.08588957055214724 0.0515625
0 0.8895705521472392 0.484375 0.0736196319018405 0.059375
0 0.3006134969325153 0.0125 0.6012269938650306 0.0234375
0 0.15950920245398773 0.9578125 0.07668711656441718 0.0375
0 0.046012269938650305 0.9109375 0.06441717791411043 0.0375
0 0.03374233128834356 0.9546875 0.03987730061349693 0.0296875
0 0.4662576687116564 0.9046875 0.046012269938650305 0.0328125
0 0.5766871165644172 0.9171875 0.10429447852760736 0.0375
0 0.5368098159509203 0.953125 0.0705521472392638 0.0296875
0 0.4447852760736196 0.9765625 0.03987730061349693 0.021875
0 0.5030674846625767 0.990625 0.04294478527607362 0.0171875
0 0.3159509202453988 0.940625 0.04294478527607362 0.025
0 0.2147239263803681 0.9390625 0.049079754601226995 0.0171875
0 0.26380368098159507 0.965625 0.04294478527607362 0.025
0 0.2852760736196319 0.990625 0.06134969325153374 0.01875
0 0.34355828220858897 0.9921875 0.024539877300613498 0.0140625
0 0.41411042944785276 0.7734375 0.05521472392638037 0.028125
0 0.018404907975460124 0.8171875 0.03374233128834356 0.021875
0 0.049079754601226995 0.8453125 0.027607361963190184 0.015625
0 0.20552147239263804 0.6859375 0.0705521472392638 0.04375
0 0.941717791411043 0.715625 0.06441717791411043 0.0375
0 0.5736196319018405 0.65625 0.0736196319018405 0.0421875
0 0.9585889570552147 0.78046875 0.08282208588957055 0.0421875
0 0.049079754601226995 0.7109375 0.09815950920245399 0.0453125