0 0.5429447852760736 0.55625 0.3128834355828221 0.1484375
0 0.04294478527607362 0.4546875 0.08588957055214724 0.0703125
0 0.1411042944785276 0.8109375 0.10736196319018405 0.0578125
0 0.911042944785276 0.3328125 0.08588957055214724 0.05625
0 0.35276073619631904 0.2625 0.06748466257668712 0.053125
0 0.2822085889570552 0.0515625 0.05214723926380368 0.0265625
0 0.04294478527607362 0.171875 0.08588957055214724 0.040625
0 0.30368098159509205 0.096875 0.0705521472392638 0.0359375
0 0.3496932515337423 0.9140625 0.06134969325153374 0.028125
0 0.42024539877300615 0.85625 0.06748466257668712 0.0359375
0 0.9585889570552147 0.703125 0.08282208588957055 0.090625
0 0.7177914110429447 0.5765625 0.13803680981595093 0.0765625
0 0.03067484662576687 0.5515625 0.05828220858895705 0.053125
0 0.10429447852760736 0.71875 0.08282208588957055 0.0234375
0 0.09815950920245399 0.63125 0.05214723926380368 0.0375
0 0.009202453987730062 0.625 0.015337423312883436 0.0578125
0 0.27607361963190186 0.6484375 0.05214723926380368 0.0359375
0 0.3006134969325153 0.7390625 0.06748466257668712 0.0609375
0 0.26380368098159507 0.834375 0.08588957055214724 0.0671875
0 0.6871165644171779 0.971875 0.15030674846625766 0.0546875