0 0.1687116564417178 0.959375 0.3282208588957055 0.0796875
0 0.294478527607362 0.9640625 0.10122699386503067 0.0421875
0 0.8957055214723927 0.9453125 0.2085889570552147 0.096875
0 0.6687116564417178 0.921875 0.11349693251533742 0.0625
0 0.8880368098159509 0.734375 0.22392638036809817 0.15625
0 0.7055214723926381 0.8265625 0.12269938650306748 0.0546875
0 0.8220858895705522 0.8546875 0.06748466257668712 0.0375
0 0.2116564417177914 0.6453125 0.12576687116564417 0.0703125
0 0.1165644171779141 0.7453125 0.003067484662576687 0.003125
0 0.18404907975460122 0.778125 0.18711656441717792 0.10625
0 0.4815950920245399 0.8890625 0.12269938650306748 0.0890625
0 0.5613496932515337 0.3203125 0.1165644171779141 0.0703125
0 0.8711656441717791 0.4125 0.1165644171779141 0.0625
0 0.39570552147239263 0.109375 0.1656441717791411 0.03125
0 0.911042944785276 0.0921875 0.17791411042944785 0.090625
0 0.5613496932515337 0.1390625 0.12269938650306748 0.0390625
0 0.647239263803681 0.134375 0.11042944785276074 0.05
0 0.2147239263803681 0.065625 0.09202453987730061 0.040625
0 0.018404907975460124 0.5671875 0.03680981595092025 0.1