0 0.5426829268292683 0.5640625 0.3018292682926829 0.1421875
0 0.057926829268292686 0.4671875 0.0975609756097561 0.0671875
0 0.15853658536585366 0.8078125 0.10365853658536585 0.05625
0 0.8963414634146342 0.3484375 0.08231707317073171 0.0546875
0 0.3628048780487805 0.2796875 0.06707317073170732 0.05
0 0.2926829268292683 0.0765625 0.051829268292682924 0.0265625
0 0.057926829268292686 0.19375 0.09451219512195122 0.0390625
0 0.31402439024390244 0.1203125 0.06707317073170732 0.034375
0 0.009146341463414634 0.2921875 0.01524390243902439 0.034375
0 0.23780487804878048 0.00625 0.125 0.0125
0 0.9603658536585366 0.0078125 0.07926829268292683 0.0140625
0 0.3597560975609756 0.9078125 0.057926829268292686 0.028125
0 0.4268292682926829 0.853125 0.06402439024390244 0.034375
0 0.9512195121951219 0.7046875 0.0975609756097561 0.0875
0 0.7103658536585366 0.5828125 0.13109756097560976 0.0734375
0 0.042682926829268296 0.559375 0.07317073170731707 0.05
0 0.12195121951219512 0.71875 0.07926829268292683 0.021875
0 0.11585365853658537 0.6359375 0.04878048780487805 0.0359375
0 0.018292682926829267 0.6296875 0.036585365853658534 0.05625
0 0.2865853658536585 0.6515625 0.04878048780487805 0.034375
0 0.31097560975609756 0.7390625 0.06402439024390244 0.0578125
0 0.27439024390243905 0.8328125 0.08231707317073171 0.0640625
0 0.6798780487804879 0.965625 0.14329268292682926 0.05625