0 0.41297935103244837 0.621875 0.1710914454277286 0.0828125
0 0.12094395280235988 0.990625 0.13274336283185842 0.01875
0 0.07964601769911504 0.8484375 0.15634218289085547 0.09375
0 0.7876106194690266 0.046875 0.05309734513274336 0.0265625
0 0.8407079646017699 0.171875 0.13569321533923304 0.065625
0 0.14454277286135694 0.525 0.20058997050147492 0.0609375
0 0.168141592920354 0.0859375 0.06489675516224189 0.053125
0 0.09734513274336283 0.1671875 0.06489675516224189 0.028125
0 0.2153392330383481 0.3375 0.11799410029498525 0.053125
0 0.24778761061946902 0.271875 0.058997050147492625 0.0265625
0 0.5132743362831859 0.2203125 0.0471976401179941 0.0359375
0 0.5929203539823009 0.284375 0.07079646017699115 0.03125
0 0.5575221238938053 0.4 0.07964601769911504 0.0453125
0 0.5132743362831859 0.440625 0.061946902654867256 0.0421875
0 0.6253687315634219 0.190625 0.07669616519174041 0.03125
0 0.528023598820059 0.1296875 0.0471976401179941 0.0328125
0 0.39233038348082594 0.1921875 0.08849557522123894 0.046875
0 0.8731563421828908 0.7390625 0.035398230088495575 0.01875
0 0.7315634218289085 0.665625 0.08849557522123894 0.040625
0 0.8407079646017699 0.9765625 0.12389380530973451 0.046875
0 0.41887905604719766 0.9546875 0.11799410029498525 0.040625