0 0.7400611620795107 0.721875 0.14984709480122324 0.0921875
0 0.37920489296636084 0.553125 0.12538226299694188 0.0578125
0 0.11314984709480122 0.9921875 0.11314984709480122 0.0140625
0 0.39755351681957185 0.475 0.06422018348623854 0.0265625
0 0.4954128440366973 0.1515625 0.10703363914373089 0.025
0 0.4831804281345566 0.209375 0.08868501529051988 0.0578125
0 0.5351681957186545 0.30625 0.11926605504587157 0.0515625
0 0.1712538226299694 0.171875 0.07339449541284404 0.025
0 0.9311926605504587 0.54375 0.13761467889908258 0.11875
0 0.7064220183486238 0.0296875 0.25382262996941896 0.0578125
0 0.7400611620795107 0.1453125 0.20489296636085627 0.1546875
0 0.7889908256880734 0.3671875 0.1162079510703364 0.121875