0 0.5427728613569321 0.228125 0.2448377581120944 0.11875
0 0.9424778761061947 0.765625 0.11504424778761062 0.065625
0 0.7640117994100295 0.809375 0.0943952802359882 0.04375
0 0.9129793510324484 0.53203125 0.17404129793510326 0.0796875
0 0.8584070796460177 0.603125 0.061946902654867256 0.0109375
0 0.9690265486725663 0.66875 0.061946902654867256 0.05
0 0.5752212389380531 0.6703125 0.18584070796460178 0.078125
0 0.2153392330383481 0.89375 0.08849557522123894 0.0375
0 0.5634218289085545 0.8578125 0.0855457227138643 0.0515625
0 0.49852507374631266 0.9 0.07669616519174041 0.071875
0 0.20058997050147492 0.9953125 0.07374631268436578 0.009375
0 0.032448377581120944 0.41875 0.06489675516224189 0.0546875
0 0.29793510324483774 0.3296875 0.06489675516224189 0.01875
0 0.5073746312684366 0.5046875 0.11209439528023599 0.05625
0 0.05604719764011799 0.1484375 0.04424778761061947 0.0203125
0 0.11504424778761062 0.2078125 0.035398230088495575 0.0296875
0 0.4424778761061947 0.0171875 0.05604719764011799 0.0328125
0 0.2743362831858407 0.1703125 0.12389380530973451 0.0421875
0 0.2153392330383481 0.6703125 0.08849557522123894 0.0234375
0 0.21238938053097345 0.5703125 0.11209439528023599 0.0421875
0 0.6637168141592921 0.515625 0.035398230088495575 0.0296875
0 0.528023598820059 0.5828125 0.05014749262536873 0.034375
0 0.02359882005899705 0.8796875 0.04424778761061947 0.0453125
0 0.07374631268436578 0.7984375 0.07079646017699115 0.04375
0 0.3834808259587021 0.78125 0.05604719764011799 0.028125
0 0.584070796460177 0.7734375 0.07669616519174041 0.03125
0 0.8407079646017699 0.8828125 0.1710914454277286 0.03125
0 0.831858407079646 0.2 0.06489675516224189 0.059375