0 0.2565789473684211 0.4015625 0.19736842105263158 0.0859375
0 0.03289473684210526 0.384375 0.0625 0.0703125
0 0.5986842105263158 0.1359375 0.6875 0.2671875
0 0.9638157894736842 0.4265625 0.06907894736842106 0.071875
0 0.18421052631578946 0.94375 0.3519736842105263 0.04375
0 0.03289473684210526 0.7484375 0.06578947368421052 0.0796875
0 0.11513157894736842 0.8640625 0.20394736842105263 0.0609375
0 0.1611842105263158 0.1 0.13815789473684212 0.1296875
0 0.6513157894736842 0.7375 0.17434210526315788 0.09375
0 0.625 0.8875 0.16776315789473684 0.0875
0 0.23355263157894737 0.771875 0.0625 0.0390625
0 0.04276315789473684 0.9890625 0.08223684210526316 0.021875
0 0.5888157894736842 0.9796875 0.09210526315789473 0.0390625
0 0.003289473684210526 0.4484375 0.006578947368421052 0.028125
0 0.3223684210526316 0.8046875 0.10526315789473684 0.0609375
0 0.24671052631578946 0.303125 0.05592105263157895 0.0484375
0 0.10855263157894737 0.2359375 0.09539473684210527 0.040625
0 0.009868421052631578 0.2453125 0.019736842105263157 0.04375
0 0.06578947368421052 0.29375 0.09210526315789473 0.0484375
0 0.19078947368421054 0.1765625 0.049342105263157895 0.0265625
0 0.33881578947368424 0.3 0.0625 0.0265625
0 0.33223684210526316 0.3484375 0.07236842105263158 0.034375
0 0.2598684210526316 0.35625 0.125 0.04375
0 0.6710526315789473 0.546875 0.039473684210526314 0.0390625
0 0.8388157894736842 0.4828125 0.04276315789473684 0.025
0 0.9671052631578947 0.503125 0.049342105263157895 0.025
0 0.7927631578947368 0.3921875 0.08881578947368421 0.0375
0 0.8453947368421053 0.3765625 0.039473684210526314 0.04375
0 0.9901315789473685 0.265625 0.01644736842105263 0.0375
0 0.9638157894736842 0.2921875 0.049342105263157895 0.021875
0 0.47039473684210525 0.3125 0.0625 0.0359375
0 0.006578947368421052 0.690625 0.013157894736842105 0.0234375