0 0.04276315789473684 0.359375 0.08223684210526316 0.0875
0 0.6611842105263158 0.5734375 0.4144736842105263 0.1703125
0 0.42105263157894735 0.990625 0.33881578947368424 0.0171875
0 0.631578947368421 0.4203125 0.19078947368421054 0.0828125
0 0.15460526315789475 0.8890625 0.13815789473684212 0.090625
0 0.15460526315789475 0.7109375 0.13157894736842105 0.05625
0 0.5098684210526315 0.0109375 0.08881578947368421 0.021875
0 0.7664473684210527 0.14375 0.08223684210526316 0.0578125
0 0.20394736842105263 0.7921875 0.29276315789473684 0.0828125
0 0.4309210526315789 0.3890625 0.2138157894736842 0.096875
0 0.03618421052631579 0.1671875 0.06907894736842106 0.0578125
0 0.34539473684210525 0.0140625 0.13486842105263158 0.028125
0 0.41776315789473684 0.675 0.08552631578947369 0.040625
0 0.4144736842105263 0.1765625 0.07236842105263158 0.0234375
0 0.23355263157894737 0.0296875 0.05921052631578947 0.0453125
0 0.868421052631579 0.725 0.08552631578947369 0.04375
0 0.5625 0.7328125 0.08552631578947369 0.021875
0 0.5164473684210527 0.696875 0.08881578947368421 0.04375
0 0.7039473684210527 0.81875 0.05921052631578947 0.0453125
0 0.5394736842105263 0.784375 0.07236842105263158 0.0234375
0 0.07236842105263158 0.4375 0.08223684210526316 0.0328125
0 0.20394736842105263 0.4171875 0.05921052631578947 0.0484375
0 0.29276315789473684 0.390625 0.046052631578947366 0.04375
0 0.3980263157894737 0.2734375 0.05263157894736842 0.0234375
0 0.5197368421052632 0.2828125 0.10526315789473684 0.0234375
0 0.4868421052631579 0.30625 0.08223684210526316 0.0296875
0 0.29276315789473684 0.0953125 0.11513157894736842 0.03125
0 0.4342105263157895 0.0890625 0.0625 0.021875
0 0.680921052631579 0.00625 0.07236842105263158 0.0109375
0 0.17105263157894737 0.021875 0.06907894736842106 0.0234375
0 0.10197368421052631 0.0796875 0.06578947368421052 0.0234375
0 0.18092105263157895 0.2046875 0.125 0.0515625
0 0.02631578947368421 0.284375 0.049342105263157895 0.0328125
0 0.10526315789473684 0.2828125 0.08223684210526316 0.03125
0 0.6085526315789473 0.2125 0.1118421052631579 0.046875
0 0.8125 0.2484375 0.06578947368421052 0.0375
0 0.9375 0.30625 0.05592105263157895 0.0296875
0 0.6842105263157895 0.26875 0.05263157894736842 0.0171875
0 0.6381578947368421 0.31875 0.05921052631578947 0.03125
0 0.16447368421052633 0.58125 0.11842105263157894 0.053125