0 0.1162079510703364 0.9109375 0.15902140672782875 0.075
0 0.4709480122324159 0.6171875 0.2966360856269113 0.1453125
0 0.908256880733945 0.6125 0.14067278287461774 0.0671875
0 0.7737003058103975 0.953125 0.13761467889908258 0.0828125
0 0.07951070336391437 0.596875 0.15902140672782875 0.0625
0 0.19877675840978593 0.2828125 0.3577981651376147 0.1609375
0 0.9204892966360856 0.3609375 0.1529051987767584 0.0796875
0 0.7003058103975535 0.0046875 0.3363914373088685 0.009375
0 0.363914373088685 0.096875 0.25076452599388377 0.1375
0 0.6758409785932722 0.0953125 0.09480122324159021 0.028125
0 0.012232415902140673 0.1390625 0.021406727828746176 0.0421875
0 0.6972477064220184 0.1921875 0.20489296636085627 0.0671875
0 0.9694189602446484 0.1625 0.06116207951070336 0.0546875
0 0.9862385321100917 0.2671875 0.027522935779816515 0.04375
0 0.8532110091743119 0.284375 0.12538226299694188 0.0703125
0 0.11314984709480122 0.8171875 0.09785932721712538 0.0609375
0 0.09480122324159021 0.671875 0.09480122324159021 0.0578125