0 0.5899705014749262 0.084375 0.15339233038348082 0.084375
0 0.10619469026548672 0.9875 0.07374631268436578 0.0234375
0 0.15339233038348082 0.125 0.07964601769911504 0.028125
0 0.3185840707964602 0.13125 0.06489675516224189 0.0296875
0 0.45722713864306785 0.23125 0.11504424778761062 0.0484375
0 0.9351032448377581 0.771875 0.10914454277286136 0.090625
0 0.18584070796460178 0.66875 0.038348082595870206 0.0296875
0 0.02064896755162242 0.6125 0.04129793510324484 0.040625
0 0.07374631268436578 0.3703125 0.10619469026548672 0.0234375
0 0.20943952802359883 0.271875 0.09734513274336283 0.04375
0 0.1976401179941003 0.0078125 0.14454277286135694 0.0140625