0 0.8558282208588958 0.7640625 0.1901840490797546 0.0546875
0 0.6196319018404908 0.7796875 0.15950920245398773 0.0515625
0 0.656441717791411 0.8984375 0.0950920245398773 0.03125
0 0.9539877300613497 0.08125 0.09202453987730061 0.1140625
0 0.9708588957055214 0.44375 0.05828220858895705 0.071875
0 0.27300613496932513 0.078125 0.17177914110429449 0.06875
0 0.0705521472392638 0.3 0.13803680981595093 0.103125
0 0.03374233128834356 0.228125 0.06748466257668712 0.0296875
0 0.2607361963190184 0.284375 0.12269938650306748 0.028125
0 0.2822085889570552 0.3703125 0.1196319018404908 0.0375
0 0.6840490797546013 0.3734375 0.1901840490797546 0.053125
0 0.5521472392638037 0.0265625 0.03067484662576687 0.0265625
0 0.6809815950920245 0.0546875 0.05214723926380368 0.0390625
0 0.7883435582822086 0.0921875 0.08282208588957055 0.03125
0 0.17177914110429449 0.46875 0.10736196319018405 0.0609375
0 0.17791411042944785 0.553125 0.12883435582822086 0.034375
0 0.2116564417177914 0.6109375 0.10736196319018405 0.0609375
0 0.46319018404907975 0.503125 0.15337423312883436 0.09375
0 0.8251533742331288 0.4546875 0.10122699386503067 0.04375
0 0.8957055214723927 0.93125 0.13803680981595093 0.0390625