0 0.5575221238938053 0.0484375 0.09734513274336283 0.0546875
0 0.528023598820059 0.1515625 0.10619469026548672 0.065625
0 0.7079646017699115 0.1734375 0.06784660766961652 0.034375
0 0.5722713864306784 0.3140625 0.20058997050147492 0.0703125
0 0.35693215339233036 0.04375 0.07079646017699115 0.0359375
0 0.011799410029498525 0.35625 0.02064896755162242 0.05
0 0.8171091445427728 0.8671875 0.18289085545722714 0.0890625
0 0.4218289085545723 0.2515625 0.08849557522123894 0.0734375
0 0.584070796460177 0.9859375 0.11209439528023599 0.0265625
0 0.14749262536873156 0.0203125 0.11209439528023599 0.040625
0 0.04424778761061947 0.18125 0.058997050147492625 0.0546875
0 0.2359882005899705 0.3078125 0.0471976401179941 0.028125
0 0.7463126843657817 0.390625 0.05309734513274336 0.04375
0 0.6843657817109144 0.4453125 0.0943952802359882 0.0546875
0 0.5811209439528023 0.4375 0.061946902654867256 0.0453125
0 0.551622418879056 0.5265625 0.09144542772861357 0.0640625
0 0.6755162241887905 0.5796875 0.06784660766961652 0.0359375
0 0.9808259587020649 0.059375 0.038348082595870206 0.071875
0 0.36578171091445427 0.5453125 0.14749262536873156 0.053125
0 0.23008849557522124 0.9125 0.15634218289085547 0.0703125
0 0.14749262536873156 0.3265625 0.12389380530973451 0.0421875
0 0.9631268436578171 0.728125 0.07374631268436578 0.028125
0 0.35988200589970504 0.034375 0.07374631268436578 0.0203125
0 0.07964601769911504 0.053125 0.08849557522123894 0.05625
0 0.12979351032448377 0.125 0.08849557522123894 0.0578125
0 0.2920353982300885 0.1328125 0.058997050147492625 0.0421875
0 0.41887905604719766 0.1109375 0.038348082595870206 0.040625
0 0.30973451327433627 0.2015625 0.07964601769911504 0.04375
0 0.3303834808259587 0.2953125 0.061946902654867256 0.046875
0 0.008849557522123894 0.2421875 0.017699115044247787 0.028125
0 0.2831858407079646 0.36875 0.06489675516224189 0.0578125
0 0.23893805309734514 0.5203125 0.11209439528023599 0.1140625
0 0.7522123893805309 0.2296875 0.11504424778761062 0.0609375
0 0.696165191740413 0.2296875 0.08849557522123894 0.059375
0 0.39233038348082594 0.334375 0.02654867256637168 0.0625
0 0.5132743362831859 0.4265625 0.11209439528023599 0.05
0 0.528023598820059 0.578125 0.07669616519174041 0.0390625
0 0.8259587020648967 0.5234375 0.06784660766961652 0.05625
0 0.911504424778761 0.4875 0.12389380530973451 0.0390625
0 0.25958702064896755 0.6765625 0.10029498525073746 0.0453125
0 0.1504424778761062 0.7265625 0.038348082595870206 0.0234375
0 0.5250737463126843 0.7046875 0.06489675516224189 0.059375
0 0.08849557522123894 0.5109375 0.07669616519174041 0.03125
0 0.10324483775811209 0.553125 0.10619469026548672 0.0484375
0 0.9882005899705014 0.3484375 0.02064896755162242 0.040625
0 0.8495575221238938 0.3515625 0.07374631268436578 0.03125
0 0.7433628318584071 0.3390625 0.06784660766961652 0.0515625
0 0.8790560471976401 0.01875 0.04424778761061947 0.03125
0 0.6519174041297935 0.540625 0.06784660766961652 0.0359375
0 0.12094395280235988 0.4140625 0.07669616519174041 0.046875
0 0.775811209439528 0.6921875 0.061946902654867256 0.046875
0 0.8466076696165191 0.99375 0.11209439528023599 0.0125
0 0.04129793510324484 0.6546875 0.07669616519174041 0.059375
0 0.9528023598820059 0.5515625 0.07964601769911504 0.0234375
0 0.8643067846607669 0.1515625 0.0855457227138643 0.034375