0 0.1402439024390244 0.8921875 0.14939024390243902 0.0703125
0 0.009146341463414634 0.871875 0.01524390243902439 0.04375
0 0.47560975609756095 0.6140625 0.2804878048780488 0.1375
0 0.8871951219512195 0.609375 0.13414634146341464 0.0640625
0 0.7591463414634146 0.93125 0.12804878048780488 0.078125
0 0.10060975609756098 0.59375 0.15548780487804878 0.059375
0 0.21646341463414634 0.296875 0.3384146341463415 0.1515625
0 0.899390243902439 0.3703125 0.14329268292682926 0.075
0 0.6890243902439024 0.0203125 0.3170731707317073 0.0390625
0 0.3719512195121951 0.121875 0.2347560975609756 0.1296875
0 0.6676829268292683 0.11875 0.08841463414634146 0.0265625
0 0.027439024390243903 0.1609375 0.051829268292682924 0.040625
0 0.19817073170731708 0.0078125 0.10975609756097561 0.0140625
0 0.6859756097560976 0.2109375 0.1951219512195122 0.0640625
0 0.9573170731707317 0.1828125 0.08231707317073171 0.0515625
0 0.9725609756097561 0.2828125 0.054878048780487805 0.0421875
0 0.8353658536585366 0.2984375 0.11890243902439024 0.065625
0 0.13719512195121952 0.803125 0.09146341463414634 0.0578125
0 0.11890243902439024 0.6640625 0.08841463414634146 0.0546875