0 0.15548780487804878 0.396875 0.06707317073170732 0.05
0 0.25609756097560976 0.409375 0.10670731707317073 0.046875
0 0.3567073170731707 0.4421875 0.08231707317073171 0.0703125
0 0.6432926829268293 0.521875 0.14634146341463414 0.0734375
0 0.8353658536585366 0.553125 0.13109756097560976 0.0765625
0 0.8384146341463414 0.7109375 0.12195121951219512 0.078125
0 0.8475609756097561 0.81875 0.04878048780487805 0.028125
0 0.8475609756097561 0.878125 0.07926829268292683 0.028125
0 0.27439024390243905 0.8171875 0.5152439024390244 0.3203125
0 0.03353658536585366 0.0140625 0.06707317073170732 0.028125
0 0.10975609756097561 0.025 0.06097560975609756 0.0484375
0 0.23780487804878048 0.015625 0.08231707317073171 0.03125
0 0.7347560975609756 0.1703125 0.27134146341463417 0.125
0 0.9298780487804879 0.153125 0.13719512195121952 0.128125
0 0.7164634146341463 0.3171875 0.10975609756097561 0.0421875
0 0.3780487804878049 0.3140625 0.125 0.021875
0 0.6097560975609756 0.3453125 0.12195121951219512 0.034375
0 0.8658536585365854 0.3765625 0.15548780487804878 0.0515625
0 0.7530487804878049 0.4046875 0.0701219512195122 0.05
0 0.18292682926829268 0.246875 0.125 0.0359375
0 0.08841463414634146 0.090625 0.14634146341463414 0.0453125
0 0.051829268292682924 0.29375 0.042682926829268296 0.0546875