0 0.7871287128712872 0.059375 0.42574257425742573 0.11875
0 0.37623762376237624 0.4296875 0.42574257425742573 0.2234375
0 0.5973597359735974 0.8203125 0.5742574257425742 0.3015625
0 0.056105610561056105 0.21875 0.11221122112211221 0.071875
0 0.21122112211221122 0.2359375 0.0924092409240924 0.0546875
0 0.0858085808580858 0.8484375 0.16831683168316833 0.0953125
0 0.0297029702970297 0.0140625 0.056105610561056105 0.028125
0 0.2838283828382838 0.5765625 0.19801980198019803 0.0796875
0 0.7986798679867987 0.4484375 0.10231023102310231 0.0421875
0 0.8778877887788779 0.5109375 0.07260726072607261 0.040625
0 0.8712871287128713 0.6453125 0.066006600660066 0.0375
0 0.066006600660066 0.38125 0.11221122112211221 0.05625