0 0.9294478527607362 0.30625 0.13803680981595093 0.0828125
0 0.5674846625766872 0.0359375 0.11349693251533742 0.03125
0 0.4539877300613497 0.971875 0.16257668711656442 0.0546875
0 0.3773006134969325 0.9984375 0.17791411042944785 0.0015625
0 0.8159509202453987 0.9546875 0.05828220858895705 0.040625
0 0.4539877300613497 0.35625 0.0950920245398773 0.025
0 0.15950920245398773 0.403125 0.0950920245398773 0.0515625
0 0.15950920245398773 0.0796875 0.08588957055214724 0.059375
0 0.08282208588957055 0.0703125 0.0736196319018405 0.0421875
0 0.07668711656441718 0.2046875 0.07668711656441718 0.04375
0 0.4386503067484663 0.465625 0.05828220858895705 0.0390625
0 0.6165644171779141 0.4078125 0.08895705521472393 0.0328125
0 0.34355828220858897 0.7 0.07668711656441718 0.06875
0 0.8466257668711656 0.3109375 0.046012269938650305 0.025
0 0.7883435582822086 0.35625 0.07668711656441718 0.0546875
0 0.29754601226993865 0.3109375 0.05828220858895705 0.0359375
0 0.8865030674846626 0.8265625 0.06134969325153374 0.05625
0 0.8926380368098159 0.459375 0.08588957055214724 0.0515625
0 0.3496932515337423 0.784375 0.0705521472392638 0.053125
0 0.8404907975460123 0.99375 0.05214723926380368 0.0125
0 0.5030674846625767 0.5921875 0.10122699386503067 0.0421875
0 0.34355828220858897 0.2078125 0.08588957055214724 0.0375
0 0.46932515337423314 0.2109375 0.06748466257668712 0.059375
0 0.7822085889570553 0.1046875 0.06441717791411043 0.0421875