0 0.2147239263803681 0.3671875 0.3220858895705521 0.15625
0 0.18404907975460122 0.7390625 0.16257668711656442 0.05625
0 0.006134969325153374 0.6734375 0.012269938650306749 0.0546875
0 0.15030674846625766 0.96875 0.13190184049079753 0.0609375
0 0.1441717791411043 0.5953125 0.07975460122699386 0.046875
0 0.2147239263803681 0.6640625 0.10429447852760736 0.0328125
0 0.5460122699386503 0.3859375 0.06441717791411043 0.059375
0 0.046012269938650305 0.4578125 0.09202453987730061 0.046875
0 0.015337423312883436 0.4046875 0.027607361963190184 0.0375
0 0.13803680981595093 0.48125 0.08895705521472393 0.0515625
0 0.046012269938650305 0.0390625 0.08895705521472393 0.0546875
0 0.5398773006134969 0.103125 0.1196319018404908 0.0421875
0 0.6717791411042945 0.24375 0.13190184049079753 0.109375
0 0.8926380368098159 0.2359375 0.0705521472392638 0.0359375
0 0.9171779141104295 0.278125 0.0705521472392638 0.0421875
0 0.9079754601226994 0.475 0.10736196319018405 0.059375
0 0.3282208588957055 0.0359375 0.046012269938650305 0.0296875
0 0.254601226993865 0.1234375 0.09202453987730061 0.0453125
0 0.4171779141104294 0.0484375 0.05828220858895705 0.0265625
0 0.5122699386503068 0.1625 0.05214723926380368 0.0265625
0 0.3803680981595092 0.1859375 0.04294478527607362 0.0203125
0 0.147239263803681 0.18125 0.06441717791411043 0.0390625
0 0.05521472392638037 0.128125 0.05521472392638037 0.0296875
0 0.17177914110429449 0.0828125 0.03987730061349693 0.0203125
0 0.6380368098159509 0.915625 0.10429447852760736 0.059375
0 0.7392638036809815 0.821875 0.0736196319018405 0.034375
0 0.7147239263803681 0.925 0.046012269938650305 0.0234375
0 0.8619631901840491 0.75625 0.11349693251533742 0.05
0 0.588957055214724 0.60625 0.10122699386503067 0.0390625
0 0.5122699386503068 0.6640625 0.05828220858895705 0.0375
0 0.09815950920245399 0.2203125 0.0736196319018405 0.028125
0 0.15644171779141106 0.978125 0.07668711656441718 0.034375
0 0.05521472392638037 0.9390625 0.07668711656441718 0.040625
0 0.29754601226993865 0.8109375 0.03987730061349693 0.0265625
0 0.36809815950920244 0.878125 0.03680981595092025 0.0296875