0 0.10122699386503067 0.9578125 0.20245398773006135 0.0828125
0 0.9693251533742331 0.83125 0.06134969325153374 0.1296875
0 0.588957055214724 0.628125 0.3496932515337423 0.1875
0 0.9539877300613497 0.5875 0.09202453987730061 0.078125
0 0.9294478527607362 0.9953125 0.1196319018404908 0.009375
0 0.2085889570552147 0.740625 0.11042944785276074 0.0875
0 0.22699386503067484 0.615625 0.13803680981595093 0.04375
0 0.3987730061349693 0.8015625 0.09815950920245399 0.0484375
0 0.2883435582822086 0.7703125 0.05521472392638037 0.0578125
0 0.08588957055214724 0.8359375 0.07975460122699386 0.0328125
0 0.7975460122699386 0.915625 0.12269938650306748 0.05
0 0.6901840490797546 0.8984375 0.08282208588957055 0.0359375
0 0.6012269938650306 0.915625 0.09815950920245399 0.05
0 0.5674846625766872 0.953125 0.11349693251533742 0.040625
0 0.6134969325153374 0.996875 0.06441717791411043 0.00625
0 0.9355828220858896 0.7078125 0.046012269938650305 0.0234375
0 0.5276073619631901 0.7875 0.04294478527607362 0.028125
0 0.39570552147239263 0.8578125 0.09202453987730061 0.0171875
0 0.901840490797546 0.771875 0.0705521472392638 0.0421875
0 0.8312883435582822 0.53125 0.0950920245398773 0.05
0 0.9447852760736196 0.3765625 0.07668711656441718 0.0421875
0 0.7944785276073619 0.459375 0.07668711656441718 0.0390625
0 0.9171779141104295 0.2859375 0.11349693251533742 0.0578125
0 0.6687116564417178 0.234375 0.12883435582822086 0.05
0 0.7423312883435583 0.2640625 0.08895705521472393 0.0578125
0 0.25766871165644173 0.275 0.24539877300613497 0.0609375
0 0.18098159509202455 0.2015625 0.1196319018404908 0.0734375
0 0.43558282208588955 0.1171875 0.12883435582822086 0.0703125
0 0.5920245398773006 0.16875 0.18711656441717792 0.0484375
0 0.9754601226993865 0.0625 0.049079754601226995 0.0640625
0 0.8650306748466258 0.9484375 0.08282208588957055 0.0171875
0 0.6840490797546013 0.990625 0.06441717791411043 0.0171875
0 0.36809815950920244 0.9234375 0.0950920245398773 0.04375
0 0.4570552147239264 0.915625 0.0705521472392638 0.0296875
0 0.995398773006135 0.440625 0.009202453987730062 0.021875
0 0.8834355828220859 0.4171875 0.05521472392638037 0.0140625
0 0.941717791411043 0.434375 0.03680981595092025 0.028125
0 0.9202453987730062 0.4640625 0.05521472392638037 0.021875
0 0.754601226993865 0.434375 0.049079754601226995 0.0359375
0 0.46319018404907975 0.0296875 0.09815950920245399 0.0453125
0 0.6257668711656442 0.0296875 0.06748466257668712 0.0296875
0 0.8343558282208589 0.05 0.0950920245398773 0.034375
0 0.7852760736196319 0.1703125 0.08588957055214724 0.04375
0 0.9386503067484663 0.146875 0.06441717791411043 0.0390625
0 0.10736196319018405 0.340625 0.10429447852760736 0.05
0 0.1165644171779141 0.45 0.12883435582822086 0.04375
0 0.04294478527607362 0.5046875 0.08588957055214724 0.04375
0 0.3159509202453988 0.5078125 0.05214723926380368 0.028125
0 0.3098159509202454 0.4125 0.05828220858895705 0.0546875
0 0.950920245398773 0.3375 0.05828220858895705 0.0296875
0 0.9861963190184049 0.23828125 0.027607361963190184 0.0359375
0 0.018404907975460124 0.334375 0.03374233128834356 0.065625
0 0.5858895705521472 0.3234375 0.09815950920245399 0.0515625
0 0.49079754601226994 0.3171875 0.0736196319018405 0.0421875
0 0.41411042944785276 0.3984375 0.4386503067484663 0.16875