0 0.27217125382262997 0.06875 0.43119266055045874 0.1375
0 0.08868501529051988 0.3625 0.17737003058103976 0.2046875
0 0.25382262996941896 0.7671875 0.1345565749235474 0.05
0 0.3853211009174312 0.68125 0.11314984709480122 0.0421875
0 0.1437308868501529 0.6453125 0.06422018348623854 0.0359375
0 0.03058103975535168 0.6890625 0.0581039755351682 0.025
0 0.01834862385321101 0.8140625 0.03669724770642202 0.05
0 0.7966360856269113 0.72578125 0.40672782874617736 0.5453125
0 0.6880733944954128 0.334375 0.2599388379204893 0.13125
0 0.8287461773700305 0.4046875 0.09785932721712538 0.04375
0 0.8746177370030581 0.3640625 0.09480122324159021 0.0390625
0 0.37920489296636084 0.35 0.0764525993883792 0.0734375
0 0.39755351681957185 0.2140625 0.1162079510703364 0.05
0 0.7889908256880734 0.10625 0.1162079510703364 0.0421875
0 0.6024464831804281 0.2203125 0.0856269113149847 0.0375
0 0.0764525993883792 0.9140625 0.14067278287461774 0.05
0 0.28440366972477066 0.6015625 0.009174311926605505 0.0296875
0 0.290519877675841 0.64375 0.12232415902140673 0.0265625
0 0.18042813455657492 0.734375 0.05504587155963303 0.0359375
0 0.11314984709480122 0.265625 0.06116207951070336 0.0515625