0 0.8795379537953796 0.9984375 0.24092409240924093 0.003125
0 0.7788778877887789 0.2875 0.264026402640264 0.0625
0 0.8976897689768977 0.3671875 0.20462046204620463 0.1078125
0 0.24752475247524752 0.3984375 0.11551155115511551 0.084375
0 0.9323432343234324 0.58515625 0.1353135313531353 0.0796875
0 0.8613861386138614 0.8375 0.09900990099009901 0.0546875
0 0.5445544554455446 0.028125 0.1188118811881188 0.0359375
0 0.801980198019802 0.021875 0.11221122112211221 0.04375
0 0.9240924092409241 0.165625 0.11221122112211221 0.06875
0 0.9917491749174917 0.19765625 0.0165016501650165 0.0796875
0 0.6567656765676567 0.196875 0.19471947194719472 0.0875
0 0.29042904290429045 0.20625 0.052805280528052806 0.0390625
0 0.37293729372937295 0.33125 0.16831683168316833 0.046875
0 0.5907590759075908 0.4125 0.1188118811881188 0.0609375
0 0.4752475247524752 0.44375 0.132013201320132 0.0703125
0 0.39603960396039606 0.49375 0.09900990099009901 0.03125
0 0.8778877887788779 0.7765625 0.1551155115511551 0.0734375
0 0.9306930693069307 0.903125 0.10231023102310231 0.0578125
0 0.3795379537953795 0.153125 0.15841584158415842 0.0640625
0 0.6072607260726073 0.3015625 0.0891089108910891 0.04375
0 0.6270627062706271 0.675 0.09900990099009901 0.05625
0 0.44554455445544555 0.73125 0.10891089108910891 0.0421875
0 0.7293729372937293 0.8578125 0.12211221122112212 0.059375
0 0.9620462046204621 0.67109375 0.07590759075907591 0.0453125
0 0.039603960396039604 0.0625 0.07590759075907591 0.0453125
0 0.1188118811881188 0.0578125 0.052805280528052806 0.040625
0 0.2079207920792079 0.0484375 0.06930693069306931 0.0359375
0 0.31353135313531355 0.0453125 0.07590759075907591 0.0453125
0 0.297029702970297 0.0078125 0.0924092409240924 0.0140625
0 0.44884488448844884 0.046875 0.13861386138613863 0.0234375
0 0.46204620462046203 0.090625 0.09900990099009901 0.0453125
0 0.6138613861386139 0.090625 0.07590759075907591 0.0578125
0 0.7326732673267327 0.1046875 0.07920792079207921 0.046875
0 0.8679867986798679 0.0828125 0.06930693069306931 0.0625
0 0.9389438943894389 0.078125 0.12211221122112212 0.046875
0 0.8646864686468647 0.5 0.10561056105610561 0.040625
0 0.0297029702970297 0.4234375 0.056105610561056105 0.046875
0 0.019801980198019802 0.2203125 0.039603960396039604 0.034375
0 0.0297029702970297 0.2828125 0.056105610561056105 0.053125
0 0.1419141914191419 0.20625 0.08250825082508251 0.0890625
0 0.25412541254125415 0.1328125 0.0627062706270627 0.0359375
0 0.19141914191419143 0.1703125 0.066006600660066 0.0453125
0 0.995049504950495 0.41484375 0.009900990099009901 0.0453125
0 0.026402640264026403 0.5625 0.052805280528052806 0.0578125
0 0.16831683168316833 0.5484375 0.056105610561056105 0.0390625
0 0.1551155115511551 0.578125 0.07590759075907591 0.0421875
0 0.1254125412541254 0.621875 0.09570957095709572 0.040625
0 0.2508250825082508 0.5515625 0.06930693069306931 0.0328125
0 0.2508250825082508 0.5859375 0.052805280528052806 0.028125
0 0.33993399339933994 0.578125 0.039603960396039604 0.0296875
0 0.35313531353135313 0.609375 0.0297029702970297 0.028125
0 0.40594059405940597 0.6078125 0.036303630363036306 0.0265625
0 0.5676567656765676 0.578125 0.04950495049504951 0.0390625
0 0.6171617161716172 0.5875 0.056105610561056105 0.025
0 0.7491749174917491 0.571875 0.013201320132013201 0.01875
0 0.7293729372937293 0.5578125 0.04950495049504951 0.0375
0 0.8283828382838284 0.590625 0.026402640264026403 0.0296875
0 0.7557755775577558 0.65 0.066006600660066 0.0390625
0 0.7260726072607261 0.715625 0.07260726072607261 0.0359375
0 0.8778877887788779 0.6890625 0.0297029702970297 0.0375
0 0.6765676567656765 0.759375 0.08250825082508251 0.0328125
0 0.5874587458745875 0.7390625 0.056105610561056105 0.0390625
0 0.429042904290429 0.6890625 0.10891089108910891 0.0375
0 0.5115511551155115 0.7046875 0.0594059405940594 0.0421875
0 0.25412541254125415 0.6921875 0.10561056105610561 0.059375
0 0.28052805280528054 0.6671875 0.052805280528052806 0.0234375
0 0.2706270627062706 0.64375 0.0594059405940594 0.021875
0 0.35973597359735976 0.6640625 0.0462046204620462 0.0390625
0 0.3927392739273927 0.8484375 0.2079207920792079 0.1046875
0 0.052805280528052806 0.9015625 0.10231023102310231 0.034375
0 0.039603960396039604 0.953125 0.07920792079207921 0.0484375
0 0.066006600660066 0.8359375 0.132013201320132 0.1015625
0 0.1617161716171617 0.809375 0.0858085808580858 0.0453125
0 0.12211221122112212 0.7546875 0.11221122112211221 0.0359375
0 0.6666666666666666 0.984375 0.1188118811881188 0.0296875
0 0.27722772277227725 0.909375 0.09570957095709572 0.0328125
0 0.35973597359735976 0.925 0.0924092409240924 0.04375
0 0.31683168316831684 0.996875 0.0858085808580858 0.00625
0 0.9042904290429042 0.95 0.10231023102310231 0.0375