0 0.43952802359882004 0.5953125 0.1592920353982301 0.0484375
0 0.4277286135693215 0.646875 0.17699115044247787 0.05
0 0.8761061946902655 0.6453125 0.08259587020648967 0.071875
0 0.13569321533923304 0.9328125 0.05604719764011799 0.053125
0 0.0029498525073746312 0.6515625 0.0029498525073746312 0.028125
0 0.168141592920354 0.8859375 0.061946902654867256 0.040625
0 0.13864306784660768 0.0890625 0.058997050147492625 0.0390625
0 0.13569321533923304 0.046875 0.058997050147492625 0.025
0 0.3480825958702065 0.065625 0.10029498525073746 0.040625
0 0.0058997050147492625 0.2328125 0.011799410029498525 0.0625
0 0.05014749262536873 0.309375 0.09144542772861357 0.046875
0 0.23303834808259588 0.30625 0.07374631268436578 0.05
0 0.5545722713864307 0.2015625 0.05309734513274336 0.046875
0 0.6519174041297935 0.196875 0.05309734513274336 0.034375
0 0.8790560471976401 0.246875 0.0943952802359882 0.0328125
0 0.9690265486725663 0.35703125 0.061946902654867256 0.0671875
0 0.8289085545722714 0.4265625 0.058997050147492625 0.034375
0 0.887905604719764 0.4109375 0.058997050147492625 0.0484375
0 0.7669616519174042 0.378125 0.13864306784660768 0.059375
0 0.7463126843657817 0.921875 0.08849557522123894 0.034375
0 0.8230088495575221 0.84375 0.061946902654867256 0.0359375
0 0.8643067846607669 0.80625 0.06489675516224189 0.0390625
0 0.8731563421828908 0.75625 0.08259587020648967 0.0328125
0 0.6843657817109144 0.68125 0.07079646017699115 0.0359375
0 0.8023598820058997 0.734375 0.11799410029498525 0.0375
0 0.49262536873156343 0.7546875 0.061946902654867256 0.028125
0 0.471976401179941 0.796875 0.058997050147492625 0.034375
0 0.5634218289085545 0.8640625 0.06489675516224189 0.0140625
0 0.061946902654867256 0.45625 0.0471976401179941 0.05
0 0.12094395280235988 0.41875 0.10914454277286136 0.0796875
0 0.3392330383480826 0.25 0.09144542772861357 0.0515625
0 0.415929203539823 0.1765625 0.08849557522123894 0.06875