0 0.5412844036697247 0.971875 0.3761467889908257 0.05625
0 0.07951070336391437 0.5609375 0.15902140672782875 0.14375
0 0.5412844036697247 0.3734375 0.10397553516819572 0.040625
0 0.03363914373088685 0.3234375 0.0672782874617737 0.075
0 0.1529051987767584 0.0796875 0.1162079510703364 0.0546875
0 0.3333333333333333 0.03125 0.09785932721712538 0.0609375
0 0.4923547400611621 0.0078125 0.0764525993883792 0.015625
0 0.09480122324159021 0.1390625 0.10397553516819572 0.04375
0 0.3211009174311927 0.1078125 0.1559633027522936 0.0484375
0 0.3149847094801223 0.1875 0.1162079510703364 0.0671875
0 0.3119266055045872 0.1484375 0.09480122324159021 0.040625
0 0.5321100917431193 0.0671875 0.07951070336391437 0.040625
0 0.9143730886850153 0.040625 0.10091743119266056 0.05
0 0.9418960244648318 0.025 0.0672782874617737 0.05
0 0.8440366972477065 0.0703125 0.07951070336391437 0.05
0 0.27217125382262997 0.45625 0.1345565749235474 0.040625
0 0.42201834862385323 0.3625 0.1162079510703364 0.053125
0 0.308868501529052 0.3375 0.07033639143730887 0.0390625
0 0.39755351681957185 0.4546875 0.09785932721712538 0.0453125
0 0.44036697247706424 0.5046875 0.11926605504587157 0.0578125
0 0.5290519877675841 0.503125 0.09785932721712538 0.040625
0 0.5626911314984709 0.5578125 0.11009174311926606 0.059375
0 0.08256880733944955 0.675 0.14067278287461774 0.0609375
0 0.15902140672782875 0.675 0.13761467889908258 0.0640625
0 0.7339449541284404 0.66875 0.11314984709480122 0.0671875
0 0.9250764525993884 0.57578125 0.14984709480122324 0.1015625
0 0.7981651376146789 0.628125 0.0764525993883792 0.0296875
0 0.9204892966360856 0.66875 0.14067278287461774 0.0453125
0 0.8501529051987767 0.746875 0.11926605504587157 0.0765625
0 0.7614678899082569 0.7640625 0.10091743119266056 0.01875
0 0.14067278287461774 0.959375 0.12844036697247707 0.0390625
0 0.04892966360856269 0.9828125 0.09480122324159021 0.0328125
0 0.37003058103975534 0.7609375 0.06116207951070336 0.0453125