0 0.31353135313531355 0.878125 0.1254125412541254 0.0546875
0 0.013201320132013201 0.5859375 0.0231023102310231 0.0796875
0 0.07260726072607261 0.0859375 0.1419141914191419 0.0796875
0 0.04950495049504951 0.1984375 0.09900990099009901 0.0796875
0 0.36303630363036304 0.3578125 0.1254125412541254 0.040625
0 0.4158415841584158 0.134375 0.0858085808580858 0.04375
0 0.4521452145214521 0.878125 0.10231023102310231 0.0390625
0 0.5742574257425742 0.95 0.11221122112211221 0.0890625
0 0.1617161716171617 0.975 0.1716171617161716 0.0296875
0 0.24092409240924093 0.9328125 0.066006600660066 0.01875
0 0.1716171617161716 0.859375 0.08250825082508251 0.0328125
0 0.7854785478547854 0.5671875 0.07920792079207921 0.0265625
0 0.8712871287128713 0.5390625 0.04950495049504951 0.0671875
0 0.13861386138613863 0.70625 0.07260726072607261 0.0421875
0 0.1551155115511551 0.009375 0.09570957095709572 0.0171875
0 0.33993399339933994 0.0046875 0.0627062706270627 0.0078125
0 0.22442244224422442 0.275 0.1551155115511551 0.046875
0 0.23102310231023102 0.31875 0.09900990099009901 0.0296875
0 0.24752475247524752 0.3484375 0.0594059405940594 0.01875
0 0.7128712871287128 0.275 0.1848184818481848 0.0625
0 0.7656765676567657 0.28125 0.04950495049504951 0.0390625
0 0.5643564356435643 0.3859375 0.0627062706270627 0.0328125
0 0.12871287128712872 0.4171875 0.14521452145214522 0.0640625
0 0.3432343234323432 0.44375 0.10231023102310231 0.0515625
0 0.22442244224422442 0.5046875 0.08250825082508251 0.0328125
0 0.32673267326732675 0.496875 0.07920792079207921 0.046875
0 0.132013201320132 0.51875 0.10891089108910891 0.0390625
0 0.036303630363036306 0.4921875 0.06930693069306931 0.065625
0 0.16831683168316833 0.66875 0.08250825082508251 0.03125
0 0.18811881188118812 0.63125 0.1485148514851485 0.0421875
0 0.056105610561056105 0.6546875 0.06930693069306931 0.03125
0 0.0429042904290429 0.73125 0.08250825082508251 0.053125
0 0.40264026402640263 0.578125 0.19471947194719472 0.040625
0 0.31683168316831684 0.5953125 0.056105610561056105 0.0171875
0 0.5874587458745875 0.703125 0.056105610561056105 0.0328125
0 0.6897689768976898 0.7078125 0.0891089108910891 0.0390625
0 0.5511551155115512 0.734375 0.066006600660066 0.0328125
0 0.6303630363036303 0.7484375 0.0891089108910891 0.03125
0 0.5577557755775577 0.8 0.0858085808580858 0.04375
0 0.23432343234323433 0.821875 0.066006600660066 0.0265625
0 0.3102310231023102 0.8328125 0.0924092409240924 0.0203125
0 0.32673267326732675 0.796875 0.066006600660066 0.025
0 0.9141914191419142 0.453125 0.132013201320132 0.0265625
0 0.9372937293729373 0.5171875 0.09900990099009901 0.046875
0 0.9653465346534653 0.93515625 0.06930693069306931 0.0453125
0 0.7920792079207921 0.778125 0.09900990099009901 0.0234375
0 0.6237623762376238 0.853125 0.09900990099009901 0.028125
0 0.8679867986798679 0.846875 0.10231023102310231 0.03125
0 0.9735973597359736 0.8328125 0.0462046204620462 0.028125
0 0.9504950495049505 0.7953125 0.0858085808580858 0.0390625
0 0.9537953795379538 0.76875 0.052805280528052806 0.0265625
0 0.39933993399339934 0.6796875 0.12871287128712872 0.021875
0 0.6072607260726073 0.5515625 0.0891089108910891 0.046875
0 0.7722772277227723 0.6125 0.11221122112211221 0.0734375
0 0.06930693069306931 0.9140625 0.0891089108910891 0.04375