0 0.23026315789473684 0.0171875 0.45723684210526316 0.034375
0 0.9819078947368421 0.7375 0.03618421052631579 0.19375
0 0.5131578947368421 0.4828125 0.3717105263157895 0.1375
0 0.944078947368421 0.43125 0.1118421052631579 0.103125
0 0.9457236842105263 0.11484375 0.10855263157894737 0.1109375
0 0.8947368421052632 0.9171875 0.14473684210526316 0.0703125
0 0.7335526315789473 0.2109375 0.09539473684210527 0.025
0 0.8552631578947368 0.228125 0.07894736842105263 0.0265625
0 0.28618421052631576 0.234375 0.15789473684210525 0.075
0 0.7993421052631579 0.825 0.08881578947368421 0.0578125
0 0.41776315789473684 0.7734375 0.09210526315789473 0.0328125
0 0.17763157894736842 0.475 0.12828947368421054 0.0453125
0 0.13486842105263158 0.4 0.07894736842105263 0.025
0 0.09539473684210527 0.4140625 0.09210526315789473 0.0390625
0 0.13815789473684212 0.3234375 0.049342105263157895 0.025
0 0.2532894736842105 0.3890625 0.09539473684210527 0.0484375
0 0.19736842105263158 0.3734375 0.07236842105263158 0.0390625
0 0.13815789473684212 0.3703125 0.049342105263157895 0.0234375
0 0.03618421052631579 0.3609375 0.046052631578947366 0.0296875
0 0.5394736842105263 0.2125 0.13486842105263158 0.0359375
0 0.4375 0.184375 0.16447368421052633 0.071875
0 0.8125 0.14375 0.10855263157894737 0.034375
0 0.7006578947368421 0.15625 0.07236842105263158 0.034375
0 0.8717105263157895 0.1875 0.0756578947368421 0.0296875
0 0.8388157894736842 0.203125 0.07236842105263158 0.028125
0 0.743421052631579 0.23125 0.03289473684210526 0.01875
0 0.8026315789473685 0.278125 0.06578947368421052 0.0265625
0 0.8256578947368421 0.340625 0.09868421052631579 0.05
0 0.8782894736842105 0.359375 0.05263157894736842 0.025
0 0.625 0.3828125 0.09210526315789473 0.0390625
0 0.5723684210526315 0.4125 0.10855263157894737 0.0453125
0 0.4440789473684211 0.36875 0.13157894736842105 0.065625
0 0.9819078947368421 0.2765625 0.03618421052631579 0.021875
0 0.9078947368421053 0.278125 0.08881578947368421 0.0359375
0 0.9013157894736842 0.3078125 0.09539473684210527 0.0375
0 0.9786184210526315 0.33125 0.04276315789473684 0.028125
0 0.049342105263157895 0.1609375 0.09868421052631579 0.046875
0 0.03618421052631579 0.25 0.06907894736842106 0.034375
0 0.5361842105263158 0.06875 0.08223684210526316 0.0421875
0 0.6710526315789473 0.08125 0.10855263157894737 0.0515625
0 0.6973684210526315 0.03125 0.08881578947368421 0.0359375
0 0.7796052631578947 0.040625 0.14473684210526316 0.0703125
0 0.9078947368421053 0.01875 0.08223684210526316 0.0375
0 0.8552631578947368 0.1125 0.05263157894736842 0.025
0 0.9342105263157895 0.115625 0.06578947368421052 0.028125
0 0.9884868421052632 0.51171875 0.023026315789473683 0.0265625
0 0.9243421052631579 0.5484375 0.08552631578947369 0.03125
0 0.975328947368421 0.6046875 0.049342105263157895 0.03125
0 0.5855263157894737 0.6859375 0.06578947368421052 0.040625
0 0.2631578947368421 0.565625 0.14473684210526316 0.0671875
0 0.11513157894736842 0.6125 0.08552631578947369 0.040625
0 0.03289473684210526 0.6390625 0.0625 0.040625
0 0.125 0.66875 0.125 0.08125
0 0.049342105263157895 0.5390625 0.09539473684210527 0.059375
0 0.03289473684210526 0.484375 0.0625 0.0234375
0 0.15789473684210525 0.9453125 0.14802631578947367 0.090625
0 0.09868421052631579 0.9890625 0.08552631578947369 0.0203125