0 0.506578947368421 0.06875 0.3519736842105263 0.1359375
0 0.9654605263157895 0.35 0.06907894736842106 0.096875
0 0.6825657894736842 0.86484375 0.6348684210526315 0.2671875
0 0.4901315789473684 0.675 0.12171052631578948 0.0390625
0 0.7861842105263158 0.2296875 0.2598684210526316 0.10625
0 0.743421052631579 0.375 0.23684210526315788 0.1609375
0 0.7138157894736842 0.475 0.16447368421052633 0.0625
0 0.9917763157894737 0.13515625 0.01644736842105263 0.0640625
0 0.15460526315789475 0.8125 0.07894736842105263 0.0296875
0 0.9506578947368421 0.490625 0.08881578947368421 0.025
0 0.9917763157894737 0.51171875 0.01644736842105263 0.0265625
0 0.4144736842105263 0.878125 0.08552631578947369 0.034375
0 0.20394736842105263 0.3359375 0.10526315789473684 0.046875
0 0.26973684210526316 0.2875 0.08552631578947369 0.0390625
0 0.05921052631578947 0.5046875 0.11513157894736842 0.0453125
0 0.9210526315789473 0.6640625 0.11842105263157894 0.034375
0 0.03289473684210526 0.009375 0.0625 0.0171875
0 0.16447368421052633 0.0828125 0.05592105263157895 0.040625
0 0.28289473684210525 0.1796875 0.0756578947368421 0.0421875
0 0.3519736842105263 0.3234375 0.08223684210526316 0.0390625
0 0.3125 0.4 0.06578947368421052 0.0375
0 0.20723684210526316 0.590625 0.1118421052631579 0.025
0 0.3980263157894737 0.56875 0.08223684210526316 0.0453125
0 0.3026315789473684 0.5765625 0.046052631578947366 0.025
0 0.4342105263157895 0.6328125 0.09868421052631579 0.0359375
0 0.6447368421052632 0.546875 0.07894736842105263 0.0328125
0 0.8782894736842105 0.5796875 0.10197368421052631 0.0515625