0 0.819078947368421 0.778125 0.3618421052631579 0.1359375
0 0.9276315789473685 0.2125 0.14473684210526316 0.1625
0 0.9013157894736842 0.4125 0.19407894736842105 0.1921875
0 0.08881578947368421 0.890625 0.17434210526315788 0.115625
0 0.35526315789473684 0.921875 0.25 0.10625
0 0.21710526315789475 0.9875 0.3059210526315789 0.0234375
0 0.125 0.58125 0.25 0.1578125
0 0.12171052631578948 0.26875 0.14473684210526316 0.0890625
0 0.5 0.5796875 0.2993421052631579 0.2015625
0 0.90625 0.90390625 0.1875 0.0921875
0 0.618421052631579 0.3578125 0.19736842105263158 0.11875
0 0.33881578947368424 0.1953125 0.12171052631578948 0.078125