0 0.9247787610619469 0.44453125 0.1504424778761062 0.1140625
0 0.02359882005899705 0.4875 0.04424778761061947 0.0578125
0 0.93952802359882 0.8265625 0.12094395280235988 0.034375
0 0.011799410029498525 0.225 0.02064896755162242 0.04375
0 0.12684365781710916 0.3203125 0.12389380530973451 0.0609375
0 0.6371681415929203 0.3328125 0.0943952802359882 0.05
0 0.6843657817109144 0.5265625 0.11209439528023599 0.0609375
0 0.3392330383480826 0.6125 0.08259587020648967 0.04375
0 0.029498525073746312 0.4078125 0.05604719764011799 0.0296875
0 0.8053097345132744 0.0125 0.061946902654867256 0.0234375
0 0.3215339233038348 0.15625 0.04129793510324484 0.04375
0 0.8672566371681416 0.5546875 0.11504424778761062 0.040625
0 0.24188790560471976 0.296875 0.0855457227138643 0.03125
0 0.4365781710914454 0.1078125 0.10324483775811209 0.0484375
0 0.8348082595870207 0.13125 0.08259587020648967 0.028125
0 0.25663716814159293 0.740625 0.07669616519174041 0.0359375
0 0.4336283185840708 0.7734375 0.05309734513274336 0.034375
0 0.7522123893805309 0.7578125 0.07079646017699115 0.0453125
0 0.9646017699115044 0.690625 0.06784660766961652 0.040625
0 0.9896755162241888 0.759375 0.02064896755162242 0.0625
0 0.19174041297935104 0.1234375 0.07079646017699115 0.05625
0 0.7581120943952803 0.39375 0.05309734513274336 0.0203125
0 0.24778761061946902 0.825 0.07669616519174041 0.0734375
0 0.3805309734513274 0.275 0.1887905604719764 0.0609375
0 0.2920353982300885 0.5203125 0.25663716814159293 0.078125
0 0.5988200589970502 0.65 0.09734513274336283 0.05625
0 0.9572271386430679 0.58671875 0.0855457227138643 0.0359375
0 0.3333333333333333 0.9875 0.06489675516224189 0.025
0 0.4218289085545723 0.85625 0.07964601769911504 0.028125
0 0.2743362831858407 0.91875 0.06489675516224189 0.040625
0 0.017699115044247787 0.6171875 0.032448377581120944 0.0375
0 0.3746312684365782 0.5296875 0.07374631268436578 0.0296875
0 0.8259587020648967 0.4921875 0.0471976401179941 0.0296875
0 0.6666666666666666 0.8953125 0.061946902654867256 0.0390625
0 0.4690265486725664 0.9203125 0.061946902654867256 0.025
0 0.014749262536873156 0.0140625 0.02654867256637168 0.0265625
0 0.05309734513274336 0.028125 0.04424778761061947 0.053125
0 0.2153392330383481 0.0328125 0.0855457227138643 0.065625
0 0.31563421828908556 0.959375 0.0943952802359882 0.0328125
0 0.6932153392330384 0.221875 0.10619469026548672 0.040625
0 0.5781710914454278 0.2671875 0.09734513274336283 0.05625
0 0.8259587020648967 0.0984375 0.1415929203539823 0.0296875