0 0.0950920245398773 0.83125 0.18711656441717792 0.1296875
0 0.7730061349693251 0.9734375 0.12883435582822086 0.053125
0 0.49693251533742333 0.528125 0.18098159509202455 0.0796875
0 0.18711656441717792 0.440625 0.2116564417177914 0.1046875
0 0.018404907975460124 0.5875 0.03374233128834356 0.078125
0 0.9616564417177914 0.67109375 0.07668711656441718 0.0546875
0 0.656441717791411 0.7015625 0.07975460122699386 0.0421875
0 0.450920245398773 0.6765625 0.11349693251533742 0.0359375
0 0.4171779141104294 0.7546875 0.0736196319018405 0.0359375
0 0.6411042944785276 0.790625 0.12576687116564417 0.046875
0 0.3496932515337423 0.965625 0.13190184049079753 0.034375
0 0.027607361963190184 0.690625 0.05521472392638037 0.025
0 0.8742331288343558 0.4453125 0.15644171779141106 0.078125
0 0.7760736196319018 0.5734375 0.07975460122699386 0.0390625
0 0.8773006134969326 0.571875 0.10429447852760736 0.028125
0 0.5920245398773006 0.475 0.1656441717791411 0.0484375
0 0.13496932515337423 0.5734375 0.09815950920245399 0.0296875
0 0.4294478527607362 0.865625 0.10122699386503067 0.0578125
0 0.5368098159509203 0.98125 0.0705521472392638 0.0359375
0 0.6104294478527608 0.9921875 0.04294478527607362 0.0140625
0 0.16257668711656442 0.3453125 0.09202453987730061 0.0484375
0 0.8006134969325154 0.2578125 0.13496932515337423 0.06875
0 0.9478527607361963 0.309375 0.06134969325153374 0.03125
0 0.9892638036809815 0.40390625 0.02147239263803681 0.0359375
0 0.8834355828220859 0.1421875 0.06748466257668712 0.0421875
0 0.9800613496932515 0.04140625 0.03987730061349693 0.0546875
0 0.40797546012269936 0.228125 0.13190184049079753 0.0421875
0 0.5368098159509203 0.2 0.0950920245398773 0.0453125
0 0.294478527607362 0.271875 0.1441717791411043 0.0546875
0 0.15644171779141106 0.1765625 0.13496932515337423 0.05
0 0.027607361963190184 0.0625 0.05214723926380368 0.0640625
0 0.34355828220858897 0.0703125 0.10429447852760736 0.08125
0 0.6257668711656442 0.0375 0.1196319018404908 0.046875
0 0.48773006134969327 0.0953125 0.05521472392638037 0.0375
0 0.0950920245398773 0.953125 0.12883435582822086 0.0375
0 0.5368098159509203 0.8359375 0.046012269938650305 0.034375
0 0.8742331288343558 0.81875 0.06748466257668712 0.0265625
0 0.7822085889570553 0.678125 0.04294478527607362 0.0359375
0 0.754601226993865 0.7078125 0.05214723926380368 0.0390625
0 0.6809815950920245 0.63125 0.04294478527607362 0.028125
0 0.5644171779141104 0.6625 0.05521472392638037 0.0140625
0 0.46932515337423314 0.6578125 0.027607361963190184 0.021875
0 0.4386503067484663 0.615625 0.03987730061349693 0.025
0 0.5521472392638037 0.6 0.03374233128834356 0.025
0 0.018404907975460124 0.440625 0.03374233128834356 0.021875
0 0.7024539877300614 0.1765625 0.04294478527607362 0.034375
0 0.7883435582822086 0.03125 0.03067484662576687 0.0265625
0 0.7085889570552147 0.0078125 0.05828220858895705 0.0140625
0 0.7269938650306749 0.025 0.03374233128834356 0.0265625
0 0.5276073619631901 0.0609375 0.08588957055214724 0.0296875
0 0.5214723926380368 0.9296875 0.09202453987730061 0.05
0 0.22392638036809817 0.0796875 0.04294478527607362 0.0359375
0 0.6625766871165644 0.8421875 0.06748466257668712 0.025
0 0.36503067484662577 0.671875 0.03987730061349693 0.0328125
0 0.31901840490797545 0.603125 0.05828220858895705 0.0421875
0 0.19938650306748465 0.2734375 0.07975460122699386 0.065625
0 0.3159509202453988 0.371875 0.06134969325153374 0.028125
0 0.003067484662576687 0.2390625 0.003067484662576687 0.0359375
0 0.7852760736196319 0.753125 0.027607361963190184 0.0140625
0 0.8803680981595092 0.7328125 0.08588957055214724 0.0359375
0 0.5766871165644172 0.3140625 0.0736196319018405 0.0390625
0 0.803680981595092 0.3265625 0.15950920245398773 0.05625
0 0.6165644171779141 0.375 0.09202453987730061 0.028125