0 0.1345565749235474 0.3890625 0.07033639143730887 0.053125
0 0.23853211009174313 0.4015625 0.11314984709480122 0.05
0 0.3486238532110092 0.4359375 0.0856269113149847 0.0734375
0 0.6483180428134556 0.5203125 0.1559633027522936 0.078125
0 0.8532110091743119 0.553125 0.13761467889908258 0.08125
0 0.8593272171253823 0.7203125 0.12844036697247707 0.0828125
0 0.8685015290519877 0.834375 0.05198776758409786 0.0296875
0 0.8654434250764526 0.896875 0.08256880733944955 0.0296875
0 0.26605504587155965 0.83125 0.5321100917431193 0.3359375
0 0.08256880733944955 0.0109375 0.06422018348623854 0.0203125
0 0.7492354740061162 0.1484375 0.2874617737003058 0.13125
0 0.9403669724770642 0.13125 0.11926605504587157 0.134375
0 0.72782874617737 0.303125 0.1162079510703364 0.0453125
0 0.37003058103975534 0.3015625 0.13149847094801223 0.0234375
0 0.6146788990825688 0.3328125 0.12844036697247707 0.0359375
0 0.8868501529051988 0.3671875 0.1651376146788991 0.0546875
0 0.7675840978593272 0.396875 0.0764525993883792 0.053125
0 0.1620795107033639 0.2296875 0.13149847094801223 0.0390625
0 0.07033639143730887 0.065625 0.13761467889908258 0.0484375
0 0.024464831804281346 0.2796875 0.045871559633027525 0.0578125