0 0.36578171091445427 0.015625 0.1592920353982301 0.03125
0 0.9056047197640118 0.2453125 0.05309734513274336 0.025
0 0.551622418879056 0.890625 0.12094395280235988 0.0359375
0 0.3687315634218289 0.9078125 0.1504424778761062 0.0375
0 0.7817109144542773 0.1546875 0.0943952802359882 0.0640625
0 0.9262536873156342 0.2046875 0.07964601769911504 0.0421875
0 0.13864306784660768 0.16875 0.0943952802359882 0.08125
0 0.9896755162241888 0.25234375 0.02064896755162242 0.0296875
0 0.7699115044247787 0.4921875 0.04129793510324484 0.04375
0 0.7020648967551623 0.4890625 0.07079646017699115 0.05
0 0.25958702064896755 0.221875 0.11504424778761062 0.0375
0 0.44837758112094395 0.171875 0.12979351032448377 0.046875
0 0.24188790560471976 0.065625 0.06489675516224189 0.03125
0 0.0471976401179941 0.0609375 0.058997050147492625 0.028125
0 0.16224188790560473 0.0890625 0.07079646017699115 0.04375
0 0.5752212389380531 0.071875 0.10029498525073746 0.05
0 0.8820058997050148 0.021875 0.08259587020648967 0.0296875
0 0.9808259587020649 0.01171875 0.038348082595870206 0.0234375
0 0.7964601769911505 0.546875 0.07079646017699115 0.0296875
0 0.775811209439528 0.68125 0.08849557522123894 0.05
0 0.93952802359882 0.653125 0.12094395280235988 0.05
0 0.4896755162241888 0.46875 0.05014749262536873 0.0421875
0 0.4306784660766962 0.4640625 0.0471976401179941 0.0484375
0 0.08259587020648967 0.49375 0.05014749262536873 0.0421875
0 0.18584070796460178 0.865625 0.08849557522123894 0.0390625
0 0.10619469026548672 0.9734375 0.07079646017699115 0.0390625
0 0.4837758112094395 0.8265625 0.09734513274336283 0.0515625