0 0.06402439024390244 0.3390625 0.12804878048780488 0.1375
0 0.009146341463414634 0.596875 0.018292682926829267 0.1421875
0 0.7408536585365854 0.54375 0.11585365853658537 0.0703125
0 0.6554878048780488 0.034375 0.13414634146341464 0.0671875
0 0.7896341463414634 0.00625 0.39939024390243905 0.0109375
0 0.04878048780487805 0.7703125 0.0975609756097561 0.0546875
0 0.27134146341463417 0.8984375 0.1402439024390244 0.0421875
0 0.7591463414634146 0.9578125 0.14634146341463414 0.0640625
0 0.2896341463414634 0.684375 0.09451219512195122 0.0671875
0 0.018292682926829267 0.9609375 0.03353658536585366 0.040625
0 0.1676829268292683 0.996875 0.11280487804878049 0.00625
0 0.042682926829268296 0.165625 0.08536585365853659 0.0421875
0 0.6432926829268293 0.2046875 0.039634146341463415 0.0390625
0 0.8597560975609756 0.4453125 0.0701219512195122 0.034375
0 0.9298780487804879 0.6890625 0.13109756097560976 0.034375
0 0.6097560975609756 0.9109375 0.051829268292682924 0.05
0 0.49390243902439024 0.915625 0.01524390243902439 0.05
0 0.15853658536585366 0.884375 0.09146341463414634 0.0234375
0 0.6463414634146342 0.83125 0.08231707317073171 0.05
0 0.8079268292682927 0.8140625 0.0701219512195122 0.053125
0 0.9146341463414634 0.7734375 0.07926829268292683 0.0484375
0 0.6097560975609756 0.715625 0.10365853658536585 0.0640625