0 0.9420731707317073 0.0578125 0.036585365853658534 0.04375
0 0.03353658536585366 0.453125 0.06707317073170732 0.05
0 0.20426829268292682 0.8203125 0.06402439024390244 0.046875
0 0.8932926829268293 0.98125 0.06097560975609756 0.0375
0 0.7926829268292683 0.9609375 0.08841463414634146 0.059375
0 0.8475609756097561 0.9921875 0.039634146341463415 0.0140625
0 0.6676829268292683 0.8140625 0.06097560975609756 0.040625
0 0.850609756097561 0.8140625 0.07621951219512195 0.034375
0 0.9740853658536586 0.6265625 0.051829268292682924 0.0375
0 0.8353658536585366 0.475 0.024390243902439025 0.034375
0 0.3048780487804878 0.9765625 0.06707317073170732 0.028125
0 0.5884146341463414 0.896875 0.08841463414634146 0.03125
0 0.8567073170731707 0.3859375 0.125 0.05
0 0.1676829268292683 0.3859375 0.07621951219512195 0.0390625
0 0.4725609756097561 0.3421875 0.06097560975609756 0.0265625
0 0.5640243902439024 0.365625 0.08536585365853659 0.028125
0 0.34146341463414637 0.890625 0.10060975609756098 0.040625
0 0.8140243902439024 0.746875 0.11585365853658537 0.0421875
0 0.15548780487804878 0.7671875 0.08231707317073171 0.0421875
0 0.4634146341463415 0.684375 0.07621951219512195 0.0296875
0 0.7682926829268293 0.6328125 0.04878048780487805 0.0515625
0 0.6890243902439024 0.7140625 0.07621951219512195 0.0421875
0 0.5426829268292683 0.759375 0.08231707317073171 0.05
0 0.3567073170731707 0.8171875 0.0975609756097561 0.05
0 0.4969512195121951 0.81875 0.08231707317073171 0.0359375