0 0.6644736842105263 0.3 0.2138157894736842 0.125
0 0.0756578947368421 0.7078125 0.14802631578947367 0.1734375
0 0.5625 0.76875 0.3618421052631579 0.109375
0 0.35855263157894735 0.846875 0.16447368421052633 0.0734375
0 0.15789473684210525 0.125 0.3125 0.175
0 0.013157894736842105 0.1484375 0.02631578947368421 0.0984375
0 0.5592105263157895 0.309375 0.13486842105263158 0.059375
0 0.47039473684210525 0.38125 0.10197368421052631 0.0796875
0 0.10855263157894737 0.959375 0.15460526315789475 0.0796875
0 0.6019736842105263 0.58125 0.14802631578947367 0.0734375
0 0.7828947368421053 0.578125 0.14473684210526316 0.0984375
0 0.9572368421052632 0.959375 0.08223684210526316 0.040625
0 0.5986842105263158 0.184375 0.13157894736842105 0.0546875
0 0.875 0.146875 0.1118421052631579 0.059375
0 0.47368421052631576 0.6140625 0.08552631578947369 0.0421875
0 0.26644736842105265 0.95625 0.0625 0.034375
0 0.375 0.984375 0.14473684210526316 0.03125
0 0.6973684210526315 0.378125 0.07236842105263158 0.0265625
0 0.24671052631578946 0.6171875 0.0756578947368421 0.04375
0 0.9243421052631579 0.7234375 0.08223684210526316 0.0359375
0 0.8552631578947368 0.2765625 0.11513157894736842 0.05
0 0.34868421052631576 0.4734375 0.10197368421052631 0.0484375
0 0.18092105263157895 0.40625 0.049342105263157895 0.03125
0 0.29276315789473684 0.4234375 0.12171052631578948 0.053125
0 0.29605263157894735 0.3890625 0.125 0.05625
0 0.049342105263157895 0.2375 0.08552631578947369 0.0265625
0 0.09868421052631579 0.2734375 0.05263157894736842 0.0140625
0 0.10855263157894737 0.5 0.08223684210526316 0.0265625
0 0.03618421052631579 0.5453125 0.046052631578947366 0.034375
0 0.0625 0.58125 0.019736842105263157 0.015625
0 0.10197368421052631 0.5375 0.0625 0.015625
0 0.3157894736842105 0.5375 0.09210526315789473 0.0328125
0 0.2138157894736842 0.5703125 0.10855263157894737 0.0296875
0 0.12828947368421054 0.5609375 0.08881578947368421 0.0296875
0 0.019736842105263157 0.4109375 0.03618421052631579 0.025
0 0.3092105263157895 0.2953125 0.05592105263157895 0.03125
0 0.2993421052631579 0.2296875 0.07236842105263158 0.0375
0 0.19078947368421054 0.2421875 0.08223684210526316 0.046875
0 0.3157894736842105 0.2609375 0.08552631578947369 0.01875
0 0.8026315789473685 0.4984375 0.05592105263157895 0.0234375
0 0.8947368421052632 0.440625 0.06578947368421052 0.0296875
0 0.9736842105263158 0.5453125 0.049342105263157895 0.04375
0 0.7598684210526315 0.375 0.0625 0.021875
0 0.5756578947368421 0.440625 0.13486842105263158 0.0671875
0 0.5921052631578947 0.503125 0.046052631578947366 0.021875
0 0.34539473684210525 0.5890625 0.08223684210526316 0.0328125
0 0.17105263157894737 0.7578125 0.07236842105263158 0.040625
0 0.9539473684210527 0.8390625 0.046052631578947366 0.025
0 0.7631578947368421 0.7046875 0.0625 0.0421875
0 0.6907894736842105 0.6578125 0.09210526315789473 0.028125
0 0.7039473684210527 0.6953125 0.1118421052631579 0.034375