0 0.13157894736842105 0.0640625 0.16776315789473684 0.0703125
0 0.4375 0.0078125 0.06578947368421052 0.0140625
0 0.5657894736842105 0.0546875 0.10197368421052631 0.053125
0 0.32894736842105265 0.25 0.2598684210526316 0.0640625
0 0.29276315789473684 0.41875 0.1513157894736842 0.0796875
0 0.29605263157894735 0.490625 0.17434210526315788 0.06875
0 0.7072368421052632 0.471875 0.15789473684210525 0.0453125
0 0.5953947368421053 0.4265625 0.08552631578947369 0.040625
0 0.5197368421052632 0.8953125 0.1875 0.059375
0 0.6447368421052632 0.73125 0.09868421052631579 0.040625
0 0.7006578947368421 0.675 0.0756578947368421 0.0421875
0 0.8717105263157895 0.621875 0.07236842105263158 0.0390625
0 0.14473684210526316 0.709375 0.13486842105263158 0.0671875
0 0.24342105263157895 0.7375 0.1611842105263158 0.046875
0 0.17105263157894737 0.7953125 0.0625 0.04375
0 0.930921052631579 0.775 0.13815789473684212 0.059375