0 0.7469512195121951 0.071875 0.47560975609756095 0.1421875
0 0.25914634146341464 0.00625 0.23780487804878048 0.0125
0 0.29878048780487804 0.053125 0.10365853658536585 0.040625
0 0.3353658536585366 0.109375 0.07926829268292683 0.034375
0 0.04573170731707317 0.171875 0.09146341463414634 0.0671875
0 0.24085365853658536 0.525 0.24695121951219512 0.1609375
0 0.9695121951219512 0.3390625 0.06097560975609756 0.1375
0 0.6890243902439024 0.2453125 0.3231707317073171 0.140625
0 0.899390243902439 0.596875 0.19817073170731708 0.1421875
0 0.7591463414634146 0.4609375 0.10670731707317073 0.0578125
0 0.11585365853658537 0.3921875 0.06707317073170732 0.0484375
0 0.10060975609756098 0.253125 0.11280487804878049 0.0796875
0 0.9847560975609756 0.7703125 0.03048780487804878 0.0546875
0 0.18902439024390244 0.721875 0.06707317073170732 0.034375
0 0.6280487804878049 0.8484375 0.09451219512195122 0.0359375
0 0.989329268292683 0.9609375 0.021341463414634148 0.040625
0 0.3353658536585366 0.7234375 0.08231707317073171 0.05
0 0.4969512195121951 0.9859375 0.10060975609756098 0.028125
0 0.9847560975609756 0.165625 0.027439024390243903 0.0421875
0 0.6554878048780488 0.6234375 0.13109756097560976 0.040625
0 0.03353658536585366 0.9328125 0.06402439024390244 0.06875
0 0.9298780487804879 0.9046875 0.06402439024390244 0.0296875