0 0.9720588235294118 0.478125 0.05588235294117647 0.05625
0 0.40588235294117647 0.6828125 0.15 0.1453125
0 0.8838235294117647 0.8375 0.2323529411764706 0.14375
0 0.34705882352941175 0.13125 0.1323529411764706 0.053125
0 0.5088235294117647 0.2609375 0.13529411764705881 0.0390625
0 0.1 0.2109375 0.09411764705882353 0.04375
0 0.14705882352941177 0.2703125 0.16176470588235295 0.04375
0 0.8911764705882353 0.1046875 0.14411764705882352 0.0796875
0 0.9691176470588235 0.2203125 0.061764705882352944 0.04375
0 0.9985294117647059 0.39921875 0.0029411764705882353 0.0296875
0 0.7735294117647059 0.315625 0.11470588235294117 0.040625
0 0.6529411764705882 0.490625 0.10588235294117647 0.0390625
0 0.7 0.5640625 0.07647058823529412 0.0484375
0 0.8117647058823529 0.6234375 0.058823529411764705 0.0453125
0 0.3352941176470588 0.5328125 0.09117647058823529 0.0265625
0 0.09411764705882353 0.6234375 0.08235294117647059 0.04375
0 0.15294117647058825 0.7109375 0.058823529411764705 0.0265625
0 0.061764705882352944 0.740625 0.06470588235294118 0.0234375
0 0.14411764705882352 0.7703125 0.04411764705882353 0.025
0 0.2529411764705882 0.8140625 0.11176470588235295 0.034375
0 0.6441176470588236 0.9375 0.1 0.034375
0 0.5852941176470589 0.91875 0.1 0.021875
0 0.47352941176470587 0.93125 0.047058823529411764 0.0296875
0 0.4264705882352941 0.9640625 0.1 0.021875
0 0.3558823529411765 0.05 0.09411764705882353 0.0578125
0 0.5205882352941177 0.1296875 0.1 0.0515625
0 0.6588235294117647 0.2703125 0.05 0.0359375
0 0.6352941176470588 0.3046875 0.03823529411764706 0.05
0 0.06470588235294118 0.96875 0.12058823529411765 0.0609375
0 0.8 0.4140625 0.09705882352941177 0.0390625
0 0.65 0.203125 0.05588235294117647 0.040625
0 0.7941176470588235 0.16875 0.03529411764705882 0.0203125
0 0.18235294117647058 0.4265625 0.1323529411764706 0.0625
0 0.20588235294117646 0.9796875 0.08235294117647059 0.0390625
0 0.3058823529411765 0.984375 0.07647058823529412 0.0296875
0 0.6941176470588235 0.975 0.047058823529411764 0.0265625
0 0.8970588235294118 0.6453125 0.09705882352941177 0.04375
0 0.9676470588235294 0.6046875 0.058823529411764705 0.0359375
0 0.861764705882353 0.55625 0.05 0.0546875
0 0.7382352941176471 0.4390625 0.04411764705882353 0.028125
0 0.8352941176470589 0.4734375 0.06764705882352941 0.0265625
0 0.9588235294117647 0.5515625 0.047058823529411764 0.0265625
0 0.9838235294117647 0.60546875 0.03235294117647059 0.0359375
0 0.6 0.0015625 0.06470588235294118 0.003125
0 0.6558823529411765 0.0296875 0.06470588235294118 0.046875
0 0.5176470588235295 0.0609375 0.10588235294117647 0.053125
0 0.17941176470588235 0.0015625 0.052941176470588235 0.0015625
0 0.8676470588235294 0.0140625 0.08235294117647059 0.0265625
0 0.22058823529411764 0.5859375 0.01764705882352941 0.0109375
0 0.65 0.709375 0.1323529411764706 0.0453125
0 0.9382352941176471 0.978125 0.11764705882352941 0.04375
0 0.7558823529411764 0.9484375 0.10882352941176471 0.0359375