0 0.6551155115511551 0.13828125 0.6897689768976898 0.2765625
0 0.036303630363036306 0.5640625 0.06930693069306931 0.1171875
0 0.6006600660066007 0.93125 0.7755775577557755 0.1359375
0 0.38613861386138615 0.8265625 0.429042904290429 0.15
0 0.504950495049505 0.8609375 0.0429042904290429 0.0265625
0 0.45874587458745875 0.584375 0.08250825082508251 0.0328125
0 0.8646864686468647 0.815625 0.06930693069306931 0.034375
0 0.8844884488448845 0.659375 0.0297029702970297 0.0328125
0 0.9141914191419142 0.50625 0.10231023102310231 0.04375
0 0.31683168316831684 0.4671875 0.06930693069306931 0.03125
0 0.09900990099009901 0.7046875 0.056105610561056105 0.0296875
0 0.6732673267326733 0.7375 0.07920792079207921 0.0328125
0 0.15181518151815182 0.971875 0.07590759075907591 0.0296875
0 0.1419141914191419 0.7421875 0.0627062706270627 0.025
0 0.39933993399339934 0.725 0.0462046204620462 0.0265625
0 0.528052805280528 0.7125 0.06930693069306931 0.0328125
0 0.8514851485148515 0.6078125 0.08250825082508251 0.0375
0 0.9075907590759076 0.546875 0.06930693069306931 0.0328125
0 0.019801980198019802 0.9046875 0.036303630363036306 0.046875
0 0.0891089108910891 0.809375 0.06930693069306931 0.0328125