0 0.6219512195121951 0.740625 0.1951219512195122 0.1046875
0 0.3079268292682927 0.8171875 0.17378048780487804 0.0671875
0 0.4176829268292683 0.8984375 0.14634146341463414 0.065625
0 0.22865853658536586 0.9796875 0.19207317073170732 0.0390625
0 0.4298780487804878 0.971875 0.09146341463414634 0.0546875
0 0.5335365853658537 0.9703125 0.0975609756097561 0.0546875
0 0.8567073170731707 0.865625 0.12804878048780488 0.0671875
0 0.9527439024390244 0.95234375 0.09451219512195122 0.0859375
0 0.3628048780487805 0.6421875 0.10670731707317073 0.0546875
0 0.06402439024390244 0.478125 0.12804878048780488 0.0625
0 0.024390243902439025 0.5671875 0.04573170731707317 0.0546875
0 0.27439024390243905 0.4921875 0.10975609756097561 0.05625
0 0.8353658536585366 0.434375 0.1402439024390244 0.05
0 0.20426829268292682 0.3515625 0.18902439024390244 0.0609375
0 0.051829268292682924 0.371875 0.10365853658536585 0.05
0 0.042682926829268296 0.4125 0.08231707317073171 0.0296875
0 0.021341463414634148 0.19375 0.039634146341463415 0.0671875
0 0.13719512195121952 0.0046875 0.10670731707317073 0.009375
0 0.04878048780487805 0.0875 0.09451219512195122 0.053125
0 0.19207317073170732 0.2375 0.09146341463414634 0.0609375
0 0.2652439024390244 0.2421875 0.09451219512195122 0.1
0 0.2347560975609756 0.7515625 0.10975609756097561 0.0421875
0 0.5701219512195121 0.6578125 0.12804878048780488 0.0546875
0 0.9451219512195121 0.5859375 0.0975609756097561 0.0390625
0 0.8567073170731707 0.6421875 0.12195121951219512 0.05625
0 0.7804878048780488 0.575 0.09451219512195122 0.0484375
0 0.21341463414634146 0.5625 0.06707317073170732 0.0484375
0 0.1951219512195122 0.521875 0.06097560975609756 0.0234375
0 0.3475609756097561 0.5828125 0.07317073170731707 0.0265625
0 0.4725609756097561 0.0203125 0.09146341463414634 0.040625
0 0.7225609756097561 0.321875 0.15853658536585366 0.0890625
0 0.5304878048780488 0.35625 0.09146341463414634 0.0671875
0 0.9603658536585366 0.3875 0.07621951219512195 0.0734375