0 0.09451219512195122 0.828125 0.18902439024390244 0.128125
0 0.7682926829268293 0.971875 0.125 0.05625
0 0.4969512195121951 0.528125 0.1798780487804878 0.078125
0 0.18902439024390244 0.440625 0.2073170731707317 0.1046875
0 0.021341463414634148 0.5875 0.039634146341463415 0.078125
0 0.9588414634146342 0.67109375 0.08231707317073171 0.0546875
0 0.6554878048780488 0.7015625 0.07926829268292683 0.0421875
0 0.45121951219512196 0.675 0.10975609756097561 0.034375
0 0.4176829268292683 0.753125 0.07317073170731707 0.0359375
0 0.6371951219512195 0.7890625 0.125 0.046875
0 0.35060975609756095 0.9640625 0.13109756097560976 0.034375
0 0.03353658536585366 0.6890625 0.054878048780487805 0.025
0 0.8689024390243902 0.4453125 0.15548780487804878 0.078125
0 0.9969512195121951 0.4578125 0.006097560975609756 0.046875
0 0.7713414634146342 0.5734375 0.07926829268292683 0.0390625
0 0.8719512195121951 0.571875 0.10365853658536585 0.028125
0 0.5914634146341463 0.475 0.16463414634146342 0.0484375
0 0.13719512195121952 0.571875 0.0975609756097561 0.0296875
0 0.4298780487804878 0.8640625 0.10060975609756098 0.05625
0 0.5365853658536586 0.98125 0.06707317073170732 0.0375
0 0.6067073170731707 0.9921875 0.042682926829268296 0.015625
0 0.16463414634146342 0.346875 0.09146341463414634 0.0484375
0 0.7957317073170732 0.259375 0.13414634146341464 0.06875
0 0.9420731707317073 0.309375 0.06097560975609756 0.03125
0 0.9862804878048781 0.40546875 0.027439024390243903 0.0359375
0 0.8780487804878049 0.14375 0.06707317073170732 0.0421875
0 0.975609756097561 0.04375 0.04573170731707317 0.0546875
0 0.40853658536585363 0.2296875 0.13109756097560976 0.0421875
0 0.5365853658536586 0.2015625 0.09451219512195122 0.0453125
0 0.29878048780487804 0.271875 0.14329268292682926 0.0546875
0 0.16158536585365854 0.178125 0.13414634146341464 0.05
0 0.027439024390243903 0.0640625 0.054878048780487805 0.0640625
0 0.3445121951219512 0.071875 0.10365853658536585 0.08125
0 0.6219512195121951 0.0390625 0.11890243902439024 0.046875
0 0.4878048780487805 0.0984375 0.054878048780487805 0.0375
0 0.0975609756097561 0.95 0.125 0.0375
0 0.5365853658536586 0.834375 0.04573170731707317 0.034375
0 0.8719512195121951 0.8171875 0.06707317073170732 0.0265625
0 0.7774390243902439 0.678125 0.042682926829268296 0.034375
0 0.7530487804878049 0.70625 0.051829268292682924 0.0390625
0 0.6798780487804879 0.6296875 0.042682926829268296 0.028125
0 0.5640243902439024 0.6625 0.054878048780487805 0.0140625
0 0.46646341463414637 0.6578125 0.027439024390243903 0.0203125
0 0.43902439024390244 0.6140625 0.039634146341463415 0.025
0 0.551829268292683 0.5984375 0.03353658536585366 0.025
0 0.021341463414634148 0.440625 0.039634146341463415 0.021875
0 0.698170731707317 0.178125 0.039634146341463415 0.034375
0 0.7865853658536586 0.034375 0.03048780487804878 0.0265625
0 0.7042682926829268 0.009375 0.057926829268292686 0.0171875
0 0.725609756097561 0.0265625 0.03353658536585366 0.0265625
0 0.524390243902439 0.0625 0.08231707317073171 0.0296875
0 0.5060975609756098 0.0015625 0.042682926829268296 0.0015625
0 0.2926829268292683 0.0015625 0.06097560975609756 0.0015625
0 0.5213414634146342 0.9265625 0.09146341463414634 0.05
0 0.22865853658536586 0.0828125 0.042682926829268296 0.034375
0 0.6585365853658537 0.840625 0.06707317073170732 0.025
0 0.36585365853658536 0.6703125 0.039634146341463415 0.0328125
0 0.3201219512195122 0.603125 0.057926829268292686 0.0421875
0 0.20121951219512196 0.275 0.07926829268292683 0.0640625
0 0.3170731707317073 0.3734375 0.06097560975609756 0.028125
0 0.006097560975609756 0.2390625 0.009146341463414634 0.034375
0 0.7804878048780488 0.753125 0.027439024390243903 0.0140625
0 0.875 0.73125 0.08231707317073171 0.0359375
0 0.5762195121951219 0.3140625 0.07317073170731707 0.0390625
0 0.7987804878048781 0.3265625 0.15853658536585366 0.05625
0 0.6128048780487805 0.375 0.09146341463414634 0.028125