0 0.9660766961651918 0.3046875 0.06784660766961652 0.090625
0 0.9351032448377581 0.0921875 0.11799410029498525 0.0625
0 0.8466076696165191 0.584375 0.19469026548672566 0.1171875
0 0.2743362831858407 0.3515625 0.17699115044247787 0.128125
0 0.5958702064896755 0.146875 0.09144542772861357 0.0390625
0 0.8377581120943953 0.2234375 0.0943952802359882 0.0421875
0 0.5663716814159292 0.3390625 0.05604719764011799 0.0421875
0 0.6224188790560472 0.371875 0.038348082595870206 0.021875
0 0.9616519174041298 0.465625 0.07374631268436578 0.0390625
0 0.5693215339233039 0.51875 0.11209439528023599 0.0375
0 0.471976401179941 0.253125 0.06489675516224189 0.0578125
0 0.31268436578171094 0.2390625 0.05309734513274336 0.028125
0 0.2359882005899705 0.1625 0.05014749262536873 0.0375
0 0.943952802359882 0.0140625 0.05014749262536873 0.0234375
0 0.9469026548672567 0.36875 0.07079646017699115 0.0296875
0 0.029498525073746312 0.359375 0.058997050147492625 0.08125
0 0.5427728613569321 0.4390625 0.02654867256637168 0.0203125
0 0.7079646017699115 0.4578125 0.07374631268436578 0.0203125
0 0.07964601769911504 0.0265625 0.07374631268436578 0.0234375
0 0.035398230088495575 0.084375 0.05014749262536873 0.03125
0 0.5781710914454278 0.8890625 0.13274336283185842 0.0640625
0 0.8200589970501475 0.8875 0.04129793510324484 0.0359375
0 0.2182890855457227 0.975 0.10619469026548672 0.05
0 0.0855457227138643 0.996875 0.06489675516224189 0.00625
0 0.9513274336283186 0.7703125 0.09734513274336283 0.059375
0 0.9808259587020649 0.71796875 0.038348082595870206 0.0390625
0 0.13864306784660768 0.475 0.06489675516224189 0.0234375
0 0.5722713864306784 0.8140625 0.0471976401179941 0.0296875
0 0.6991150442477876 0.8390625 0.032448377581120944 0.0234375
0 0.6784660766961652 0.978125 0.05604719764011799 0.021875
0 0.7728613569321534 0.975 0.029498525073746312 0.0171875
0 0.5250737463126843 0.7546875 0.09144542772861357 0.03125
0 0.7227138643067846 0.7109375 0.04129793510324484 0.03125
0 0.6548672566371682 0.7234375 0.058997050147492625 0.0390625
0 0.7404129793510325 0.7453125 0.061946902654867256 0.0265625