0 0.1513157894736842 0.2734375 0.2236842105263158 0.1171875
0 0.8256578947368421 0.31875 0.17434210526315788 0.0984375
0 0.96875 0.3921875 0.0625 0.0875
0 0.03289473684210526 0.43125 0.06578947368421052 0.0828125
0 0.14144736842105263 0.415625 0.15460526315789475 0.0625
0 0.34539473684210525 0.0078125 0.17434210526315788 0.0140625
0 0.5263157894736842 0.0015625 0.10855263157894737 0.003125
0 0.8881578947368421 0.0671875 0.16447368421052633 0.053125
0 0.9407894736842105 0.096875 0.1118421052631579 0.0390625
0 0.5230263157894737 0.2703125 0.0625 0.0359375
0 0.2894736842105263 0.4234375 0.10855263157894737 0.0375
0 0.11842105263157894 0.153125 0.07236842105263158 0.034375
0 0.125 0.11875 0.05592105263157895 0.0234375
0 0.023026315789473683 0.1578125 0.04276315789473684 0.0484375
0 0.8223684210526315 0.1265625 0.06578947368421052 0.03125
0 0.5921052631578947 0.146875 0.049342105263157895 0.0265625
0 0.6907894736842105 0.178125 0.046052631578947366 0.0234375
0 0.90625 0.55625 0.1875 0.05625
0 0.8223684210526315 0.625 0.1513157894736842 0.0515625
0 0.9506578947368421 0.7078125 0.09868421052631579 0.0875
0 0.7401315789473685 0.7265625 0.17434210526315788 0.0578125
0 0.21052631578947367 0.9921875 0.16447368421052633 0.015625
0 0.41118421052631576 0.425 0.0625 0.040625