0 0.7852760736196319 0.0046875 0.0950920245398773 0.0078125
0 0.941717791411043 0.23125 0.1165644171779141 0.0484375
0 0.7085889570552147 0.109375 0.10736196319018405 0.0359375
0 0.745398773006135 0.184375 0.1656441717791411 0.05625
0 0.8773006134969326 0.0375 0.0950920245398773 0.0234375
0 0.8834355828220859 0.0625 0.12269938650306748 0.034375
0 0.5858895705521472 0.9140625 0.1196319018404908 0.059375
0 0.803680981595092 0.9515625 0.15337423312883436 0.059375
0 0.9815950920245399 0.8421875 0.03680981595092025 0.1015625
0 0.8588957055214724 0.7203125 0.18404907975460122 0.0578125
0 0.3220858895705521 0.9453125 0.13803680981595093 0.05
0 0.31901840490797545 0.853125 0.11349693251533742 0.040625
0 0.3220858895705521 0.265625 0.19938650306748465 0.0796875
0 0.3006134969325153 0.221875 0.1411042944785276 0.0515625
0 0.39570552147239263 0.2203125 0.04294478527607362 0.046875
0 0.8711656441717791 0.1640625 0.08282208588957055 0.034375
0 0.8926380368098159 0.2859375 0.04294478527607362 0.03125
0 0.8098159509202454 0.29375 0.05214723926380368 0.021875
0 0.7423312883435583 0.2703125 0.04294478527607362 0.0140625
0 0.6134969325153374 0.265625 0.08895705521472393 0.034375
0 0.99079754601227 0.0953125 0.018404907975460124 0.0234375
0 0.9386503067484663 0.103125 0.03987730061349693 0.03125
0 0.5429447852760736 0.0328125 0.06748466257668712 0.028125
0 0.6840490797546013 0.040625 0.04294478527607362 0.0421875
0 0.7699386503067485 0.0390625 0.07668711656441718 0.0328125
0 0.6625766871165644 0.775 0.13190184049079753 0.046875
0 0.6932515337423313 0.6625 0.04294478527607362 0.021875
0 0.7791411042944786 0.6171875 0.046012269938650305 0.0359375
0 0.8404907975460123 0.6125 0.06134969325153374 0.046875
0 0.9233128834355828 0.6625 0.05521472392638037 0.0296875
0 0.15644171779141106 0.809375 0.09202453987730061 0.04375
0 0.6134969325153374 0.6203125 0.1196319018404908 0.0484375
0 0.6073619631901841 0.1765625 0.0736196319018405 0.0375
0 0.12576687116564417 0.1171875 0.1165644171779141 0.05
0 0.15030674846625766 0.2828125 0.1165644171779141 0.0453125