0 0.5115511551155115 0.0609375 0.33993399339933994 0.1203125
0 0.9587458745874587 0.328125 0.08250825082508251 0.09375
0 0.6881188118811881 0.846875 0.6237623762376238 0.30625
0 0.49174917491749176 0.6390625 0.11551155115511551 0.0375
0 0.7788778877887789 0.2125 0.2508250825082508 0.1015625
0 0.7392739273927392 0.3515625 0.22772277227722773 0.1546875
0 0.7095709570957096 0.446875 0.15841584158415842 0.059375
0 0.9834983498349835 0.121875 0.033003300330033 0.0609375
0 0.16831683168316833 0.7703125 0.07590759075907591 0.028125
0 0.9372937293729373 0.4625 0.08250825082508251 0.0234375
0 0.9834983498349835 0.4828125 0.033003300330033 0.0265625
0 0.41914191419141916 0.8328125 0.08250825082508251 0.0328125
0 0.21782178217821782 0.3140625 0.09900990099009901 0.0453125
0 0.28052805280528054 0.2671875 0.08250825082508251 0.0375
0 0.066006600660066 0.475 0.132013201320132 0.04375
0 0.9075907590759076 0.628125 0.11221122112211221 0.0328125
0 0.18151815181518152 0.0703125 0.056105610561056105 0.0390625
0 0.29372937293729373 0.1625 0.07260726072607261 0.040625
0 0.35973597359735976 0.3 0.07920792079207921 0.0375
0 0.3201320132013201 0.375 0.0627062706270627 0.0359375
0 0.9917491749174917 0.246875 0.0165016501650165 0.034375
0 0.22112211221122113 0.5578125 0.10891089108910891 0.025
0 0.40594059405940597 0.5359375 0.07920792079207921 0.04375
0 0.31353135313531355 0.54375 0.0429042904290429 0.0234375
0 0.4389438943894389 0.5984375 0.09570957095709572 0.034375
0 0.6435643564356436 0.515625 0.07590759075907591 0.03125
0 0.8679867986798679 0.546875 0.09900990099009901 0.0484375