0 0.805921052631579 0.0765625 0.3881578947368421 0.153125
0 0.7401315789473685 0.9640625 0.2894736842105263 0.071875
0 0.16447368421052633 0.8546875 0.3256578947368421 0.2015625
0 0.23355263157894737 0.978125 0.2598684210526316 0.04375
0 0.5164473684210527 0.878125 0.2894736842105263 0.1421875
0 0.743421052631579 0.63125 0.10526315789473684 0.0640625
0 0.2631578947368421 0.6203125 0.1875 0.0578125
0 0.47368421052631576 0.63125 0.13157894736842105 0.04375
0 0.618421052631579 0.703125 0.10197368421052631 0.0546875
0 0.34539473684210525 0.7171875 0.06907894736842106 0.034375
0 0.3881578947368421 0.740625 0.11513157894736842 0.0390625
0 0.631578947368421 0.8953125 0.12171052631578948 0.0359375
0 0.5328947368421053 0.8640625 0.1118421052631579 0.053125
0 0.40131578947368424 0.2890625 0.14802631578947367 0.0828125
0 0.8947368421052632 0.4875 0.21052631578947367 0.1375
0 0.631578947368421 0.421875 0.14802631578947367 0.05625
0 0.4144736842105263 0.475 0.16776315789473684 0.0609375
0 0.5427631578947368 0.4625 0.2138157894736842 0.06875
0 0.11513157894736842 0.5765625 0.08552631578947369 0.0546875
0 0.2598684210526316 0.3140625 0.125 0.059375
0 0.7368421052631579 0.2203125 0.1118421052631579 0.040625
0 0.993421052631579 0.69375 0.013157894736842105 0.0390625
0 0.20065789473684212 0.9171875 0.1118421052631579 0.059375
0 0.4967105263157895 0.115625 0.0756578947368421 0.059375
0 0.5427631578947368 0.0796875 0.10197368421052631 0.0265625
0 0.24342105263157895 0.13125 0.10197368421052631 0.0390625
0 0.34868421052631576 0.11875 0.07236842105263158 0.0375
0 0.2532894736842105 0.2140625 0.08223684210526316 0.0359375
0 0.10855263157894737 0.2109375 0.06907894736842106 0.0359375
0 0.01644736842105263 0.2421875 0.029605263157894735 0.046875
0 0.41776315789473684 0.034375 0.125 0.06875
0 0.7236842105263158 0.840625 0.07894736842105263 0.0515625
0 0.8388157894736842 0.765625 0.05592105263157895 0.04375
0 0.9835526315789473 0.759375 0.01644736842105263 0.028125
0 0.06907894736842106 0.971875 0.05921052631578947 0.05625
0 0.05263157894736842 0.034375 0.10197368421052631 0.06875
0 0.10526315789473684 0.3734375 0.07236842105263158 0.0671875
0 0.17105263157894737 0.4640625 0.13486842105263158 0.06875