0 0.9984662576687117 0.55234375 0.003067484662576687 0.1421875
0 0.6257668711656442 0.75625 0.15030674846625766 0.05625
0 0.9923312883435583 0.31953125 0.015337423312883436 0.0734375
0 0.8865030674846626 0.134375 0.09815950920245399 0.0625
0 0.26380368098159507 0.165625 0.17177914110429449 0.0921875
0 0.1441717791411043 0.2015625 0.12576687116564417 0.0671875
0 0.06134969325153374 0.0921875 0.12269938650306748 0.0625
0 0.1656441717791411 0.071875 0.06134969325153374 0.0484375
0 0.34662576687116564 0.06875 0.06748466257668712 0.04375
0 0.254601226993865 0.021875 0.12269938650306748 0.04375
0 0.3987730061349693 0.0203125 0.10122699386503067 0.0390625
0 0.49693251533742333 0.0265625 0.06748466257668712 0.053125
0 0.48466257668711654 0.0625 0.10429447852760736 0.0625
0 0.7116564417177914 0.00625 0.07975460122699386 0.0109375
0 0.0736196319018405 0.29375 0.1441717791411043 0.109375
0 0.23006134969325154 0.3734375 0.11042944785276074 0.075
0 0.3987730061349693 0.271875 0.13803680981595093 0.0703125
0 0.35276073619631904 0.346875 0.15644171779141106 0.04375
0 0.1441717791411043 0.4078125 0.1441717791411043 0.10625
0 0.3159509202453988 0.41875 0.10122699386503067 0.05
0 0.9202453987730062 0.325 0.13496932515337423 0.04375
0 0.7239263803680982 0.2 0.13496932515337423 0.05625
0 0.6012269938650306 0.146875 0.13803680981595093 0.053125
0 0.4110429447852761 0.1671875 0.06748466257668712 0.046875
0 0.9800613496932515 0.1109375 0.03987730061349693 0.0625
0 0.7515337423312883 0.590625 0.10429447852760736 0.0640625
0 0.5674846625766872 0.5921875 0.1196319018404908 0.04375
0 0.254601226993865 0.634375 0.12269938650306748 0.04375
0 0.22085889570552147 0.4953125 0.0950920245398773 0.04375
0 0.27300613496932513 0.5484375 0.13803680981595093 0.0765625
0 0.36503067484662577 0.484375 0.06748466257668712 0.046875
0 0.6840490797546013 0.4859375 0.07668711656441718 0.06875
0 0.015337423312883436 0.5953125 0.03067484662576687 0.0421875
0 0.018404907975460124 0.6625 0.03374233128834356 0.0609375
0 0.13190184049079753 0.559375 0.0736196319018405 0.0484375
0 0.15337423312883436 0.6359375 0.08588957055214724 0.0359375
0 0.5214723926380368 0.6703125 0.046012269938650305 0.0515625
0 0.941717791411043 0.6859375 0.06748466257668712 0.04375
0 0.8128834355828221 0.6765625 0.06748466257668712 0.0265625
0 0.26993865030674846 0.7046875 0.06748466257668712 0.05625
0 0.3803680981595092 0.6828125 0.07668711656441718 0.0375
0 0.12269938650306748 0.8171875 0.18404907975460122 0.1109375
0 0.4723926380368098 0.7703125 0.08282208588957055 0.053125
0 0.34049079754601225 0.8265625 0.09815950920245399 0.028125
0 0.24233128834355827 0.9234375 0.10736196319018405 0.0640625
0 0.1441717791411043 0.9828125 0.13803680981595093 0.034375
0 0.5122699386503068 0.8453125 0.07975460122699386 0.0796875
0 0.7730061349693251 0.9109375 0.0950920245398773 0.046875
0 0.5521472392638037 0.93125 0.0736196319018405 0.0609375
0 0.6319018404907976 0.965625 0.049079754601226995 0.0265625
0 0.7300613496932515 0.9546875 0.05214723926380368 0.0515625
0 0.5521472392638037 0.984375 0.06748466257668712 0.0296875