0 0.8053097345132744 0.0515625 0.058997050147492625 0.0703125
0 0.6814159292035398 0.2921875 0.0855457227138643 0.040625
0 0.976401179941003 0.2859375 0.0471976401179941 0.05
0 0.9896755162241888 0.35625 0.02064896755162242 0.05
0 0.672566371681416 0.659375 0.11209439528023599 0.0609375
0 0.2359882005899705 0.6671875 0.12094395280235988 0.0390625
0 0.3185840707964602 0.7296875 0.05014749262536873 0.0375
0 0.3687315634218289 0.7734375 0.08849557522123894 0.025
0 0.5575221238938053 0.021875 0.07079646017699115 0.0265625
0 0.6548672566371682 0.1515625 0.06489675516224189 0.0453125
0 0.7109144542772862 0.203125 0.058997050147492625 0.0203125
0 0.11504424778761062 0.221875 0.05309734513274336 0.0390625
0 0.887905604719764 0.1109375 0.07079646017699115 0.0453125
0 0.9513274336283186 0.0953125 0.09734513274336283 0.0375
0 0.3893805309734513 0.9125 0.10914454277286136 0.04375
0 0.9321533923303835 0.3921875 0.08849557522123894 0.0578125
0 0.8525073746312685 0.353125 0.07374631268436578 0.0390625
0 0.058997050147492625 0.034375 0.11504424778761062 0.0671875
0 0.4306784660766962 0.053125 0.0943952802359882 0.0453125
0 0.17404129793510326 0.5140625 0.15339233038348082 0.0484375
0 0.058997050147492625 0.4265625 0.11799410029498525 0.053125
0 0.5663716814159292 0.7953125 0.12684365781710916 0.0296875
0 0.6430678466076696 0.8890625 0.05604719764011799 0.059375
0 0.7463126843657817 0.959375 0.08259587020648967 0.053125
0 0.32448377581120946 0.2328125 0.07669616519174041 0.0265625
0 0.41002949852507375 0.25 0.08259587020648967 0.0390625
0 0.029498525073746312 0.303125 0.05604719764011799 0.059375
0 0.029498525073746312 0.23125 0.058997050147492625 0.05
0 0.23893805309734514 0.1953125 0.0943952802359882 0.04375
0 0.30678466076696165 0.184375 0.07079646017699115 0.059375
0 0.41002949852507375 0.171875 0.07079646017699115 0.04375
0 0.3746312684365782 0.1140625 0.08849557522123894 0.0640625
0 0.1976401179941003 0.0546875 0.08259587020648967 0.0359375
0 0.20353982300884957 0.0046875 0.0855457227138643 0.0078125
0 0.30678466076696165 0.0109375 0.07964601769911504 0.0203125
0 0.8997050147492626 0.1734375 0.09144542772861357 0.0375
0 0.8141592920353983 0.25 0.09734513274336283 0.0421875
0 0.9778761061946902 0.2421875 0.04424778761061947 0.028125
0 0.775811209439528 0.34375 0.07669616519174041 0.0296875
0 0.3864306784660767 0.4109375 0.06784660766961652 0.034375
0 0.46017699115044247 0.50625 0.07669616519174041 0.0609375
0 0.22418879056047197 0.3125 0.05014749262536873 0.0234375
0 0.49852507374631266 0.3125 0.15634218289085547 0.0546875
0 0.39823008849557523 0.3125 0.05014749262536873 0.034375
0 0.22123893805309736 0.2625 0.07964601769911504 0.034375
0 0.13569321533923304 0.265625 0.061946902654867256 0.0453125
0 0.336283185840708 0.35625 0.06784660766961652 0.03125
0 0.9616519174041298 0.328125 0.05014749262536873 0.0390625
0 0.6784660766961652 0.3625 0.09144542772861357 0.040625
0 0.967551622418879 0.490625 0.06489675516224189 0.0390625
0 0.7846607669616519 0.8609375 0.09734513274336283 0.034375
0 0.13569321533923304 0.934375 0.13274336283185842 0.034375
0 0.2153392330383481 0.9921875 0.09144542772861357 0.015625
0 0.887905604719764 0.7015625 0.10914454277286136 0.0421875
0 0.9469026548672567 0.69375 0.06784660766961652 0.04375
0 0.943952802359882 0.5953125 0.0855457227138643 0.028125
0 0.7492625368731564 0.3421875 0.12094395280235988 0.053125
0 0.061946902654867256 0.6625 0.12094395280235988 0.0375