0 0.7664473684210527 0.0703125 0.45723684210526316 0.140625
0 0.29276315789473684 0.05 0.18421052631578946 0.0875
0 0.3519736842105263 0.3046875 0.33881578947368424 0.1375
0 0.25 0.8578125 0.4407894736842105 0.2828125
0 0.9572368421052632 0.4453125 0.08223684210526316 0.0390625
0 0.8980263157894737 0.1734375 0.12828947368421054 0.034375
0 0.8947368421052632 0.2296875 0.08223684210526316 0.0515625
0 0.7072368421052632 0.234375 0.10526315789473684 0.0390625
0 0.8585526315789473 0.5828125 0.08223684210526316 0.046875
0 0.9342105263157895 0.653125 0.13157894736842105 0.0203125
0 0.7039473684210527 0.525 0.07894736842105263 0.025
0 0.45723684210526316 0.4734375 0.2894736842105263 0.0875
0 0.3782894736842105 0.009375 0.09210526315789473 0.0171875
0 0.1118421052631579 0.1265625 0.05592105263157895 0.028125
0 0.7796052631578947 0.8875 0.16447368421052633 0.0734375
0 0.5625 0.9796875 0.12171052631578948 0.040625
0 0.6118421052631579 0.4234375 0.13157894736842105 0.0453125
0 0.7697368421052632 0.4859375 0.09868421052631579 0.053125
0 0.9769736842105263 0.578125 0.046052631578947366 0.03125