0 0.6776315789473685 0.284375 0.23684210526315788 0.1390625
0 0.05263157894736842 0.7375 0.10526315789473684 0.19375
0 0.5625 0.80625 0.40460526315789475 0.121875
0 0.33881578947368424 0.89375 0.18092105263157895 0.0828125
0 0.14473684210526316 0.09375 0.28618421052631576 0.1859375
0 0.5625 0.29375 0.14802631578947367 0.065625
0 0.4605263157894737 0.375 0.11513157894736842 0.0890625
0 0.07236842105263158 0.9875 0.14473684210526316 0.025
0 0.6085526315789473 0.5984375 0.16447368421052633 0.08125
0 0.8125 0.59375 0.1611842105263158 0.1109375
0 0.6085526315789473 0.1546875 0.14473684210526316 0.0609375
0 0.9144736842105263 0.1125 0.125 0.065625
0 0.46710526315789475 0.6328125 0.09539473684210527 0.046875
0 0.7138157894736842 0.3703125 0.08223684210526316 0.0296875
0 0.2138157894736842 0.6375 0.08552631578947369 0.0484375
0 0.9605263157894737 0.7546875 0.07894736842105263 0.040625
0 0.8914473684210527 0.2578125 0.12828947368421054 0.05625
0 0.3256578947368421 0.478125 0.11513157894736842 0.0546875
0 0.13815789473684212 0.403125 0.05263157894736842 0.034375
0 0.26644736842105265 0.421875 0.13486842105263158 0.059375
0 0.26644736842105265 0.384375 0.13815789473684212 0.0625
0 0.019736842105263157 0.2140625 0.039473684210526314 0.0296875
0 0.046052631578947366 0.2546875 0.05921052631578947 0.0171875
0 0.0625 0.50625 0.09210526315789473 0.0296875
0 0.009868421052631578 0.5984375 0.019736842105263157 0.0171875
0 0.05263157894736842 0.546875 0.07236842105263158 0.0171875
0 0.2894736842105263 0.5484375 0.10526315789473684 0.0359375
0 0.17434210526315788 0.584375 0.12171052631578948 0.034375
0 0.08223684210526316 0.575 0.09868421052631579 0.0328125
0 0.28289473684210525 0.278125 0.0625 0.034375
0 0.2730263157894737 0.2046875 0.08223684210526316 0.0421875
0 0.1513157894736842 0.2203125 0.09210526315789473 0.0515625
0 0.2894736842105263 0.240625 0.09539473684210527 0.0203125
0 0.8322368421052632 0.5046875 0.0625 0.025
0 0.9342105263157895 0.440625 0.07236842105263158 0.0328125
0 0.7861842105263158 0.3671875 0.06907894736842106 0.025
0 0.5822368421052632 0.4390625 0.1513157894736842 0.075
0 0.5986842105263158 0.509375 0.05263157894736842 0.025
0 0.3223684210526316 0.60625 0.08881578947368421 0.0359375
0 0.13157894736842105 0.79375 0.08223684210526316 0.0453125
0 0.9884868421052632 0.884375 0.023026315789473683 0.028125
0 0.7894736842105263 0.734375 0.06907894736842106 0.046875
0 0.7072368421052632 0.6828125 0.10197368421052631 0.03125
0 0.7203947368421053 0.725 0.125 0.0390625