0 0.8026315789473685 0.425 0.39144736842105265 0.16875
0 0.805921052631579 0.596875 0.3848684210526316 0.1375
0 0.19078947368421054 0.3046875 0.3815789473684211 0.2171875
0 0.34539473684210525 0.1046875 0.5888157894736842 0.1703125
0 0.506578947368421 0.8453125 0.4868421052631579 0.209375
0 0.9375 0.709375 0.125 0.078125
0 0.09539473684210527 0.6359375 0.14144736842105263 0.0671875
0 0.29276315789473684 0.6921875 0.11513157894736842 0.059375
0 0.20723684210526316 0.415625 0.22039473684210525 0.078125
0 0.0625 0.4640625 0.0756578947368421 0.0375
0 0.013157894736842105 0.4875 0.02631578947368421 0.0421875
0 0.17763157894736842 0.5625 0.05592105263157895 0.0265625
0 0.20394736842105263 0.6078125 0.05921052631578947 0.0546875
0 0.40131578947368424 0.5859375 0.125 0.0328125
0 0.41776315789473684 0.6203125 0.07894736842105263 0.046875
0 0.3256578947368421 0.63125 0.09210526315789473 0.03125
0 0.9539473684210527 0.8453125 0.09210526315789473 0.046875
0 0.5131578947368421 0.625 0.125 0.04375
0 0.6085526315789473 0.696875 0.08223684210526316 0.0625
0 0.680921052631579 0.753125 0.049342105263157895 0.04375
0 0.46710526315789475 0.5375 0.06907894736842106 0.0265625
0 0.2730263157894737 0.515625 0.08223684210526316 0.0421875
0 0.029605263157894735 0.91875 0.05592105263157895 0.03125
0 0.10855263157894737 0.7125 0.10197368421052631 0.034375
0 0.8223684210526315 0.865625 0.05921052631578947 0.0265625
0 0.019736842105263157 0.5390625 0.03618421052631579 0.028125
0 0.9868421052631579 0.7703125 0.02631578947368421 0.028125
0 0.125 0.5875 0.0756578947368421 0.0359375
0 0.7993421052631579 0.76875 0.11513157894736842 0.090625