0 0.39939024390243905 0.496875 0.21341463414634146 0.0984375
0 0.7804878048780488 0.0328125 0.1524390243902439 0.0640625
0 0.46646341463414637 0.1125 0.09146341463414634 0.0296875
0 0.5182926829268293 0.2890625 0.10365853658536585 0.05
0 0.4847560975609756 0.3296875 0.08536585365853659 0.028125
0 0.5304878048780488 0.403125 0.07621951219512195 0.0203125
0 0.7286585365853658 0.39375 0.06707317073170732 0.05
0 0.1524390243902439 0.2328125 0.10670731707317073 0.0625
0 0.10975609756097561 0.0109375 0.1402439024390244 0.021875
0 0.4725609756097561 0.0203125 0.08841463414634146 0.0296875
0 0.5914634146341463 0.071875 0.09451219512195122 0.0421875
0 0.34146341463414637 0.08125 0.10670731707317073 0.0390625
0 0.08231707317073171 0.4265625 0.13719512195121952 0.0625
0 0.07621951219512195 0.7515625 0.1524390243902439 0.071875
0 0.1524390243902439 0.8890625 0.23780487804878048 0.09375
0 0.8079268292682927 0.828125 0.10975609756097561 0.0453125
0 0.8384146341463414 0.5828125 0.07926829268292683 0.03125
0 0.649390243902439 0.9546875 0.09451219512195122 0.0421875
0 0.6219512195121951 0.0078125 0.04573170731707317 0.015625
0 0.003048780487804878 0.58125 0.003048780487804878 0.071875
0 0.19817073170731708 0.68125 0.27439024390243905 0.046875
0 0.4878048780487805 0.9359375 0.10365853658536585 0.0640625
0 0.801829268292683 0.9671875 0.09451219512195122 0.028125
0 0.5274390243902439 0.175 0.051829268292682924 0.05
0 0.7103658536585366 0.5109375 0.08536585365853659 0.06875
0 0.4054878048780488 0.4265625 0.08231707317073171 0.0265625
0 0.3902439024390244 0.3484375 0.07621951219512195 0.0296875
0 0.3231707317073171 0.340625 0.054878048780487805 0.0265625
0 0.24085365853658536 0.353125 0.10365853658536585 0.0203125
0 0.27439024390243905 0.2328125 0.039634146341463415 0.0296875
0 0.32926829268292684 0.221875 0.04878048780487805 0.021875
0 0.34146341463414637 0.259375 0.03353658536585366 0.0171875
0 0.09451219512195122 0.315625 0.036585365853658534 0.034375
0 0.9908536585365854 0.3828125 0.018292682926829267 0.05
0 0.19817073170731708 0.16875 0.09146341463414634 0.05625
0 0.021341463414634148 0.146875 0.039634146341463415 0.0296875
0 0.027439024390243903 0.0765625 0.051829268292682924 0.0390625
0 0.4817073170731707 0.8546875 0.10060975609756098 0.0453125
0 0.875 0.2671875 0.0701219512195122 0.0296875
0 0.9176829268292683 0.3265625 0.054878048780487805 0.0265625
0 0.8628048780487805 0.39375 0.042682926829268296 0.0375
0 0.9908536585365854 0.440625 0.018292682926829267 0.0265625
0 0.5365853658536586 0.03125 0.07317073170731707 0.0265625
0 0.948170731707317 0.0609375 0.07926829268292683 0.034375
0 0.5579268292682927 0.7375 0.11280487804878049 0.0640625
0 0.676829268292683 0.7203125 0.08841463414634146 0.09375
0 0.10365853658536585 0.5375 0.125 0.0234375
0 0.38414634146341464 0.75 0.0975609756097561 0.0390625
0 0.7012195121951219 0.925 0.03048780487804878 0.0265625
0 0.8323170731707317 0.9359375 0.054878048780487805 0.0359375
0 0.4451219512195122 0.615625 0.11585365853658537 0.0453125