0 0.058997050147492625 0.1578125 0.0943952802359882 0.0375
0 0.22713864306784662 0.1359375 0.10914454277286136 0.0265625
0 0.43952802359882004 0.0078125 0.07079646017699115 0.015625
0 0.46607669616519176 0.1875 0.05604719764011799 0.034375
0 0.5427728613569321 0.1875 0.07374631268436578 0.0546875
0 0.035398230088495575 0.225 0.05604719764011799 0.0265625
0 0.7315634218289085 0.3765625 0.12389380530973451 0.075
0 0.5398230088495575 0.3421875 0.11799410029498525 0.05
0 0.9896755162241888 0.02890625 0.02064896755162242 0.0265625
0 0.7463126843657817 0.6546875 0.10029498525073746 0.0640625
0 0.8731563421828908 0.6609375 0.02359882005899705 0.046875
0 0.9616519174041298 0.6625 0.061946902654867256 0.028125
0 0.967551622418879 0.7125 0.05604719764011799 0.0234375
0 0.39233038348082594 0.7859375 0.06489675516224189 0.03125
0 0.6607669616519174 0.809375 0.10029498525073746 0.0609375
0 0.8466076696165191 0.8734375 0.11209439528023599 0.0515625
0 0.25958702064896755 0.8640625 0.06489675516224189 0.034375
0 0.6224188790560472 0.53125 0.06489675516224189 0.04375