0 0.6257668711656442 0.740625 0.20245398773006135 0.1078125
0 0.29754601226993865 0.8203125 0.18098159509202455 0.0703125
0 0.4110429447852761 0.9046875 0.15337423312883436 0.06875
0 0.2147239263803681 0.984375 0.19938650306748465 0.03125
0 0.4233128834355828 0.9765625 0.0950920245398773 0.046875
0 0.5337423312883436 0.975 0.10429447852760736 0.05
0 0.8711656441717791 0.8703125 0.13496932515337423 0.0703125
0 0.9616564417177914 0.95703125 0.07668711656441718 0.0828125
0 0.3558282208588957 0.6390625 0.11042944785276074 0.05625
0 0.05521472392638037 0.4671875 0.11042944785276074 0.0640625
0 0.012269938650306749 0.5609375 0.024539877300613498 0.05625
0 0.26380368098159507 0.4828125 0.1165644171779141 0.059375
0 0.8466257668711656 0.421875 0.147239263803681 0.053125
0 0.1901840490797546 0.3375 0.19631901840490798 0.0625
0 0.04294478527607362 0.3578125 0.08588957055214724 0.0515625
0 0.03067484662576687 0.4 0.06134969325153374 0.03125
0 0.009202453987730062 0.1734375 0.015337423312883436 0.0703125
0 0.03680981595092025 0.0625 0.0736196319018405 0.0546875
0 0.17484662576687116 0.21875 0.0950920245398773 0.0625
0 0.254601226993865 0.2234375 0.09815950920245399 0.103125
0 0.22085889570552147 0.7515625 0.1165644171779141 0.04375
0 0.5705521472392638 0.653125 0.13496932515337423 0.05625
0 0.9539877300613497 0.5796875 0.09202453987730061 0.040625
0 0.8680981595092024 0.6390625 0.12576687116564417 0.059375
0 0.7914110429447853 0.5671875 0.09815950920245399 0.05
0 0.19938650306748465 0.55625 0.0705521472392638 0.05
0 0.17791411042944785 0.5140625 0.06441717791411043 0.025
0 0.3374233128834356 0.5765625 0.07668711656441718 0.0265625
0 0.46932515337423314 0.0078125 0.0950920245398773 0.0140625
0 0.7300613496932515 0.30625 0.1656441717791411 0.0921875
0 0.5276073619631901 0.3421875 0.0950920245398773 0.0703125
0 0.9708588957055214 0.37265625 0.05828220858895705 0.0765625