0 0.06402439024390244 0.096875 0.08841463414634146 0.05
0 0.7896341463414634 0.478125 0.125 0.0734375
0 0.573170731707317 0.8890625 0.1524390243902439 0.0875
0 0.45426829268292684 0.171875 0.11280487804878049 0.071875
0 0.24390243902439024 0.003125 0.09146341463414634 0.00625
0 0.0975609756097561 0.0171875 0.09146341463414634 0.025
0 0.34146341463414637 0.690625 0.13414634146341464 0.078125
0 0.4268292682926829 0.603125 0.10365853658536585 0.046875
0 0.5487804878048781 0.034375 0.0975609756097561 0.05
0 0.6280487804878049 0.1359375 0.10060975609756098 0.046875
0 0.021341463414634148 0.8234375 0.042682926829268296 0.0453125