0 0.788235294117647 0.053125 0.05588235294117647 0.0671875
0 0.6676470588235294 0.284375 0.08235294117647059 0.0390625
0 0.9558823529411765 0.278125 0.05588235294117647 0.0484375
0 0.9779411764705882 0.34453125 0.04411764705882353 0.0484375
0 0.6588235294117647 0.6375 0.10588235294117647 0.059375
0 0.2411764705882353 0.6453125 0.11764705882352941 0.0375
0 0.3205882352941177 0.70625 0.05 0.0359375
0 0.36470588235294116 0.7484375 0.08529411764705883 0.025
0 0.55 0.0234375 0.06764705882352941 0.0265625
0 0.6441176470588236 0.1484375 0.061764705882352944 0.04375
0 0.6941176470588235 0.1984375 0.05588235294117647 0.01875
0 0.12352941176470589 0.2171875 0.05 0.0375
0 0.8647058823529412 0.109375 0.06764705882352941 0.04375
0 0.9323529411764706 0.0953125 0.1 0.0359375
0 0.38529411764705884 0.8828125 0.10294117647058823 0.0421875
0 0.9088235294117647 0.3796875 0.08235294117647059 0.0546875
0 0.8323529411764706 0.34375 0.07058823529411765 0.0375
0 0.06470588235294118 0.034375 0.12058823529411765 0.0671875
0 0.4264705882352941 0.0546875 0.09117647058823529 0.04375
0 0.17941176470588235 0.4984375 0.14705882352941177 0.046875
0 0.06470588235294118 0.4140625 0.1264705882352941 0.0515625
0 0.5588235294117647 0.7703125 0.12058823529411765 0.028125
0 0.6323529411764706 0.859375 0.052941176470588235 0.05625
0 0.7294117647058823 0.928125 0.07941176470588235 0.0515625
0 0.8823529411764706 0.9859375 0.06470588235294118 0.028125
0 0.3264705882352941 0.2265625 0.07352941176470588 0.0265625
0 0.40588235294117647 0.24375 0.07941176470588235 0.0375
0 0.03529411764705882 0.29375 0.06764705882352941 0.0578125
0 0.03529411764705882 0.225 0.06764705882352941 0.0484375
0 0.2411764705882353 0.190625 0.09117647058823529 0.0421875
0 0.3088235294117647 0.1796875 0.06764705882352941 0.05625
0 0.40588235294117647 0.1671875 0.06764705882352941 0.0421875
0 0.3735294117647059 0.1125 0.08529411764705883 0.0625
0 0.20294117647058824 0.0546875 0.07941176470588235 0.0359375
0 0.20588235294117646 0.0046875 0.08235294117647059 0.009375
0 0.3058823529411765 0.0109375 0.07647058823529412 0.021875
0 0.8764705882352941 0.1703125 0.08823529411764706 0.0359375
0 0.7941176470588235 0.24375 0.09411764705882353 0.040625
0 0.9661764705882353 0.23515625 0.06764705882352941 0.0265625
0 0.7558823529411764 0.334375 0.07352941176470588 0.028125
0 0.38529411764705884 0.3984375 0.06764705882352941 0.0328125
0 0.45588235294117646 0.490625 0.07352941176470588 0.059375
0 0.22941176470588234 0.3046875 0.05 0.021875
0 0.49117647058823527 0.303125 0.15 0.053125
0 0.39705882352941174 0.3046875 0.05 0.0328125
0 0.2235294117647059 0.25625 0.07647058823529412 0.034375
0 0.14411764705882352 0.259375 0.058823529411764705 0.04375
0 0.3382352941176471 0.3453125 0.06764705882352941 0.0296875
0 0.9382352941176471 0.31875 0.05 0.0375
0 0.6647058823529411 0.353125 0.08823529411764706 0.0390625
0 0.95 0.4765625 0.07941176470588235 0.0375
0 0.7676470588235295 0.8328125 0.09411764705882353 0.034375
0 0.1411764705882353 0.903125 0.1264705882352941 0.0328125
0 0.22058823529411764 0.975 0.08823529411764706 0.0484375
0 0.8676470588235294 0.678125 0.10294117647058823 0.040625
0 0.9235294117647059 0.671875 0.06764705882352941 0.0421875
0 0.9205882352941176 0.5765625 0.08235294117647059 0.0265625
0 0.7323529411764705 0.3328125 0.11764705882352941 0.0515625
0 0.9382352941176471 0.0015625 0.11764705882352941 0.003125
0 0.06470588235294118 0.6421875 0.12941176470588237 0.0359375