0 0.5852941176470589 0.6421875 0.06764705882352941 0.0375
0 0.7352941176470589 0.91875 0.061764705882352944 0.0265625
0 0.0029411764705882353 0.2390625 0.0058823529411764705 0.0265625
0 0.020588235294117647 0.396875 0.041176470588235294 0.03125
0 0.9 0.234375 0.058823529411764705 0.0359375
0 0.43529411764705883 0.8953125 0.14411764705882352 0.05625
0 0.4147058823529412 0.978125 0.13823529411764707 0.0421875
0 0.3411764705882353 0.0171875 0.1264705882352941 0.0328125
0 0.21176470588235294 0.065625 0.10588235294117647 0.0390625
0 0.3352941176470588 0.121875 0.08235294117647059 0.03125
0 0.014705882352941176 0.1796875 0.029411764705882353 0.046875
0 0.05588235294117647 0.6734375 0.10882352941176471 0.04375
0 0.9382352941176471 0.8390625 0.052941176470588235 0.0265625
0 0.9779411764705882 0.60078125 0.04411764705882353 0.0390625
0 0.5852941176470589 0.828125 0.1 0.0390625
0 0.7352941176470589 0.803125 0.1411764705882353 0.0703125
0 0.7 0.665625 0.08529411764705883 0.0453125
0 0.8323529411764706 0.6421875 0.1 0.05625
0 0.6235294117647059 0.4359375 0.07058823529411765 0.04375
0 0.6529411764705882 0.5015625 0.07941176470588235 0.0328125
0 0.8382352941176471 0.521875 0.06470588235294118 0.040625
0 0.9470588235294117 0.1421875 0.07647058823529412 0.034375
0 0.6588235294117647 0.1171875 0.11764705882352941 0.05625
0 0.1 0.0015625 0.05 0.003125
0 0.17941176470588235 0.0046875 0.047058823529411764 0.009375
0 0.42058823529411765 0.2 0.06764705882352941 0.0359375
0 0.26176470588235295 0.6078125 0.03823529411764706 0.0203125
0 0.19411764705882353 0.5703125 0.12941176470588237 0.0625
0 0.08823529411764706 0.590625 0.06764705882352941 0.04375