0 0.584070796460177 0.665625 0.22418879056047197 0.0734375
0 0.35693215339233036 0.696875 0.07669616519174041 0.04375
0 0.7433628318584071 0.3 0.07964601769911504 0.04375
0 0.8820058997050148 0.9953125 0.10619469026548672 0.009375
0 0.9867256637168141 0.540625 0.02654867256637168 0.025
0 0.2448377581120944 0.33125 0.12684365781710916 0.0203125
0 0.17404129793510326 0.359375 0.04129793510324484 0.040625
0 0.11209439528023599 0.56875 0.10324483775811209 0.0734375
0 0.07079646017699115 0.7609375 0.10324483775811209 0.11875
0 0.8731563421828908 0.4015625 0.11209439528023599 0.0734375
0 0.9528023598820059 0.6890625 0.08259587020648967 0.0421875
0 0.9262536873156342 0.7359375 0.14454277286135694 0.0625
0 0.7905604719764012 0.8125 0.10914454277286136 0.0296875
0 0.7433628318584071 0.9140625 0.11799410029498525 0.0640625
0 0.22713864306784662 0.9796875 0.07374631268436578 0.03125
0 0.3303834808259587 0.9703125 0.08849557522123894 0.05
0 0.8761061946902655 0.9640625 0.13274336283185842 0.040625