0 0.7225609756097561 0.2421875 0.09451219512195122 0.0640625
0 0.9908536585365854 0.453125 0.01524390243902439 0.05
0 0.5914634146341463 0.5859375 0.2774390243902439 0.1234375
0 0.3932926829268293 0.640625 0.16158536585365854 0.0671875
0 0.6890243902439024 0.9609375 0.14939024390243902 0.0671875
0 0.8780487804878049 0.928125 0.14634146341463414 0.0625
0 0.9237804878048781 0.590625 0.10670731707317073 0.0421875
0 0.823170731707317 0.7125 0.13414634146341464 0.040625
0 0.7378048780487805 0.8390625 0.1524390243902439 0.0859375
0 0.3353658536585366 0.9328125 0.07926829268292683 0.0421875
0 0.24695121951219512 0.2890625 0.0701219512195122 0.0375
0 0.18597560975609756 0.284375 0.04878048780487805 0.0375
0 0.31097560975609756 0.3 0.06707317073170732 0.0234375
0 0.03048780487804878 0.2265625 0.04573170731707317 0.0359375
0 0.6128048780487805 0.403125 0.125 0.028125
0 0.6737804878048781 0.4578125 0.057926829268292686 0.05625
0 0.22865853658536586 0.4109375 0.09451219512195122 0.0421875
0 0.8841463414634146 0.315625 0.10060975609756098 0.034375
0 0.06707317073170732 0.36875 0.04878048780487805 0.03125
0 0.17378048780487804 0.328125 0.07317073170731707 0.065625
0 0.10975609756097561 0.2859375 0.0975609756097561 0.05
0 0.47865853658536583 0.4296875 0.08841463414634146 0.04375
0 0.04878048780487805 0.690625 0.0975609756097561 0.13125
0 0.11890243902439024 0.515625 0.10060975609756098 0.0609375
0 0.9390243902439024 0.653125 0.08841463414634146 0.0234375