0 0.9514705882352941 0.79453125 0.09705882352941177 0.0890625
0 0.6911764705882353 0.9671875 0.06764705882352941 0.03125
0 0.8911764705882353 0.99375 0.05588235294117647 0.0125
0 0.4588235294117647 0.9765625 0.08235294117647059 0.046875
0 0.9588235294117647 0.253125 0.05588235294117647 0.0359375
0 0.888235294117647 0.24375 0.07058823529411765 0.0359375
0 0.36764705882352944 0.2921875 0.07352941176470588 0.05625
0 0.21764705882352942 0.4203125 0.1264705882352941 0.065625
0 0.16470588235294117 0.85625 0.07647058823529412 0.0171875
0 0.4676470588235294 0.8921875 0.08235294117647059 0.046875
0 0.5 0.2203125 0.06470588235294118 0.0375
0 0.09117647058823529 0.003125 0.06470588235294118 0.00625
0 0.3382352941176471 0.1328125 0.08235294117647059 0.0390625
0 0.9588235294117647 0.034375 0.06764705882352941 0.0375
0 0.14411764705882352 0.240625 0.1264705882352941 0.0015625
0 0.9897058823529412 0.23359375 0.020588235294117647 0.0671875
0 0.8647058823529412 0.1390625 0.03235294117647059 0.0265625
0 0.9838235294117647 0.09140625 0.03235294117647059 0.0265625
0 0.9955882352941177 0.12890625 0.008823529411764706 0.0203125
0 0.11764705882352941 0.7734375 0.12058823529411765 0.053125
0 0.16176470588235295 0.8234375 0.06764705882352941 0.0359375
0 0.3235294117647059 0.8453125 0.058823529411764705 0.034375
0 0.14411764705882352 0.7 0.06764705882352941 0.0484375
0 0.22941176470588234 0.1359375 0.052941176470588235 0.0140625
0 0.21176470588235294 0.171875 0.04411764705882353 0.0265625
0 0.22058823529411764 0.2671875 0.03235294117647059 0.025
0 0.11176470588235295 0.2875 0.03823529411764706 0.025
0 0.9647058823529412 0.3453125 0.05 0.0203125
0 0.8852941176470588 0.575 0.05 0.03125
0 0.7676470588235295 0.675 0.026470588235294117 0.028125
0 0.5 0.3125 0.09411764705882353 0.0609375
0 0.3088235294117647 0.6890625 0.17058823529411765 0.04375
0 0.48823529411764705 0.4203125 0.11176470588235295 0.0515625
0 0.5117647058823529 0.625 0.18529411764705883 0.0984375
0 0.5558823529411765 0.4296875 0.08823529411764706 0.071875
0 0.9264705882352942 0.6703125 0.10882352941176471 0.0171875
0 0.8088235294117647 0.7171875 0.05 0.03125
0 0.8176470588235294 0.8421875 0.07352941176470588 0.0421875
0 0.5176470588235295 0.8328125 0.07352941176470588 0.034375