0 0.47039473684210525 0.9578125 0.29605263157894735 0.084375
0 0.5789473684210527 0.6640625 0.22039473684210525 0.140625
0 0.6973684210526315 0.2609375 0.2236842105263158 0.1203125
0 0.7335526315789473 0.059375 0.3059210526315789 0.1171875
0 0.15460526315789475 0.078125 0.3059210526315789 0.103125
0 0.34210526315789475 0.18125 0.19078947368421054 0.1125
0 0.45723684210526316 0.2671875 0.12171052631578948 0.1171875
0 0.8733552631578947 0.98984375 0.2532894736842105 0.0171875
0 0.8223684210526315 0.9109375 0.22039473684210525 0.1109375
0 0.13157894736842105 0.415625 0.2598684210526316 0.128125
0 0.08881578947368421 0.6265625 0.17763157894736842 0.165625
0 0.17763157894736842 0.9921875 0.08881578947368421 0.015625
0 0.9111842105263158 0.3953125 0.08881578947368421 0.0421875
0 0.9276315789473685 0.4609375 0.125 0.0328125
0 0.7894736842105263 0.38125 0.11842105263157894 0.0671875
0 0.6611842105263158 0.45625 0.12171052631578948 0.0390625
0 0.9243421052631579 0.69375 0.07236842105263158 0.0359375
0 0.5526315789473685 0.7765625 0.10855263157894737 0.025
0 0.3684210526315789 0.4484375 0.08552631578947369 0.05
0 0.13486842105263158 0.1515625 0.03618421052631579 0.034375
0 0.04276315789473684 0.2328125 0.05263157894736842 0.0171875
0 0.18421052631578946 0.4046875 0.0625 0.04375
0 0.2894736842105263 0.69375 0.16776315789473684 0.0234375
0 0.944078947368421 0.665625 0.08552631578947369 0.028125
0 0.5164473684210527 0.428125 0.0756578947368421 0.028125
0 0.3355263157894737 0.3234375 0.10526315789473684 0.0359375
0 0.27960526315789475 0.1 0.07894736842105263 0.0359375
0 0.5131578947368421 0.015625 0.09210526315789473 0.0296875
0 0.944078947368421 0.1234375 0.07894736842105263 0.0359375
0 0.868421052631579 0.190625 0.10855263157894737 0.0703125
0 0.9243421052631579 0.7890625 0.08881578947368421 0.034375
0 0.7467105263157895 0.75 0.26973684210526316 0.0703125
0 0.39144736842105265 0.8046875 0.09868421052631579 0.034375
0 0.48026315789473684 0.7984375 0.07236842105263158 0.040625
0 0.4407894736842105 0.8359375 0.10197368421052631 0.0453125
0 0.5164473684210527 0.840625 0.08223684210526316 0.04375
0 0.09210526315789473 0.828125 0.05592105263157895 0.0265625
0 0.10855263157894737 0.8484375 0.09539473684210527 0.03125
0 0.06907894736842106 0.90625 0.0756578947368421 0.034375
0 0.049342105263157895 0.98125 0.05263157894736842 0.034375
0 0.9736842105263158 0.865625 0.05263157894736842 0.0546875
0 0.9884868421052632 0.90859375 0.023026315789473683 0.0515625
0 0.7894736842105263 0.478125 0.14802631578947367 0.0421875
0 0.6907894736842105 0.5296875 0.13486842105263158 0.0421875
0 0.14802631578947367 0.321875 0.125 0.0359375
0 0.3190789473684211 0.3703125 0.08223684210526316 0.0265625
0 0.46381578947368424 0.3875 0.0756578947368421 0.0296875
0 0.45394736842105265 0.409375 0.0756578947368421 0.025
0 0.4342105263157895 0.4484375 0.07236842105263158 0.0265625
0 0.5625 0.46875 0.046052631578947366 0.01875
0 0.5230263157894737 0.4859375 0.07894736842105263 0.034375
0 0.24342105263157895 0.8109375 0.0756578947368421 0.03125
0 0.2894736842105263 0.921875 0.046052631578947366 0.025
0 0.20065789473684212 0.98125 0.07894736842105263 0.034375