0 0.2652439024390244 0.86875 0.10670731707317073 0.0578125
0 0.021341463414634148 0.73125 0.039634146341463415 0.021875
0 0.3231707317073171 0.534375 0.06707317073170732 0.04375
0 0.8719512195121951 0.41875 0.09451219512195122 0.046875
0 0.9786585365853658 0.5015625 0.042682926829268296 0.0375
0 0.9817073170731707 0.6171875 0.024390243902439025 0.01875
0 0.7225609756097561 0.6203125 0.024390243902439025 0.01875
0 0.036585365853658534 0.0265625 0.0701219512195122 0.0375
0 0.2621951219512195 0.00625 0.08536585365853659 0.0109375
0 0.45121951219512196 0.009375 0.04573170731707317 0.0171875
0 0.6128048780487805 0.0984375 0.057926829268292686 0.028125
0 0.29573170731707316 0.1390625 0.09451219512195122 0.0359375
0 0.024390243902439025 0.125 0.04573170731707317 0.040625
0 0.14329268292682926 0.0859375 0.07926829268292683 0.05625
0 0.12804878048780488 0.871875 0.09146341463414634 0.05625