0 0.029498525073746312 0.8140625 0.05604719764011799 0.0359375
0 0.21238938053097345 0.3453125 0.12389380530973451 0.0453125
0 0.3864306784660767 0.9828125 0.058997050147492625 0.0328125
0 0.2713864306784661 0.8984375 0.07079646017699115 0.04375
0 0.14749262536873156 0.734375 0.10914454277286136 0.04375
0 0.9631268436578171 0.6671875 0.07374631268436578 0.053125
0 0.15634218289085547 0.009375 0.08259587020648967 0.0171875
0 0.5103244837758112 0.003125 0.07669616519174041 0.0046875
0 0.44542772861356933 0.0359375 0.05604719764011799 0.0296875
0 0.5221238938053098 0.1828125 0.12979351032448377 0.04375
0 0.4247787610619469 0.3015625 0.10914454277286136 0.05
0 0.5870206489675516 0.3796875 0.08849557522123894 0.05
0 0.2890855457227139 0.4875 0.13274336283185842 0.059375
0 0.1415929203539823 0.509375 0.11799410029498525 0.028125
0 0.13274336283185842 0.4390625 0.13274336283185842 0.053125
0 0.9085545722713865 0.0359375 0.05604719764011799 0.0296875
0 0.26548672566371684 0.975 0.07079646017699115 0.040625
0 0.18289085545722714 0.978125 0.13569321533923304 0.04375
0 0.8466076696165191 0.2390625 0.07964601769911504 0.04375
0 0.5752212389380531 0.496875 0.06489675516224189 0.0421875
0 0.4896755162241888 0.5609375 0.07669616519174041 0.04375
0 0.672566371681416 0.4671875 0.05604719764011799 0.0328125
0 0.43952802359882004 0.453125 0.07669616519174041 0.0421875
0 0.3185840707964602 0.53125 0.08259587020648967 0.0578125
0 0.3893805309734513 0.603125 0.07374631268436578 0.0421875
0 0.07079646017699115 0.540625 0.09144542772861357 0.034375
0 0.799410029498525 0.5734375 0.10914454277286136 0.046875
0 0.7610619469026548 0.7140625 0.08259587020648967 0.0484375
0 0.943952802359882 0.903125 0.0943952802359882 0.0578125
0 0.8023598820058997 0.78125 0.10029498525073746 0.0296875
0 0.9867256637168141 0.84609375 0.02654867256637168 0.0390625
0 0.799410029498525 0.959375 0.07964601769911504 0.0296875
0 0.4277286135693215 0.678125 0.10619469026548672 0.0359375
0 0.35988200589970504 0.853125 0.06489675516224189 0.0265625
0 0.46017699115044247 0.8890625 0.0943952802359882 0.03125
0 0.5309734513274337 0.8828125 0.04424778761061947 0.03125
0 0.6342182890855457 0.7734375 0.0943952802359882 0.0421875
0 0.5073746312684366 0.7625 0.0855457227138643 0.0328125
0 0.7109144542772862 0.996875 0.06489675516224189 0.0046875
0 0.07079646017699115 0.9546875 0.10619469026548672 0.053125