0 0.9769938650306749 0.11328125 0.046012269938650305 0.0453125
0 0.19631901840490798 0.06875 0.11042944785276074 0.0703125
0 0.803680981595092 0.7625 0.0736196319018405 0.0421875
0 0.7883435582822086 0.48125 0.05214723926380368 0.04375
0 0.588957055214724 0.53125 0.08588957055214724 0.034375
0 0.8957055214723927 0.0015625 0.06134969325153374 0.0015625
0 0.852760736196319 0.003125 0.03987730061349693 0.00625
0 0.6226993865030674 0.228125 0.07668711656441718 0.034375
0 0.7024539877300614 0.228125 0.10429447852760736 0.0375
0 0.30368098159509205 0.64375 0.08282208588957055 0.0421875
0 0.558282208588957 0.7328125 0.09815950920245399 0.0453125
0 0.7638036809815951 0.6453125 0.11349693251533742 0.025
0 0.03680981595092025 0.7453125 0.0736196319018405 0.0359375
0 0.598159509202454 0.0328125 0.10429447852760736 0.04375
0 0.8128834355828221 0.065625 0.0736196319018405 0.046875
0 0.9079754601226994 0.409375 0.12269938650306748 0.05
0 0.006134969325153374 0.4171875 0.012269938650306749 0.0390625
0 0.48773006134969327 0.2875 0.1165644171779141 0.078125