0 0.26380368098159507 0.871875 0.10736196319018405 0.0578125
0 0.018404907975460124 0.73125 0.03680981595092025 0.021875
0 0.3220858895705521 0.534375 0.0705521472392638 0.04375
0 0.8773006134969326 0.41875 0.0950920245398773 0.046875
0 0.9800613496932515 0.5015625 0.03987730061349693 0.0375
0 0.9877300613496932 0.6171875 0.024539877300613498 0.01875
0 0.7269938650306749 0.621875 0.024539877300613498 0.01875
0 0.03374233128834356 0.0234375 0.06748466257668712 0.0375
0 0.2607361963190184 0.0046875 0.08588957055214724 0.0078125
0 0.450920245398773 0.0078125 0.046012269938650305 0.0140625
0 0.6165644171779141 0.0953125 0.05828220858895705 0.028125
0 0.294478527607362 0.1375 0.0950920245398773 0.0359375
0 0.02147239263803681 0.1234375 0.04294478527607362 0.040625
0 0.13803680981595093 0.0828125 0.07975460122699386 0.0578125
0 0.12576687116564417 0.875 0.09202453987730061 0.05625