0 0.3987730061349693 0.496875 0.2147239263803681 0.0984375
0 0.7852760736196319 0.03125 0.15337423312883436 0.0609375
0 0.4662576687116564 0.1109375 0.09202453987730061 0.0296875
0 0.5184049079754601 0.2875 0.10429447852760736 0.05
0 0.48466257668711654 0.3296875 0.08588957055214724 0.028125
0 0.5306748466257669 0.403125 0.07668711656441718 0.0203125
0 0.7300613496932515 0.39375 0.06748466257668712 0.05
0 0.147239263803681 0.23125 0.10736196319018405 0.0625
0 0.10429447852760736 0.0109375 0.1441717791411043 0.0203125
0 0.4723926380368098 0.0171875 0.08895705521472393 0.0296875
0 0.5920245398773006 0.06875 0.0950920245398773 0.0421875
0 0.34049079754601225 0.0796875 0.10736196319018405 0.0390625
0 0.07668711656441718 0.4265625 0.13803680981595093 0.0625
0 0.07668711656441718 0.753125 0.15030674846625766 0.0734375
0 0.15030674846625766 0.8921875 0.24233128834355827 0.0953125
0 0.8098159509202454 0.8296875 0.11349693251533742 0.0453125
0 0.843558282208589 0.5828125 0.07975460122699386 0.03125
0 0.6503067484662577 0.9578125 0.0950920245398773 0.04375
0 0.6226993865030674 0.0078125 0.046012269938650305 0.0140625
0 0.19631901840490798 0.68125 0.27607361963190186 0.046875
0 0.48773006134969327 0.9375 0.10429447852760736 0.0640625
0 0.803680981595092 0.96875 0.0950920245398773 0.028125
0 0.5276073619631901 0.1734375 0.05214723926380368 0.05
0 0.7147239263803681 0.5109375 0.08588957055214724 0.06875
0 0.4049079754601227 0.4265625 0.08588957055214724 0.0265625
0 0.3895705521472393 0.346875 0.07668711656441718 0.0296875
0 0.3220858895705521 0.3390625 0.05521472392638037 0.0265625
0 0.2392638036809816 0.353125 0.10429447852760736 0.0203125
0 0.27300613496932513 0.23125 0.03987730061349693 0.0296875
0 0.3282208588957055 0.2203125 0.049079754601226995 0.021875
0 0.34049079754601225 0.2578125 0.03374233128834356 0.0171875
0 0.08895705521472393 0.315625 0.03680981595092025 0.034375
0 0.9938650306748467 0.38125 0.012269938650306749 0.05
0 0.19631901840490798 0.1671875 0.09202453987730061 0.0578125
0 0.018404907975460124 0.1453125 0.03680981595092025 0.0296875
0 0.024539877300613498 0.0734375 0.046012269938650305 0.0390625
0 0.48466257668711654 0.85625 0.10122699386503067 0.0453125
0 0.8803680981595092 0.2671875 0.0705521472392638 0.0296875
0 0.9233128834355828 0.3265625 0.05521472392638037 0.0265625
0 0.8650306748466258 0.39375 0.04294478527607362 0.0375
0 0.9938650306748467 0.440625 0.012269938650306749 0.0265625
0 0.5398773006134969 0.028125 0.0736196319018405 0.0265625
0 0.9539877300613497 0.059375 0.07975460122699386 0.034375
0 0.558282208588957 0.7390625 0.11349693251533742 0.0640625
0 0.6779141104294478 0.7203125 0.08895705521472393 0.0953125
0 0.10122699386503067 0.5375 0.12576687116564417 0.0234375
0 0.3834355828220859 0.75 0.09815950920245399 0.0390625
0 0.7055214723926381 0.928125 0.03067484662576687 0.0265625
0 0.8374233128834356 0.9375 0.05521472392638037 0.0359375
0 0.4447852760736196 0.6171875 0.1165644171779141 0.0453125