0 0.9769938650306749 0.11171875 0.046012269938650305 0.0453125
0 0.1901840490797546 0.0671875 0.11042944785276074 0.0703125
0 0.803680981595092 0.7640625 0.0736196319018405 0.0421875
0 0.7883435582822086 0.48125 0.05214723926380368 0.0453125
0 0.5858895705521472 0.53125 0.08895705521472393 0.034375
0 0.852760736196319 0.003125 0.03987730061349693 0.0046875
0 0.6226993865030674 0.2265625 0.07668711656441718 0.034375
0 0.7024539877300614 0.2265625 0.10429447852760736 0.0375
0 0.29754601226993865 0.64375 0.08282208588957055 0.0421875
0 0.558282208588957 0.734375 0.10122699386503067 0.0453125
0 0.7638036809815951 0.646875 0.1165644171779141 0.025
0 0.03680981595092025 0.746875 0.0705521472392638 0.0359375
0 0.598159509202454 0.0296875 0.10429447852760736 0.04375
0 0.8098159509202454 0.0625 0.0736196319018405 0.046875
0 0.9079754601226994 0.409375 0.12269938650306748 0.05
0 0.003067484662576687 0.4171875 0.006134969325153374 0.0390625
0 0.48466257668711654 0.2859375 0.1165644171779141 0.078125