0 0.05521472392638037 0.325 0.11042944785276074 0.1421875
0 0.7515337423312883 0.5359375 0.12269938650306748 0.071875
0 0.6595092024539877 0.021875 0.13803680981595093 0.0421875
0 0.03987730061349693 0.7703125 0.07975460122699386 0.05625
0 0.2607361963190184 0.903125 0.147239263803681 0.04375
0 0.7699386503067485 0.965625 0.15337423312883436 0.065625
0 0.2791411042944785 0.6828125 0.09815950920245399 0.0703125
0 0.006134969325153374 0.96875 0.012269938650306749 0.0421875
0 0.03374233128834356 0.14375 0.06748466257668712 0.04375
0 0.647239263803681 0.184375 0.04294478527607362 0.040625
0 0.8742331288343558 0.4328125 0.0736196319018405 0.0359375
0 0.9386503067484663 0.6859375 0.12269938650306748 0.0359375
0 0.6134969325153374 0.9171875 0.05214723926380368 0.053125
0 0.4938650306748466 0.921875 0.015337423312883436 0.053125
0 0.1411042944785276 0.8890625 0.0950920245398773 0.025
0 0.6503067484662577 0.834375 0.08588957055214724 0.053125
0 0.8220858895705522 0.815625 0.0736196319018405 0.0546875
0 0.9325153374233128 0.775 0.08282208588957055 0.05
0 0.6134969325153374 0.7140625 0.10736196319018405 0.0671875