0 0.19817073170731708 0.9671875 0.1402439024390244 0.0484375
0 0.9695121951219512 0.98125 0.057926829268292686 0.0375
0 0.975609756097561 0.9375 0.04878048780487805 0.034375
0 0.9024390243902439 0.9734375 0.0701219512195122 0.034375
0 0.01524390243902439 0.9265625 0.027439024390243903 0.053125
0 0.8170731707317073 0.671875 0.2804878048780488 0.1015625
0 0.9786585365853658 0.7015625 0.042682926829268296 0.0640625
0 0.9237804878048781 0.4203125 0.12195121951219512 0.0546875
0 0.04573170731707317 0.4421875 0.08841463414634146 0.0703125
0 0.3932926829268293 0.3859375 0.2926829268292683 0.1015625
0 0.32621951219512196 0.490625 0.18597560975609756 0.065625
0 0.2652439024390244 0.6546875 0.14634146341463414 0.0578125
0 0.054878048780487805 0.725 0.06707317073170732 0.05
0 0.4603658536585366 0.9078125 0.14939024390243902 0.075
0 0.6128048780487805 0.8640625 0.125 0.065625
0 0.6890243902439024 0.7953125 0.09451219512195122 0.0734375
0 0.8262195121951219 0.8078125 0.07926829268292683 0.0265625
0 0.9847560975609756 0.7546875 0.03048780487804878 0.0328125
0 0.8841463414634146 0.8484375 0.10670731707317073 0.0203125
0 0.8932926829268293 0.240625 0.16158536585365854 0.0578125
0 0.10975609756097561 0.2640625 0.09451219512195122 0.0515625
0 0.1402439024390244 0.353125 0.06707317073170732 0.028125
0 0.1524390243902439 0.584375 0.10365853658536585 0.0546875
0 0.8719512195121951 0.3828125 0.19817073170731708 0.084375
0 0.8384146341463414 0.434375 0.06097560975609756 0.0484375
0 0.524390243902439 0.7609375 0.06707317073170732 0.0421875
0 0.7317073170731707 0.5828125 0.22865853658536586 0.0890625
0 0.4847560975609756 0.578125 0.04878048780487805 0.0265625
0 0.07621951219512195 0.5140625 0.04878048780487805 0.025
0 0.03353658536585366 0.9953125 0.06707317073170732 0.0078125
0 0.009146341463414634 0.75 0.01524390243902439 0.053125
0 0.13414634146341464 0.078125 0.057926829268292686 0.0390625
0 0.9954268292682927 0.14453125 0.009146341463414634 0.0484375