0 0.9524539877300614 0.74921875 0.0950920245398773 0.0984375
0 0.8220858895705522 0.9015625 0.1411042944785276 0.0546875
0 0.5920245398773006 0.95 0.08282208588957055 0.0359375
0 0.4601226993865031 0.840625 0.12576687116564417 0.0546875
0 0.7730061349693251 0.0015625 0.12883435582822086 0.003125
0 0.9233128834355828 0.0875 0.10429447852760736 0.0453125
0 0.7638036809815951 0.2234375 0.1901840490797546 0.0734375
0 0.7515337423312883 0.45 0.0950920245398773 0.0484375
0 0.07668711656441718 0.246875 0.15030674846625766 0.0296875
0 0.3220858895705521 0.2796875 0.1196319018404908 0.0296875
0 0.2883435582822086 0.3625 0.03987730061349693 0.021875
0 0.901840490797546 0.3671875 0.11042944785276074 0.0453125
0 0.7822085889570553 0.3671875 0.07975460122699386 0.0546875
0 0.8926380368098159 0.4609375 0.1165644171779141 0.0421875
0 0.8650306748466258 0.5 0.09815950920245399 0.0296875
0 0.5674846625766872 0.4671875 0.08282208588957055 0.053125
0 0.34662576687116564 0.653125 0.12883435582822086 0.034375
0 0.4662576687116564 0.6109375 0.0705521472392638 0.028125
0 0.0950920245398773 0.6546875 0.0705521472392638 0.028125
0 0.995398773006135 0.94140625 0.009202453987730062 0.0546875
0 0.9877300613496932 0.9859375 0.024539877300613498 0.028125
0 0.11349693251533742 0.353125 0.11042944785276074 0.065625
0 0.7239263803680982 0.0796875 0.07668711656441718 0.05
0 0.6104294478527608 0.021875 0.04294478527607362 0.0421875
0 0.1441717791411043 0.0765625 0.07668711656441718 0.0421875
0 0.26993865030674846 0.0203125 0.1165644171779141 0.0390625
0 0.6073619631901841 0.203125 0.0950920245398773 0.0796875
0 0.04294478527607362 0.2234375 0.08588957055214724 0.028125
0 0.1441717791411043 0.296875 0.11349693251533742 0.0359375
0 0.32515337423312884 0.4984375 0.04294478527607362 0.0265625
0 0.3343558282208589 0.403125 0.024539877300613498 0.025
0 0.656441717791411 0.38125 0.046012269938650305 0.015625
0 0.5214723926380368 0.2484375 0.07975460122699386 0.0296875
0 0.5122699386503068 0.2859375 0.05521472392638037 0.021875
0 0.995398773006135 0.1015625 0.009202453987730062 0.015625
0 0.9815950920245399 0.165625 0.03374233128834356 0.0328125
0 0.901840490797546 0.1484375 0.046012269938650305 0.021875
0 0.46319018404907975 0.06875 0.03374233128834356 0.01875
0 0.29754601226993865 0.08125 0.049079754601226995 0.015625
0 0.015337423312883436 0.1078125 0.027607361963190184 0.0140625
0 0.006134969325153374 0.1890625 0.009202453987730062 0.0265625
0 0.08588957055214724 0.5515625 0.027607361963190184 0.0140625
0 0.12269938650306748 0.54375 0.024539877300613498 0.0171875
0 0.20245398773006135 0.5390625 0.03374233128834356 0.01875
0 0.3128834355828221 0.559375 0.02147239263803681 0.0203125
0 0.8098159509202454 0.5703125 0.04294478527607362 0.015625
0 0.8803680981595092 0.584375 0.027607361963190184 0.015625
0 0.6840490797546013 0.5296875 0.05828220858895705 0.028125
0 0.558282208588957 0.50625 0.05214723926380368 0.025
0 0.4294478527607362 0.453125 0.04294478527607362 0.0234375
0 0.39570552147239263 0.490625 0.05214723926380368 0.025
0 0.3834355828220859 0.521875 0.08282208588957055 0.0234375
0 0.9923312883435583 0.48984375 0.015337423312883436 0.0171875
0 0.9447852760736196 0.55625 0.03374233128834356 0.015625
0 0.9447852760736196 0.575 0.0705521472392638 0.0328125
0 0.9049079754601227 0.6234375 0.04294478527607362 0.0203125
0 0.9662576687116564 0.603125 0.06134969325153374 0.0328125
0 0.754601226993865 0.5765625 0.04294478527607362 0.0234375
0 0.5674846625766872 0.6265625 0.04294478527607362 0.021875
0 0.5245398773006135 0.5625 0.0705521472392638 0.025
0 0.5828220858895705 0.5546875 0.04294478527607362 0.0234375
0 0.6073619631901841 0.5890625 0.05521472392638037 0.040625
0 0.2791411042944785 0.7265625 0.06441717791411043 0.0265625
0 0.05828220858895705 0.9625 0.04294478527607362 0.04375
0 0.18711656441717792 0.9921875 0.09202453987730061 0.0140625
0 0.2852760736196319 0.9875 0.05828220858895705 0.0234375
0 0.0950920245398773 0.89375 0.06134969325153374 0.0171875
0 0.1656441717791411 0.8890625 0.03680981595092025 0.0140625
0 0.018404907975460124 0.759375 0.03680981595092025 0.03125
0 0.13496932515337423 0.684375 0.04294478527607362 0.028125
0 0.18711656441717792 0.6890625 0.03067484662576687 0.021875
0 0.6073619631901841 0.7671875 0.03374233128834356 0.0265625
0 0.8558282208588958 0.75 0.027607361963190184 0.0265625
0 0.9631901840490797 0.8046875 0.05521472392638037 0.0296875
0 0.7668711656441718 0.759375 0.024539877300613498 0.0109375
0 0.8006134969325154 0.7890625 0.04294478527607362 0.0234375
0 0.598159509202454 0.8375 0.03987730061349693 0.0171875
0 0.5644171779141104 0.8578125 0.04294478527607362 0.03125
0 0.8957055214723927 0.9890625 0.03374233128834356 0.0171875
0 0.9386503067484663 0.91875 0.03680981595092025 0.0359375
0 0.43558282208588955 0.7265625 0.03067484662576687 0.0203125
0 0.29141104294478526 0.4671875 0.05521472392638037 0.0203125
0 0.11042944785276074 0.4515625 0.05521472392638037 0.0296875
0 0.11042944785276074 0.471875 0.06441717791411043 0.0359375
0 0.34662576687116564 0.790625 0.19938650306748465 0.04375
0 0.24539877300613497 0.8453125 0.0705521472392638 0.028125
0 0.7147239263803681 0.625 0.12269938650306748 0.0390625
0 0.34049079754601225 0.165625 0.08588957055214724 0.040625
0 0.19938650306748465 0.153125 0.05521472392638037 0.04375
0 0.08895705521472393 0.1640625 0.07975460122699386 0.0265625
0 0.950920245398773 0.315625 0.07668711656441718 0.0421875
0 0.5858895705521472 0.990625 0.08588957055214724 0.01875
0 0.6779141104294478 0.990625 0.0950920245398773 0.0171875
0 0.49693251533742333 0.1359375 0.10122699386503067 0.0359375
0 0.10122699386503067 0.934375 0.05521472392638037 0.021875