0 0.06097560975609756 0.75 0.11890243902439024 0.0984375
0 0.6219512195121951 0.7453125 0.18597560975609756 0.15
0 0.7286585365853658 0.6078125 0.2347560975609756 0.0921875
0 0.7012195121951219 0.45 0.18597560975609756 0.1140625
0 0.15548780487804878 0.6265625 0.06707317073170732 0.0328125
0 0.25 0.6265625 0.10365853658536585 0.0375
0 0.21646341463414634 0.6875 0.054878048780487805 0.0203125
0 0.5091463414634146 0.6296875 0.051829268292682924 0.0421875
0 0.3902439024390244 0.6609375 0.08536585365853659 0.040625
0 0.3201219512195122 0.7484375 0.0701219512195122 0.0265625
0 0.25 0.7640625 0.057926829268292686 0.01875
0 0.28353658536585363 0.8078125 0.13109756097560976 0.05
0 0.7926829268292683 0.2046875 0.24390243902439024 0.075
0 0.8780487804878049 0.4640625 0.24085365853658536 0.3859375
0 0.5579268292682927 0.353125 0.0975609756097561 0.05
0 0.24085365853658536 0.3421875 0.13719512195121952 0.0421875
0 0.4817073170731707 0.4984375 0.057926829268292686 0.046875
0 0.21341463414634146 0.5421875 0.054878048780487805 0.0484375
0 0.06097560975609756 0.940625 0.12195121951219512 0.0546875
0 0.024390243902439025 0.9828125 0.04878048780487805 0.028125
0 0.45426829268292684 0.81875 0.08231707317073171 0.046875
0 0.5853658536585366 0.8859375 0.06097560975609756 0.0328125
0 0.9451219512195121 0.8140625 0.10670731707317073 0.059375
0 0.9466463414634146 0.92734375 0.10670731707317073 0.1421875
0 0.8353658536585366 0.93125 0.042682926829268296 0.034375
0 0.35365853658536583 0.0484375 0.17682926829268292 0.0546875
0 0.45426829268292684 0.028125 0.08231707317073171 0.0484375
0 0.5426829268292683 0.140625 0.054878048780487805 0.0203125
0 0.7804878048780488 0.0890625 0.09451219512195122 0.05625
0 0.5914634146341463 0.171875 0.039634146341463415 0.015625
0 0.4695121951219512 0.1890625 0.06707317073170732 0.034375
0 0.3170731707317073 0.13125 0.057926829268292686 0.0359375
0 0.25 0.128125 0.039634146341463415 0.0171875
0 0.009146341463414634 0.103125 0.01524390243902439 0.015625
0 0.11890243902439024 0.4328125 0.039634146341463415 0.03125
0 0.36585365853658536 0.41875 0.04878048780487805 0.0203125
0 0.3201219512195122 0.4859375 0.04573170731707317 0.0203125
0 0.006097560975609756 0.490625 0.012195121951219513 0.0171875
0 0.18292682926829268 0.45 0.018292682926829267 0.009375
0 0.16158536585365854 0.428125 0.03353658536585366 0.0203125
0 0.11890243902439024 0.4609375 0.03048780487804878 0.015625
0 0.09146341463414634 0.625 0.051829268292682924 0.034375
0 0.10365853658536585 0.6703125 0.04573170731707317 0.021875
0 0.06097560975609756 0.9125 0.042682926829268296 0.0328125
0 0.3628048780487805 0.95 0.08841463414634146 0.028125
0 0.2774390243902439 0.9703125 0.054878048780487805 0.0296875
0 0.39634146341463417 0.9078125 0.07621951219512195 0.0296875
0 0.5914634146341463 0.925 0.039634146341463415 0.0234375
0 0.5823170731707317 0.953125 0.054878048780487805 0.0171875
0 0.29878048780487804 0.8953125 0.039634146341463415 0.021875
0 0.24390243902439024 0.875 0.042682926829268296 0.0203125
0 0.1951219512195122 0.8859375 0.0701219512195122 0.0296875
0 0.13414634146341464 0.903125 0.042682926829268296 0.021875
0 0.14634146341463414 0.940625 0.042682926829268296 0.021875
0 0.16158536585365854 0.9765625 0.054878048780487805 0.0296875
0 0.07926829268292683 0.05625 0.09146341463414634 0.0453125
0 0.5182926829268293 0.425 0.057926829268292686 0.0359375
0 0.8353658536585366 0.4328125 0.125 0.0875
0 0.8445121951219512 0.1609375 0.07317073170731707 0.0421875
0 0.0701219512195122 0.20625 0.08231707317073171 0.03125
0 0.2347560975609756 0.259375 0.0701219512195122 0.0546875
0 0.13414634146341464 0.328125 0.04878048780487805 0.0234375