0 0.18404907975460122 0.271875 0.3098159509202454 0.0859375
0 0.9539877300613497 0.7234375 0.09202453987730061 0.0625
0 0.995398773006135 0.80703125 0.009202453987730062 0.0515625
0 0.7699386503067485 0.9515625 0.06748466257668712 0.0703125
0 0.18711656441717792 0.0171875 0.0950920245398773 0.034375
0 0.35276073619631904 0.04375 0.13803680981595093 0.05625
0 0.2668711656441718 0.0515625 0.1196319018404908 0.0796875
0 0.3343558282208589 0.1125 0.12883435582822086 0.0609375
0 0.4294478527607362 0.1890625 0.08588957055214724 0.0515625
0 0.0705521472392638 0.35 0.06748466257668712 0.04375
0 0.1901840490797546 0.4015625 0.06134969325153374 0.034375
0 0.03067484662576687 0.3796875 0.05828220858895705 0.08125
0 0.05214723926380368 0.50625 0.07975460122699386 0.04375
0 0.2147239263803681 0.6703125 0.12576687116564417 0.0578125
0 0.8773006134969326 0.55 0.15337423312883436 0.0578125
0 0.10736196319018405 0.8734375 0.2147239263803681 0.1078125
0 0.046012269938650305 0.7796875 0.08895705521472393 0.1171875
0 0.1687116564417178 0.78125 0.15337423312883436 0.0796875
0 0.3282208588957055 0.8546875 0.09202453987730061 0.053125
0 0.3987730061349693 0.9203125 0.13496932515337423 0.06875
0 0.6196319018404908 0.896875 0.1441717791411043 0.0765625
0 0.7147239263803681 0.6484375 0.10122699386503067 0.078125
0 0.8067484662576687 0.7765625 0.13190184049079753 0.084375
0 0.6840490797546013 0.728125 0.11042944785276074 0.1
0 0.48466257668711654 0.45625 0.10429447852760736 0.0390625
0 0.7944785276073619 0.4703125 0.06748466257668712 0.096875
0 0.6042944785276073 0.3609375 0.05214723926380368 0.0625
0 0.1441717791411043 0.44375 0.0736196319018405 0.034375
0 0.07975460122699386 0.471875 0.06134969325153374 0.028125
0 0.27607361963190186 0.7359375 0.08588957055214724 0.0421875
0 0.4601226993865031 0.56875 0.05214723926380368 0.0375
0 0.39570552147239263 0.596875 0.05521472392638037 0.04375
0 0.3834355828220859 0.303125 0.049079754601226995 0.034375
0 0.4233128834355828 0.2765625 0.06748466257668712 0.03125
0 0.8190184049079755 0.1109375 0.10122699386503067 0.0546875
0 0.5306748466257669 0.0671875 0.07975460122699386 0.0625
0 0.32515337423312884 0.990625 0.08282208588957055 0.0171875
0 0.7116564417177914 0.9890625 0.07975460122699386 0.021875
0 0.6932515337423313 0.8578125 0.12269938650306748 0.0671875
0 0.8496932515337423 0.9203125 0.0950920245398773 0.0515625
0 0.9493865030674846 0.92578125 0.10122699386503067 0.0734375
0 0.9631901840490797 0.9796875 0.0736196319018405 0.040625