0 0.858085808580858 0.1421875 0.22772277227722773 0.0734375
0 0.9884488448844885 0.353125 0.0231023102310231 0.075
0 0.6534653465346535 0.51875 0.25742574257425743 0.075
0 0.7722772277227723 0.678125 0.19801980198019803 0.1234375
0 0.9620462046204621 0.74140625 0.07590759075907591 0.0859375
0 0.07920792079207921 0.4296875 0.1551155115511551 0.1390625
0 0.5874587458745875 0.259375 0.19141914191419143 0.171875
0 0.24752475247524752 0.7765625 0.09570957095709572 0.059375
0 0.22112211221122113 0.8484375 0.08250825082508251 0.0375
0 0.29372937293729373 0.89375 0.07260726072607261 0.0328125
0 0.2508250825082508 0.9625 0.1485148514851485 0.0453125
0 0.5247524752475248 0.9765625 0.11221122112211221 0.046875
0 0.37623762376237624 0.9125 0.12871287128712872 0.046875
0 0.36633663366336633 0.7484375 0.10891089108910891 0.0484375
0 0.19801980198019803 0.925 0.10891089108910891 0.028125
0 0.30363036303630364 0.99375 0.07590759075907591 0.0125
0 0.9273927392739274 0.99375 0.14521452145214522 0.0125
0 0.8184818481848185 0.8296875 0.0891089108910891 0.053125
0 0.6336633663366337 0.8109375 0.07590759075907591 0.034375
0 0.40924092409240925 0.459375 0.09570957095709572 0.04375
0 0.30033003300330036 0.5234375 0.09900990099009901 0.046875
0 0.3564356435643564 0.5671875 0.1551155115511551 0.05
0 0.1353135313531353 0.5796875 0.056105610561056105 0.0515625
0 0.5412541254125413 0.425 0.1419141914191419 0.0515625
0 0.768976897689769 0.453125 0.08250825082508251 0.03125
0 0.8712871287128713 0.50625 0.09570957095709572 0.04375
0 0.9488448844884488 0.56015625 0.10231023102310231 0.0328125
0 0.0297029702970297 0.7765625 0.056105610561056105 0.053125
0 0.7623762376237624 0.059375 0.14521452145214522 0.046875
0 0.8448844884488449 0.2875 0.13861386138613863 0.0546875
0 0.8283828382838284 0.365625 0.08250825082508251 0.046875
0 0.9686468646864687 0.42109375 0.0627062706270627 0.0296875
0 0.0462046204620462 0.1671875 0.0924092409240924 0.0390625
0 0.5115511551155115 0.0859375 0.1353135313531353 0.0609375
0 0.10231023102310231 0.103125 0.07260726072607261 0.0375
0 0.20132013201320131 0.078125 0.0429042904290429 0.028125
0 0.3069306930693069 0.03125 0.07260726072607261 0.0328125
0 0.3432343234323432 0.0828125 0.0429042904290429 0.0203125
0 0.17491749174917492 0.1734375 0.07260726072607261 0.0453125
0 0.24422442244224424 0.2265625 0.07260726072607261 0.046875
0 0.20462046204620463 0.2609375 0.1617161716171617 0.0875
0 0.036303630363036306 0.284375 0.06930693069306931 0.0515625
0 0.11221122112211221 0.321875 0.039603960396039604 0.0484375
0 0.23432343234323433 0.3953125 0.056105610561056105 0.0234375
0 0.3201320132013201 0.45625 0.06930693069306931 0.021875
0 0.46534653465346537 0.29375 0.039603960396039604 0.0453125
0 0.5544554455445545 0.2234375 0.07590759075907591 0.059375
0 0.2376237623762376 0.4453125 0.0594059405940594 0.01875
0 0.30033003300330036 0.421875 0.052805280528052806 0.021875
0 0.46534653465346537 0.384375 0.0627062706270627 0.015625
0 0.6402640264026402 0.384375 0.0429042904290429 0.0171875
0 0.39933993399339934 0.41875 0.07590759075907591 0.0234375
0 0.24092409240924093 0.5078125 0.10231023102310231 0.0390625
0 0.1782178217821782 0.540625 0.056105610561056105 0.0296875
0 0.0429042904290429 0.5328125 0.056105610561056105 0.03125
0 0.41914191419141916 0.625 0.056105610561056105 0.028125
0 0.49504950495049505 0.6515625 0.0627062706270627 0.04375
0 0.5181518151815182 0.58125 0.04950495049504951 0.0328125
0 0.6402640264026402 0.6015625 0.07590759075907591 0.04375
0 0.5907590759075908 0.6234375 0.08250825082508251 0.0484375
0 0.995049504950495 0.2046875 0.009900990099009901 0.046875
0 0.9818481848184818 0.68046875 0.036303630363036306 0.0265625
0 0.9075907590759076 0.9828125 0.1551155115511551 0.034375
0 0.1254125412541254 0.975 0.07920792079207921 0.05
0 0.039603960396039604 0.878125 0.056105610561056105 0.04375