0 0.027607361963190184 0.625 0.05521472392638037 0.103125
0 0.8742331288343558 0.5734375 0.18098159509202455 0.0640625
0 0.8312883435582822 0.9390625 0.25766871165644173 0.115625
0 0.31901840490797545 0.16875 0.08588957055214724 0.040625
0 0.40797546012269936 0.225 0.0736196319018405 0.0421875
0 0.2392638036809816 0.2203125 0.09815950920245399 0.0359375
0 0.049079754601226995 0.4015625 0.09815950920245399 0.0734375
0 0.950920245398773 0.8625 0.06441717791411043 0.0359375
0 0.3374233128834356 0.41875 0.10122699386503067 0.04375
0 0.3282208588957055 0.48125 0.08588957055214724 0.0328125
0 0.3619631901840491 0.721875 0.1411042944785276 0.065625
0 0.549079754601227 0.6359375 0.08588957055214724 0.04375
0 0.7668711656441718 0.4328125 0.0705521472392638 0.03125
0 0.9570552147239264 0.3046875 0.08588957055214724 0.0375
0 0.6349693251533742 0.4125 0.0736196319018405 0.0546875
0 0.950920245398773 0.4953125 0.0950920245398773 0.04375
0 0.7147239263803681 0.7875 0.06441717791411043 0.028125
0 0.4754601226993865 0.7984375 0.04294478527607362 0.01875
0 0.39570552147239263 0.8765625 0.05521472392638037 0.0171875
0 0.22085889570552147 0.653125 0.046012269938650305 0.028125
0 0.42024539877300615 0.5796875 0.05214723926380368 0.021875
0 0.3282208588957055 0.65625 0.06441717791411043 0.03125
0 0.6104294478527608 0.8890625 0.0736196319018405 0.021875
0 0.5705521472392638 0.953125 0.049079754601226995 0.0234375
0 0.22392638036809817 0.8265625 0.04294478527607362 0.021875
0 0.05521472392638037 0.978125 0.08282208588957055 0.0421875
0 0.015337423312883436 0.0265625 0.03067484662576687 0.0296875
0 0.8742331288343558 0.2984375 0.03067484662576687 0.0453125
0 0.31901840490797545 0.30625 0.11349693251533742 0.0375
0 0.19631901840490798 0.2703125 0.0736196319018405 0.04375
0 0.10736196319018405 0.3125 0.05828220858895705 0.0484375
0 0.02147239263803681 0.3359375 0.03987730061349693 0.0296875
0 0.027607361963190184 0.1953125 0.05521472392638037 0.0375
0 0.7116564417177914 0.290625 0.05521472392638037 0.028125
0 0.2085889570552147 0.03125 0.1441717791411043 0.0609375
0 0.04294478527607362 0.8 0.08588957055214724 0.0375
0 0.4601226993865031 0.90625 0.1196319018404908 0.028125
0 0.9171779141104295 0.74375 0.049079754601226995 0.0359375
0 0.843558282208589 0.421875 0.08588957055214724 0.0296875
0 0.6779141104294478 0.5109375 0.09202453987730061 0.025
0 0.009202453987730062 0.4625 0.018404907975460124 0.04375
0 0.012269938650306749 0.5203125 0.02147239263803681 0.05625
0 0.3558282208588957 0.7828125 0.05521472392638037 0.0296875
0 0.35276073619631904 0.8375 0.03987730061349693 0.0359375
0 0.4263803680981595 0.834375 0.04294478527607362 0.0328125
0 0.254601226993865 0.8734375 0.07975460122699386 0.025
0 0.15030674846625766 0.828125 0.0705521472392638 0.034375
0 0.2331288343558282 0.54375 0.06441717791411043 0.0328125