0 0.6732673267326733 0.2640625 0.22772277227722773 0.134375
0 0.0627062706270627 0.6984375 0.12211221122112212 0.1859375
0 0.5643564356435643 0.7640625 0.38943894389438943 0.1171875
0 0.34983498349834985 0.8484375 0.17491749174917492 0.0796875
0 0.1485148514851485 0.084375 0.297029702970297 0.16875
0 0.5610561056105611 0.2734375 0.1419141914191419 0.0625
0 0.46534653465346537 0.35 0.11221122112211221 0.0859375
0 0.08250825082508251 0.9625 0.1617161716171617 0.0734375
0 0.6072607260726073 0.5640625 0.15841584158415842 0.078125
0 0.801980198019802 0.5609375 0.1551155115511551 0.10625
0 0.971947194719472 0.9671875 0.056105610561056105 0.04375
0 0.6072607260726073 0.1390625 0.1419141914191419 0.059375
0 0.900990099009901 0.1 0.1188118811881188 0.0625
0 0.47194719471947194 0.5984375 0.0924092409240924 0.0453125
0 0.2508250825082508 0.9640625 0.066006600660066 0.0375
0 0.36303630363036304 0.9890625 0.1551155115511551 0.021875
0 0.7095709570957096 0.346875 0.07920792079207921 0.028125
0 0.22772277227722773 0.6015625 0.08250825082508251 0.046875
0 0.9537953795379538 0.715625 0.0858085808580858 0.0390625
0 0.8811881188118812 0.2375 0.1254125412541254 0.053125
0 0.33663366336633666 0.45 0.11221122112211221 0.053125
0 0.1551155115511551 0.378125 0.052805280528052806 0.0328125
0 0.27722772277227725 0.3953125 0.12871287128712872 0.0578125
0 0.27722772277227725 0.359375 0.132013201320132 0.059375
0 0.0297029702970297 0.1953125 0.0594059405940594 0.028125
0 0.066006600660066 0.2359375 0.056105610561056105 0.015625
0 0.07920792079207921 0.4765625 0.0891089108910891 0.028125
0 0.013201320132013201 0.5265625 0.026402640264026403 0.0359375
0 0.0297029702970297 0.5640625 0.0231023102310231 0.0171875
0 0.07260726072607261 0.5171875 0.06930693069306931 0.0171875
0 0.30033003300330036 0.5171875 0.09900990099009901 0.034375
0 0.19141914191419143 0.5515625 0.11551155115511551 0.0328125
0 0.09900990099009901 0.5421875 0.09570957095709572 0.03125
0 0.29372937293729373 0.2578125 0.0594059405940594 0.0328125
0 0.2838283828382838 0.1875 0.07920792079207921 0.0390625
0 0.16501650165016502 0.2015625 0.0891089108910891 0.05
0 0.30033003300330036 0.221875 0.0924092409240924 0.01875
0 0.8217821782178217 0.4765625 0.0594059405940594 0.025
0 0.9207920792079208 0.4140625 0.06930693069306931 0.03125
0 0.9917491749174917 0.525 0.0165016501650165 0.046875
0 0.7788778877887789 0.34375 0.066006600660066 0.0234375
0 0.5808580858085809 0.4125 0.14521452145214522 0.071875
0 0.5973597359735974 0.4796875 0.04950495049504951 0.0234375
0 0.33003300330033003 0.571875 0.0858085808580858 0.034375
0 0.1485148514851485 0.753125 0.07920792079207921 0.04375
0 0.9801980198019802 0.8390625 0.039603960396039604 0.0265625
0 0.7821782178217822 0.6953125 0.066006600660066 0.0453125
0 0.7029702970297029 0.6453125 0.09900990099009901 0.0296875
0 0.7161716171617162 0.6859375 0.12211221122112212 0.0375