0 0.48466257668711654 0.93125 0.09815950920245399 0.075
0 0.8650306748466258 0.8375 0.09815950920245399 0.046875
0 0.5061349693251533 0.8171875 0.0736196319018405 0.0484375
0 0.6533742331288344 0.540625 0.1196319018404908 0.04375
0 0.8098159509202454 0.5640625 0.10122699386503067 0.0578125
0 0.8190184049079755 0.615625 0.04294478527607362 0.0203125
0 0.8895705521472392 0.6859375 0.08282208588957055 0.040625
0 0.024539877300613498 0.1734375 0.046012269938650305 0.0265625
0 0.3895705521472393 0.0375 0.0736196319018405 0.0390625
0 0.03067484662576687 0.10625 0.05828220858895705 0.0265625
0 0.06748466257668712 0.6109375 0.1196319018404908 0.0640625
0 0.2822085889570552 0.50625 0.07975460122699386 0.0375
0 0.15950920245398773 0.525 0.07668711656441718 0.046875
0 0.7239263803680982 0.3453125 0.05828220858895705 0.04375
0 0.754601226993865 0.4125 0.05214723926380368 0.034375
0 0.9677914110429447 0.121875 0.06441717791411043 0.040625
0 0.7208588957055214 0.74375 0.17791411042944785 0.059375