0 0.10736196319018405 0.26875 0.2147239263803681 0.140625
0 0.8312883435582822 0.0828125 0.11349693251533742 0.05
0 0.36809815950920244 0.13125 0.08895705521472393 0.04375
0 0.50920245398773 0.1546875 0.08588957055214724 0.05625
0 0.39263803680981596 0.175 0.0705521472392638 0.0453125
0 0.7668711656441718 0.890625 0.13803680981595093 0.0359375
0 0.10429447852760736 0.825 0.06134969325153374 0.0359375
0 0.03987730061349693 0.8265625 0.06134969325153374 0.028125
0 0.26993865030674846 0.0125 0.04294478527607362 0.025
0 0.8282208588957055 0.028125 0.0705521472392638 0.0421875
0 0.1411042944785276 0.2734375 0.04294478527607362 0.0390625
0 0.7300613496932515 0.3703125 0.16257668711656442 0.075
0 0.9447852760736196 0.3453125 0.07975460122699386 0.0546875
0 0.024539877300613498 0.0296875 0.049079754601226995 0.025
0 0.06748466257668712 0.0515625 0.06441717791411043 0.0265625
0 0.24539877300613497 0.46875 0.03374233128834356 0.028125
0 0.4601226993865031 0.4890625 0.08588957055214724 0.0421875
0 0.7208588957055214 0.5890625 0.09815950920245399 0.046875
0 0.6656441717791411 0.6359375 0.03987730061349693 0.021875
0 0.4171779141104294 0.415625 0.046012269938650305 0.021875
0 0.5122699386503068 0.2515625 0.03680981595092025 0.0234375
0 0.6901840490797546 0.290625 0.0736196319018405 0.0328125
0 0.30368098159509205 0.3671875 0.05521472392638037 0.0265625
0 0.39263803680981596 0.35 0.06441717791411043 0.028125
0 0.37423312883435583 0.3765625 0.046012269938650305 0.0265625
0 0.5950920245398773 0.3328125 0.04294478527607362 0.0265625
0 0.6042944785276073 0.38125 0.05521472392638037 0.028125
0 0.7914110429447853 0.4875 0.06748466257668712 0.034375
0 0.6748466257668712 0.525 0.027607361963190184 0.0265625
0 0.015337423312883436 0.9296875 0.027607361963190184 0.0359375
0 0.02147239263803681 0.2984375 0.03987730061349693 0.0359375
0 0.27607361963190186 0.84375 0.08895705521472393 0.0625
0 0.1165644171779141 0.9390625 0.07975460122699386 0.05
0 0.29754601226993865 0.9375 0.1441717791411043 0.0578125
0 0.48466257668711654 0.9734375 0.015337423312883436 0.05
0 0.7638036809815951 0.2296875 0.08588957055214724 0.0375
0 0.8558282208588958 0.5796875 0.0736196319018405 0.046875
0 0.18404907975460122 0.75 0.05521472392638037 0.0328125
0 0.6042944785276073 0.865625 0.06748466257668712 0.034375
0 0.7515337423312883 0.6609375 0.09815950920245399 0.05
0 0.4723926380368098 0.771875 0.04294478527607362 0.028125
0 0.018404907975460124 0.8640625 0.03680981595092025 0.0359375
0 0.08282208588957055 0.8703125 0.07975460122699386 0.0359375