0 0.8388157894736842 0.921875 0.19736842105263158 0.0765625
0 0.5888157894736842 0.34375 0.41776315789473684 0.103125
0 0.3190789473684211 0.009375 0.07236842105263158 0.01875
0 0.3782894736842105 0.040625 0.11842105263157894 0.0609375
0 0.7697368421052632 0.08125 0.13157894736842105 0.0703125
0 0.7960526315789473 0.2015625 0.1513157894736842 0.0515625
0 0.8421052631578947 0.246875 0.08552631578947369 0.03125
0 0.3519736842105263 0.4109375 0.15460526315789475 0.071875
0 0.5230263157894737 0.1609375 0.10197368421052631 0.05
0 0.17763157894736842 0.4125 0.09868421052631579 0.059375
0 0.34210526315789475 0.521875 0.13486842105263158 0.053125
0 0.7269736842105263 0.5296875 0.16447368421052633 0.04375
0 0.9177631578947368 0.0375 0.16447368421052633 0.075
0 0.3815789473684211 0.7203125 0.05921052631578947 0.0390625
0 0.48355263157894735 0.7671875 0.10855263157894737 0.0421875
0 0.7105263157894737 0.590625 0.13486842105263158 0.0421875
0 0.6282894736842105 0.646875 0.13815789473684212 0.0609375
0 0.8947368421052632 0.4734375 0.11513157894736842 0.034375
0 0.9572368421052632 0.5140625 0.06907894736842106 0.034375
0 0.6776315789473685 0.4109375 0.10526315789473684 0.0640625
0 0.6085526315789473 0.146875 0.12828947368421054 0.0703125
0 0.41118421052631576 0.1296875 0.08223684210526316 0.0296875
0 0.3223684210526316 0.121875 0.10197368421052631 0.0640625
0 0.20723684210526316 0.0890625 0.08223684210526316 0.0375
0 0.03618421052631579 0.1828125 0.07236842105263158 0.01875
0 0.07236842105263158 0.2203125 0.08881578947368421 0.0421875
0 0.046052631578947366 0.253125 0.049342105263157895 0.053125
0 0.10526315789473684 0.275 0.0625 0.034375
0 0.5164473684210527 0.2140625 0.06907894736842106 0.0375
0 0.3618421052631579 0.259375 0.0625 0.0234375
0 0.3157894736842105 0.2265625 0.019736842105263157 0.025
0 0.8125 0.1234375 0.19078947368421054 0.0375
0 0.5164473684210527 0.015625 0.11842105263157894 0.0234375
0 0.756578947368421 0.0171875 0.0625 0.0328125
0 0.16776315789473684 0.115625 0.039473684210526314 0.0296875
0 0.019736842105263157 0.2890625 0.039473684210526314 0.0375
0 0.16776315789473684 0.31875 0.0625 0.0359375
0 0.34539473684210525 0.33125 0.09868421052631579 0.04375
0 0.0625 0.3484375 0.08552631578947369 0.0359375
0 0.049342105263157895 0.396875 0.05921052631578947 0.0328125
0 0.06578947368421052 0.45 0.05592105263157895 0.03125
0 0.03289473684210526 0.4609375 0.0625 0.05
0 0.23026315789473684 0.4578125 0.10855263157894737 0.053125
0 0.2565789473684211 0.509375 0.06907894736842106 0.0265625
0 0.22697368421052633 0.5265625 0.125 0.0484375
0 0.3223684210526316 0.5734375 0.06578947368421052 0.0203125
0 0.5427631578947368 0.565625 0.0756578947368421 0.0390625
0 0.5789473684210527 0.4640625 0.13486842105263158 0.046875
0 0.7828947368421053 0.421875 0.05921052631578947 0.0375
0 0.8914473684210527 0.2765625 0.049342105263157895 0.025
0 0.6546052631578947 0.5 0.08223684210526316 0.0359375
0 0.14802631578947367 0.5953125 0.09539473684210527 0.034375
0 0.14802631578947367 0.640625 0.09210526315789473 0.0359375
0 0.08223684210526316 0.7125 0.11513157894736842 0.0484375
0 0.2138157894736842 0.7359375 0.09868421052631579 0.05
0 0.24671052631578946 0.6890625 0.08881578947368421 0.01875
0 0.03289473684210526 0.6203125 0.0625 0.0375
0 0.45723684210526316 0.653125 0.06578947368421052 0.0359375
0 0.5657894736842105 0.6015625 0.07236842105263158 0.0328125
0 0.46381578947368424 0.60625 0.0756578947368421 0.0375
0 0.8947368421052632 0.615625 0.10526315789473684 0.065625
0 0.9835526315789473 0.6 0.029605263157894735 0.034375
0 0.8914473684210527 0.7 0.13815789473684212 0.0328125
0 0.75 0.865625 0.09539473684210527 0.0265625
0 0.9473684210526315 0.9953125 0.10526315789473684 0.009375
0 0.47368421052631576 0.940625 0.07236842105263158 0.034375
0 0.09210526315789473 0.96875 0.18092105263157895 0.0453125
0 0.23684210526315788 0.9859375 0.15460526315789475 0.0265625
0 0.29605263157894735 0.8265625 0.08223684210526316 0.009375
0 0.3026315789473684 0.8546875 0.08223684210526316 0.0234375
0 0.1875 0.865625 0.07236842105263158 0.0390625
0 0.10197368421052631 0.9140625 0.06578947368421052 0.0484375
0 0.03289473684210526 0.5390625 0.0625 0.0484375
0 0.06578947368421052 0.590625 0.029605263157894735 0.0421875
0 0.8223684210526315 0.759375 0.08223684210526316 0.0421875
0 0.9802631578947368 0.5515625 0.039473684210526314 0.059375