0 0.14939024390243902 0.05 0.29878048780487804 0.0671875
0 0.5670731707317073 0.0671875 0.1951219512195122 0.1015625
0 0.21646341463414634 0.2671875 0.3048780487804878 0.15625
0 0.8810975609756098 0.5625 0.17378048780487804 0.10625
0 0.5030487804878049 0.4078125 0.23170731707317074 0.0828125
0 0.054878048780487805 0.4640625 0.10365853658536585 0.05625
0 0.9359756097560976 0.4 0.11280487804878049 0.078125
0 0.725609756097561 0.421875 0.10670731707317073 0.0578125
0 0.2926829268292683 0.1625 0.07621951219512195 0.0359375
0 0.25 0.4828125 0.10060975609756098 0.05
0 0.15548780487804878 0.425 0.06707317073170732 0.046875
0 0.8079268292682927 0.2765625 0.08231707317073171 0.0328125
0 0.7682926829268293 0.6078125 0.08231707317073171 0.05
0 0.823170731707317 0.7765625 0.13719512195121952 0.0625
0 0.899390243902439 0.778125 0.19817073170731708 0.13125
0 0.9908536585365854 0.4859375 0.018292682926829267 0.0390625
0 0.9359756097560976 0.3234375 0.07621951219512195 0.0515625
0 0.8445121951219512 0.153125 0.054878048780487805 0.0203125
0 0.24390243902439024 0.8484375 0.10365853658536585 0.0625
0 0.4969512195121951 0.7515625 0.08231707317073171 0.0234375
0 0.9801829268292683 0.89140625 0.039634146341463415 0.0390625
0 0.5548780487804879 0.996875 0.0975609756097561 0.00625
0 0.10975609756097561 0.871875 0.09146341463414634 0.0296875
0 0.042682926829268296 0.9375 0.08231707317073171 0.05
0 0.49390243902439024 0.8515625 0.07926829268292683 0.034375
0 0.36585365853658536 0.8671875 0.07926829268292683 0.0328125
0 0.0975609756097561 0.9984375 0.11890243902439024 0.003125
0 0.8841463414634146 0.653125 0.07621951219512195 0.0359375
0 0.7408536585365854 0.646875 0.0701219512195122 0.0265625
0 0.6097560975609756 0.671875 0.0975609756097561 0.0328125
0 0.06402439024390244 0.6609375 0.125 0.125
0 0.3719512195121951 0.6109375 0.13719512195121952 0.0859375
0 0.6859756097560976 0.1640625 0.06402439024390244 0.0171875
0 0.9817073170731707 0.028125 0.036585365853658534 0.028125
0 0.012195121951219513 0.18125 0.021341463414634148 0.0328125
0 0.8536585365853658 0.9859375 0.04573170731707317 0.0265625
0 0.5487804878048781 0.53125 0.0975609756097561 0.040625
0 0.823170731707317 0.5109375 0.09146341463414634 0.028125
0 0.9908536585365854 0.5875 0.018292682926829267 0.0203125
0 0.18292682926829268 0.1625 0.039634146341463415 0.0203125
0 0.32926829268292684 0.06875 0.03048780487804878 0.0171875
0 0.8719512195121951 0.0984375 0.03353658536585366 0.0140625
0 0.7317073170731707 0.1 0.036585365853658534 0.015625
0 0.7195121951219512 0.11875 0.06097560975609756 0.009375
0 0.7073170731707317 0.2078125 0.039634146341463415 0.0140625
0 0.7317073170731707 0.2609375 0.06097560975609756 0.0203125
0 0.375 0.2890625 0.04573170731707317 0.028125
0 0.3323170731707317 0.2390625 0.04878048780487805 0.0234375
0 0.573170731707317 0.2203125 0.051829268292682924 0.0375
0 0.49390243902439024 0.2125 0.039634146341463415 0.0171875
0 0.4878048780487805 0.1890625 0.03353658536585366 0.0265625
0 0.9817073170731707 0.146875 0.021341463414634148 0.028125
0 0.7835365853658537 0.0578125 0.054878048780487805 0.0203125
0 0.42378048780487804 0.078125 0.04573170731707317 0.025
0 0.036585365853658534 0.246875 0.03048780487804878 0.0171875
0 0.08231707317073171 0.5328125 0.06707317073170732 0.0296875
0 0.6829268292682927 0.490625 0.06097560975609756 0.0265625
0 0.9817073170731707 0.2109375 0.03353658536585366 0.0171875
0 0.5304878048780488 0.975 0.06097560975609756 0.0203125
0 0.5579268292682927 0.9359375 0.036585365853658534 0.025
0 0.24390243902439024 0.1125 0.057926829268292686 0.0109375
0 0.08536585365853659 0.15625 0.04878048780487805 0.0203125
0 0.2865853658536585 0.971875 0.04573170731707317 0.05625
0 0.7804878048780488 0.3078125 0.07621951219512195 0.05
0 0.6676829268292683 0.3328125 0.09146341463414634 0.034375
0 0.8292682926829268 0.3328125 0.125 0.078125
0 0.7926829268292683 0.371875 0.08536585365853659 0.065625