0 0.6890243902439024 0.9578125 0.3170731707317073 0.0828125
0 0.9207317073170732 0.9296875 0.11890243902439024 0.0421875
0 0.4268292682926829 0.403125 0.11585365853658537 0.0578125
0 0.5030487804878049 0.5375 0.10975609756097561 0.065625
0 0.9207317073170732 0.3703125 0.15548780487804878 0.1109375
0 0.7012195121951219 0.55625 0.10365853658536585 0.05
0 0.6219512195121951 0.628125 0.07926829268292683 0.0453125
0 0.45426829268292684 0.6 0.13109756097560976 0.040625
0 0.5792682926829268 0.7703125 0.08841463414634146 0.040625
0 0.7560975609756098 0.7140625 0.0975609756097561 0.034375
0 0.7530487804878049 0.7921875 0.054878048780487805 0.034375
0 0.600609756097561 0.8828125 0.11280487804878049 0.0546875
0 0.036585365853658534 0.875 0.0701219512195122 0.0640625
0 0.1402439024390244 0.86875 0.07621951219512195 0.0390625
0 0.1402439024390244 0.934375 0.06097560975609756 0.0296875
0 0.5792682926829268 0.2890625 0.0701219512195122 0.034375
0 0.7896341463414634 0.3671875 0.1798780487804878 0.053125
0 0.2926829268292683 0.4234375 0.13109756097560976 0.034375
0 0.006097560975609756 0.4265625 0.012195121951219513 0.0359375
0 0.5396341463414634 0.0671875 0.35365853658536583 0.134375
0 0.8567073170731707 0.0953125 0.125 0.059375
0 0.0701219512195122 0.009375 0.0975609756097561 0.01875
0 0.7286585365853658 0.221875 0.09146341463414634 0.028125
0 0.8262195121951219 0.21875 0.06402439024390244 0.05
0 0.027439024390243903 0.54375 0.054878048780487805 0.0359375
0 0.06097560975609756 0.4953125 0.08231707317073171 0.0390625
0 0.22560975609756098 0.4703125 0.0975609756097561 0.0484375
0 0.006097560975609756 0.75 0.012195121951219513 0.0515625
0 0.19817073170731708 0.9921875 0.10975609756097561 0.0140625
0 0.4420731707317073 0.925 0.08231707317073171 0.0203125
0 0.39634146341463417 0.98125 0.12195121951219512 0.034375