0 0.7935103244837758 0.1171875 0.12979351032448377 0.0421875
0 0.4277286135693215 0.475 0.13864306784660768 0.18125
0 0.5309734513274337 0.86875 0.13569321533923304 0.0546875
0 0.19469026548672566 0.2390625 0.12979351032448377 0.0578125
0 0.1504424778761062 0.7171875 0.06784660766961652 0.0296875
0 0.28023598820059 0.64375 0.04129793510324484 0.034375
0 0.855457227138643 0.859375 0.11504424778761062 0.034375
0 0.9262536873156342 0.0234375 0.11799410029498525 0.046875
0 0.6194690265486725 0.44375 0.0855457227138643 0.0484375
0 0.8761061946902655 0.2609375 0.058997050147492625 0.046875
0 0.7610619469026548 0.240625 0.07079646017699115 0.046875
0 0.9867256637168141 0.175 0.02654867256637168 0.034375