0 0.775811209439528 0.815625 0.3864306784660767 0.175
0 0.7669616519174042 0.91875 0.24188790560471976 0.1015625
0 0.05014749262536873 0.809375 0.10029498525073746 0.090625
0 0.15339233038348082 0.9421875 0.19174041297935104 0.090625
0 0.19174041297935104 0.009375 0.07964601769911504 0.01875
0 0.0943952802359882 0.3 0.07669616519174041 0.0453125
0 0.7079646017699115 0.6609375 0.10914454277286136 0.040625
0 0.22713864306784662 0.75625 0.11799410029498525 0.0453125
0 0.6017699115044248 0.2421875 0.07964601769911504 0.040625
0 0.9424778761061947 0.19140625 0.11504424778761062 0.0484375
0 0.23893805309734514 0.090625 0.06489675516224189 0.03125
0 0.1710914454277286 0.1609375 0.09144542772861357 0.0609375
0 0.5221238938053098 0.128125 0.0943952802359882 0.0453125
0 0.48672566371681414 0.1921875 0.11504424778761062 0.040625
0 0.9631268436578171 0.1375 0.07374631268436578 0.034375
0 0.7699115044247787 0.1703125 0.07079646017699115 0.04375
0 0.6991150442477876 0.06875 0.11209439528023599 0.040625
0 0.39823008849557523 0.7109375 0.05604719764011799 0.034375
0 0.48672566371681414 0.7859375 0.05604719764011799 0.0296875
0 0.4424778761061947 0.83125 0.08259587020648967 0.034375
0 0.7817109144542773 0.5125 0.08259587020648967 0.0421875
0 0.7079646017699115 0.51875 0.05604719764011799 0.0578125
0 0.6489675516224189 0.5265625 0.04129793510324484 0.0453125
0 0.6194690265486725 0.4765625 0.12389380530973451 0.0421875
0 0.8525073746312685 0.3890625 0.10029498525073746 0.05625
0 0.6784660766961652 0.35625 0.0471976401179941 0.0296875
0 0.2890855457227139 0.3671875 0.08259587020648967 0.040625
0 0.0471976401179941 0.2375 0.0943952802359882 0.06875
0 0.011799410029498525 0.13125 0.02064896755162242 0.0203125
0 0.017699115044247787 0.096875 0.02359882005899705 0.0234375
0 0.696165191740413 0.1171875 0.038348082595870206 0.03125
0 0.5545722713864307 0.0421875 0.04129793510324484 0.0390625
0 0.36283185840707965 0.08125 0.032448377581120944 0.03125
0 0.415929203539823 0.0953125 0.02654867256637168 0.040625
0 0.32448377581120946 0.1421875 0.06489675516224189 0.028125
0 0.24188790560471976 0.1515625 0.035398230088495575 0.0234375
0 0.07669616519174041 0.1640625 0.038348082595870206 0.028125
0 0.8731563421828908 0.040625 0.04424778761061947 0.015625
0 0.967551622418879 0.2859375 0.05604719764011799 0.0234375
0 0.9911504424778761 0.2453125 0.017699115044247787 0.0140625
0 0.995575221238938 0.23125 0.008849557522123894 0.021875
0 0.02064896755162242 0.3421875 0.04129793510324484 0.0296875
0 0.04129793510324484 0.353125 0.02654867256637168 0.01875
0 0.2448377581120944 0.45625 0.05604719764011799 0.025
0 0.3834808259587021 0.5484375 0.05604719764011799 0.025
0 0.551622418879056 0.5171875 0.05604719764011799 0.025
0 0.4306784660766962 0.371875 0.0471976401179941 0.03125
0 0.3185840707964602 0.4 0.07669616519174041 0.028125
0 0.4837758112094395 0.7046875 0.08849557522123894 0.0296875
0 0.5545722713864307 0.7109375 0.04424778761061947 0.040625