0 0.3223684210526316 0.9578125 0.19407894736842105 0.084375
0 0.7631578947368421 0.7828125 0.3157894736842105 0.1453125
0 0.27631578947368424 0.6578125 0.34210526315789475 0.1234375
0 0.7993421052631579 0.021875 0.375 0.0421875
0 0.9342105263157895 0.1125 0.12171052631578948 0.0375
0 0.975328947368421 0.1890625 0.049342105263157895 0.0625
0 0.46381578947368424 0.0859375 0.22039473684210525 0.06875
0 0.33223684210526316 0.1703125 0.08552631578947369 0.046875
0 0.01644736842105263 0.24375 0.029605263157894735 0.065625
0 0.3651315789473684 0.478125 0.09868421052631579 0.06875
0 0.6973684210526315 0.5390625 0.06907894736842106 0.034375
0 0.2138157894736842 0.5 0.05921052631578947 0.053125
0 0.04276315789473684 0.7640625 0.07236842105263158 0.0515625
0 0.9325657894736842 0.36015625 0.13486842105263158 0.0640625
0 0.02631578947368421 0.3171875 0.05263157894736842 0.034375
0 0.14144736842105263 0.3453125 0.14473684210526316 0.0640625
0 0.26973684210526316 0.3578125 0.10855263157894737 0.0546875
0 0.28618421052631576 0.3890625 0.11842105263157894 0.0515625
0 0.05592105263157895 0.4703125 0.10197368421052631 0.04375
0 0.9819078947368421 0.490625 0.03618421052631579 0.0875
0 0.875 0.528125 0.07894736842105263 0.025
0 0.8585526315789473 0.9828125 0.17434210526315788 0.034375
0 0.13815789473684212 0.0578125 0.0625 0.046875