0 0.17058823529411765 0.04375 0.18529411764705883 0.0859375
0 0.1264705882352941 0.3765625 0.2 0.1015625
0 0.7676470588235295 0.534375 0.11764705882352941 0.0953125
0 0.40588235294117647 0.2734375 0.11176470588235295 0.0453125
0 0.4676470588235294 0.3390625 0.12941176470588237 0.0421875
0 0.0029411764705882353 0.1890625 0.0029411764705882353 0.046875
0 0.7970588235294118 0.0140625 0.06764705882352941 0.0265625
0 0.9 0.0140625 0.07058823529411765 0.0265625
0 0.6882352941176471 0.0328125 0.09705882352941177 0.046875
0 0.8529411764705882 0.0359375 0.06764705882352941 0.0515625
0 0.8911764705882353 0.24375 0.07647058823529412 0.04375
0 0.8794117647058823 0.20625 0.05 0.028125
0 0.5764705882352941 0.3 0.08235294117647059 0.0359375
0 0.5176470588235295 0.65 0.029411764705882353 0.0265625
0 0.29411764705882354 0.6125 0.03235294117647059 0.028125
0 0.5676470588235294 0.4015625 0.06764705882352941 0.0234375
0 0.1 0.4375 0.1 0.046875
0 0.026470588235294117 0.465625 0.05 0.0234375
0 0.3588235294117647 0.1515625 0.05 0.028125
0 0.2323529411764706 0.15 0.029411764705882353 0.01875
0 0.10882352941176471 0.146875 0.058823529411764705 0.0265625
0 0.1588235294117647 0.171875 0.03823529411764706 0.021875
0 0.47352941176470587 0.1953125 0.05 0.0140625
0 0.6558823529411765 0.153125 0.03823529411764706 0.040625
0 0.7205882352941176 0.121875 0.041176470588235294 0.0203125
0 0.5264705882352941 0.1296875 0.01764705882352941 0.025
0 0.3558823529411765 0.096875 0.047058823529411764 0.0234375
0 0.48823529411764705 0.053125 0.03235294117647059 0.0140625
0 0.6029411764705882 0.0390625 0.03823529411764706 0.0375
0 0.6176470588235294 0.0671875 0.03235294117647059 0.0265625
0 0.6911764705882353 0.059375 0.047058823529411764 0.0171875
0 0.3029411764705882 0.2453125 0.058823529411764705 0.0203125
0 0.35294117647058826 0.23125 0.047058823529411764 0.0171875
0 0.029411764705882353 0.2890625 0.023529411764705882 0.021875
0 0.01764705882352941 0.2265625 0.03235294117647059 0.021875
0 0.03529411764705882 0.2109375 0.06764705882352941 0.0375
0 0.11764705882352941 0.215625 0.041176470588235294 0.0171875
0 0.10882352941176471 0.509375 0.07058823529411765 0.034375
0 0.2 0.5078125 0.014705882352941176 0.0265625
0 0.888235294117647 0.6140625 0.06764705882352941 0.021875
0 0.861764705882353 0.7375 0.11764705882352941 0.021875
0 0.7352941176470589 0.7484375 0.061764705882352944 0.040625
0 0.10294117647058823 0.971875 0.026470588235294117 0.0203125
0 0.14411764705882352 0.9671875 0.08823529411764706 0.04375
0 0.3382352941176471 0.9875 0.08235294117647059 0.025