0 0.5852941176470589 0.0828125 0.15 0.0828125
0 0.11176470588235295 0.978125 0.07058823529411765 0.0375
0 0.1588235294117647 0.121875 0.07941176470588235 0.0265625
0 0.3205882352941177 0.1296875 0.06470588235294118 0.028125
0 0.45588235294117646 0.228125 0.11470588235294117 0.046875
0 0.9235294117647059 0.7578125 0.10588235294117647 0.0890625
0 0.19117647058823528 0.6578125 0.03823529411764706 0.028125
0 0.026470588235294117 0.6015625 0.05 0.0390625
0 0.07941176470588235 0.3640625 0.10294117647058823 0.0234375
0 0.21176470588235294 0.2671875 0.09705882352941177 0.04375
0 0.20294117647058824 0.0078125 0.1411764705882353 0.0140625