0 0.017699115044247787 0.765625 0.032448377581120944 0.065625
0 0.8407079646017699 0.771875 0.15634218289085547 0.0609375
0 0.3805309734513274 0.89375 0.17404129793510326 0.04375
0 0.36283185840707965 0.5921875 0.0943952802359882 0.0484375
0 0.3834808259587021 0.65625 0.0943952802359882 0.0359375
0 0.07669616519174041 0.571875 0.13274336283185842 0.0546875
0 0.0471976401179941 0.6734375 0.061946902654867256 0.0625
0 0.07374631268436578 0.7296875 0.07669616519174041 0.0578125
0 0.336283185840708 0.83125 0.11209439528023599 0.0546875
0 0.46017699115044247 0.7734375 0.08849557522123894 0.0328125
0 0.551622418879056 0.815625 0.07669616519174041 0.0421875
0 0.6430678466076696 0.6046875 0.05309734513274336 0.0703125
0 0.7905604719764012 0.6359375 0.07079646017699115 0.0515625
0 0.9705014749262537 0.5 0.058997050147492625 0.040625
0 0.032448377581120944 0.040625 0.05014749262536873 0.0234375
0 0.08849557522123894 0.1 0.058997050147492625 0.0390625
0 0.20353982300884957 0.1734375 0.061946902654867256 0.0234375
0 0.46017699115044247 0.190625 0.13569321533923304 0.0671875
0 0.49557522123893805 0.1171875 0.058997050147492625 0.0609375
0 0.7581120943952803 0.0671875 0.05309734513274336 0.0234375
0 0.21238938053097345 0.0140625 0.07669616519174041 0.028125
0 0.3392330383480826 0.00625 0.0855457227138643 0.0109375
0 0.2831858407079646 0.234375 0.08849557522123894 0.0296875
0 0.3480825958702065 0.30625 0.11799410029498525 0.040625
0 0.061946902654867256 0.49375 0.10029498525073746 0.040625
0 0.2448377581120944 0.4390625 0.08259587020648967 0.04375
0 0.3480825958702065 0.475 0.11209439528023599 0.0265625
0 0.43952802359882004 0.4046875 0.11209439528023599 0.059375
0 0.2743362831858407 0.3828125 0.07079646017699115 0.03125
0 0.7345132743362832 0.98125 0.08849557522123894 0.0375