0 0.4823529411764706 0.0421875 0.13823529411764707 0.0515625
0 0.4235294117647059 0.134375 0.09411764705882353 0.0359375
0 0.6794117647058824 0.44375 0.08235294117647059 0.065625
0 0.8852941176470588 0.4 0.1 0.0390625
0 0.5352941176470588 0.35625 0.08235294117647059 0.0421875
0 0.3235294117647059 0.3421875 0.05 0.0359375
0 0.3 0.2328125 0.1 0.053125
0 0.27647058823529413 0.56875 0.06764705882352941 0.0515625
0 0.9411764705882353 0.8328125 0.10882352941176471 0.075
0 0.31470588235294117 0.9234375 0.10882352941176471 0.053125
0 0.058823529411764705 0.75625 0.052941176470588235 0.034375
0 0.047058823529411764 0.6625 0.09117647058823529 0.0609375
0 0.14705882352941177 0.6265625 0.06470588235294118 0.0734375
0 0.2323529411764706 0.6203125 0.047058823529411764 0.0515625
0 0.3205882352941177 0.625 0.058823529411764705 0.0359375
0 0.5058823529411764 0.6390625 0.061764705882352944 0.0359375
0 0.8058823529411765 0.7546875 0.03235294117647059 0.015625
0 0.9176470588235294 0.515625 0.07647058823529412 0.0546875