0 0.7072368421052632 0.0796875 0.5657894736842105 0.1578125
0 0.47039473684210525 0.428125 0.5 0.2125
0 0.06907894736842106 0.484375 0.13815789473684212 0.103125
0 0.6019736842105263 0.8421875 0.6085526315789473 0.25
0 0.8026315789473685 0.996875 0.1875 0.0046875
0 0.22039473684210525 0.9796875 0.08552631578947369 0.0390625
0 0.039473684210526314 0.9828125 0.0756578947368421 0.0328125
0 0.013157894736842105 0.7734375 0.02631578947368421 0.0328125
0 0.2598684210526316 0.6875 0.0625 0.0296875
0 0.8453947368421053 0.6703125 0.09868421052631579 0.0484375
0 0.05592105263157895 0.4125 0.1118421052631579 0.04375
0 0.34539473684210525 0.584375 0.15460526315789475 0.053125
0 0.09868421052631579 0.575 0.11513157894736842 0.046875
0 0.21710526315789475 0.6375 0.13486842105263158 0.0765625
0 0.7828947368421053 0.4921875 0.13486842105263158 0.053125
0 0.7927631578947368 0.4078125 0.15460526315789475 0.0609375
0 0.05592105263157895 0.203125 0.10197368421052631 0.0390625
0 0.2236842105263158 0.2859375 0.1875 0.0453125
0 0.6842105263157895 0.23125 0.1118421052631579 0.0640625
0 0.125 0.8875 0.1118421052631579 0.0625
0 0.17763157894736842 0.7734375 0.09539473684210527 0.0515625
0 0.03289473684210526 0.8453125 0.0625 0.059375
0 0.46381578947368424 0.996875 0.08881578947368421 0.00625
0 0.046052631578947366 0.0421875 0.09210526315789473 0.034375
0 0.19407894736842105 0.14375 0.21710526315789475 0.0515625