0 0.4325153374233129 0.25625 0.2116564417177914 0.134375
0 0.15950920245398773 0.0828125 0.15644171779141106 0.059375
0 0.1411042944785276 0.2640625 0.13803680981595093 0.0796875
0 0.5521472392638037 0.696875 0.13496932515337423 0.075
0 0.8773006134969326 0.6578125 0.10736196319018405 0.04375
0 0.6319018404907976 0.25625 0.0705521472392638 0.040625
0 0.05214723926380368 0.4890625 0.05214723926380368 0.0171875
0 0.4447852760736196 0.8546875 0.0705521472392638 0.059375
0 0.2361963190184049 0.9203125 0.08895705521472393 0.0546875
0 0.7607361963190185 0.9140625 0.19938650306748465 0.1171875
0 0.0705521472392638 0.940625 0.08588957055214724 0.0625
0 0.24233128834355827 0.9890625 0.09202453987730061 0.0203125
0 0.7177914110429447 0.50625 0.049079754601226995 0.0359375
0 0.30368098159509205 0.475 0.024539877300613498 0.025
0 0.22699386503067484 0.525 0.05214723926380368 0.0375
0 0.15644171779141106 0.5546875 0.0736196319018405 0.021875
0 0.027607361963190184 0.38125 0.05521472392638037 0.05
0 0.7668711656441718 0.075 0.06134969325153374 0.0453125
0 0.12269938650306748 0.0203125 0.05828220858895705 0.0234375
0 0.35276073619631904 0.7015625 0.06748466257668712 0.0453125
0 0.40797546012269936 0.7125 0.04294478527607362 0.0234375
0 0.4539877300613497 0.771875 0.07668711656441718 0.04375
0 0.46932515337423314 0.090625 0.10736196319018405 0.0296875
0 0.6012269938650306 0.1109375 0.15337423312883436 0.05
0 0.024539877300613498 0.440625 0.046012269938650305 0.0265625
0 0.8803680981595092 0.0890625 0.09815950920245399 0.05625
0 0.9601226993865031 0.7609375 0.05828220858895705 0.075
0 0.6134969325153374 0.7546875 0.06748466257668712 0.0296875
0 0.6809815950920245 0.7578125 0.06441717791411043 0.034375