0 0.8470948012232415 0.1359375 0.18654434250764526 0.065625
0 0.9174311926605505 0.3453125 0.1651376146788991 0.253125
0 0.8776758409785933 0.8171875 0.24464831804281345 0.0984375
0 0.24770642201834864 0.6875 0.0856269113149847 0.0421875
0 0.26605504587155965 0.046875 0.12844036697247707 0.0703125
0 0.5168195718654435 0.2609375 0.10091743119266056 0.05
0 0.8532110091743119 0.6921875 0.09480122324159021 0.059375
0 0.7920489296636085 0.184375 0.12844036697247707 0.065625
0 0.4954128440366973 0.734375 0.1162079510703364 0.0484375
0 0.41590214067278286 0.7609375 0.16819571865443425 0.1109375
0 0.1620795107033639 0.7140625 0.09785932721712538 0.0453125
0 0.2415902140672783 0.953125 0.12844036697247707 0.0703125
0 0.6574923547400612 0.8921875 0.12538226299694188 0.040625
0 0.45565749235474007 0.909375 0.10091743119266056 0.0390625
0 0.5963302752293578 0.9734375 0.14067278287461774 0.053125
0 0.09174311926605505 0.93125 0.12232415902140673 0.0546875
0 0.12232415902140673 0.9796875 0.11009174311926606 0.040625
0 0.20795107033639143 0.378125 0.05504587155963303 0.009375
0 0.0764525993883792 0.5640625 0.11926605504587157 0.0671875