0 0.3048780487804878 0.828125 0.29573170731707316 0.1421875
0 0.4817073170731707 0.928125 0.0701219512195122 0.0375
0 0.5365853658536586 0.9828125 0.12804878048780488 0.034375
0 0.5 0.7375 0.14329268292682926 0.0828125
0 0.6158536585365854 0.7328125 0.13109756097560976 0.05
0 0.6554878048780488 0.778125 0.14634146341463414 0.0484375
0 0.9237804878048781 0.8109375 0.1524390243902439 0.09375
0 0.5762195121951219 0.6390625 0.1676829268292683 0.0875
0 0.801829268292683 0.475 0.24390243902439024 0.0875
0 0.7073170731707317 0.578125 0.2926829268292683 0.1203125
0 0.18292682926829268 0.6375 0.10670731707317073 0.0609375
0 0.28353658536585363 0.3578125 0.49390243902439024 0.234375
0 0.19207317073170732 0.021875 0.3475609756097561 0.0421875
0 0.47865853658536583 0.015625 0.054878048780487805 0.0296875
0 0.5121951219512195 0.1953125 0.0701219512195122 0.0390625
0 0.2621951219512195 0.1828125 0.0975609756097561 0.0640625
0 0.11280487804878049 0.1203125 0.0975609756097561 0.05625
0 0.04878048780487805 0.1828125 0.0975609756097561 0.0515625
0 0.5548780487804879 0.0640625 0.09146341463414634 0.053125
0 0.7652439024390244 0.1203125 0.057926829268292686 0.0421875
0 0.8292682926829268 0.06875 0.13109756097560976 0.071875
0 0.8048780487804879 0.0203125 0.0975609756097561 0.0390625
0 0.9375 0.0109375 0.125 0.021875
0 0.7225609756097561 0.00625 0.06402439024390244 0.0109375
0 0.8140243902439024 0.2859375 0.13109756097560976 0.0671875
0 0.6371951219512195 0.265625 0.11280487804878049 0.084375
0 0.9512195121951219 0.2578125 0.0975609756097561 0.090625
0 0.012195121951219513 0.2828125 0.024390243902439025 0.0421875
0 0.6036585365853658 0.396875 0.0975609756097561 0.05625