0 0.9478527607361963 0.053125 0.03680981595092025 0.0453125
0 0.03067484662576687 0.4515625 0.05828220858895705 0.0515625
0 0.19938650306748465 0.8234375 0.06441717791411043 0.046875
0 0.8957055214723927 0.9828125 0.06134969325153374 0.0328125
0 0.7944785276073619 0.965625 0.08895705521472393 0.059375
0 0.852760736196319 0.9953125 0.03987730061349693 0.0078125
0 0.6687116564417178 0.8171875 0.06134969325153374 0.040625
0 0.852760736196319 0.8171875 0.07668711656441718 0.0359375
0 0.9769938650306749 0.628125 0.046012269938650305 0.0375
0 0.8404907975460123 0.4734375 0.024539877300613498 0.0359375
0 0.3006134969325153 0.98125 0.0705521472392638 0.0296875
0 0.588957055214724 0.9015625 0.08895705521472393 0.03125
0 0.8619631901840491 0.384375 0.12576687116564417 0.05
0 0.16257668711656442 0.384375 0.07668711656441718 0.0390625
0 0.4723926380368098 0.340625 0.06134969325153374 0.0265625
0 0.5644171779141104 0.3640625 0.08895705521472393 0.028125
0 0.3343558282208589 0.8953125 0.10122699386503067 0.040625
0 0.8159509202453987 0.7484375 0.1165644171779141 0.0421875
0 0.147239263803681 0.76875 0.08282208588957055 0.0421875
0 0.4601226993865031 0.6859375 0.07668711656441718 0.0296875
0 0.7699386503067485 0.634375 0.049079754601226995 0.0515625
0 0.6901840490797546 0.715625 0.07668711656441718 0.0421875
0 0.5429447852760736 0.7609375 0.08588957055214724 0.05
0 0.3496932515337423 0.8203125 0.09815950920245399 0.0515625
0 0.4938650306748466 0.821875 0.08588957055214724 0.0375