0 0.9342507645259939 0.8890625 0.13149847094801223 0.046875
0 0.7400611620795107 0.9765625 0.1743119266055046 0.04375
0 0.7828746177370031 0.65625 0.17737003058103976 0.0875
0 0.6207951070336392 0.228125 0.2324159021406728 0.071875
0 0.7767584097859327 0.340625 0.1437308868501529 0.08125
0 0.45565749235474007 0.471875 0.1529051987767584 0.0671875
0 0.6666666666666666 0.44375 0.13761467889908258 0.0640625
0 0.4801223241590214 0.3890625 0.07951070336391437 0.0359375
0 0.5168195718654435 0.0234375 0.1162079510703364 0.0453125
0 0.3547400611620795 0.0125 0.09785932721712538 0.0234375
0 0.5351681957186545 0.1671875 0.10703363914373089 0.0578125
0 0.3761467889908257 0.203125 0.11314984709480122 0.059375
0 0.44954128440366975 0.2953125 0.12538226299694188 0.0671875
0 0.1712538226299694 0.0203125 0.13149847094801223 0.040625
0 0.14984709480122324 0.13125 0.0764525993883792 0.05
0 0.37920489296636084 0.075 0.12232415902140673 0.071875
0 0.2782874617737003 0.115625 0.11926605504587157 0.0609375
0 0.22018348623853212 0.225 0.10703363914373089 0.04375
0 0.22324159021406728 0.39375 0.2782874617737003 0.23125
0 0.3302752293577982 0.375 0.0856269113149847 0.0421875
0 0.8776758409785933 0.1421875 0.0764525993883792 0.028125
0 0.8501529051987767 0.0328125 0.11009174311926606 0.065625
0 0.5351681957186545 0.6265625 0.1529051987767584 0.08125
0 0.039755351681957186 0.61875 0.0672782874617737 0.084375
0 0.13149847094801223 0.6890625 0.08868501529051988 0.04375
0 0.13761467889908258 0.7984375 0.12844036697247707 0.05625
0 0.13761467889908258 0.8640625 0.11926605504587157 0.09375
0 0.12844036697247707 0.9421875 0.17737003058103976 0.0828125
0 0.27522935779816515 0.775 0.08868501529051988 0.0390625
0 0.5688073394495413 0.8203125 0.0764525993883792 0.0796875
0 0.5779816513761468 0.753125 0.11314984709480122 0.075
0 0.654434250764526 0.75625 0.10397553516819572 0.0828125
0 0.8165137614678899 0.9 0.0856269113149847 0.0546875
0 0.5198776758409785 0.9375 0.15902140672782875 0.05
0 0.3944954128440367 0.9703125 0.0672782874617737 0.040625
0 0.3394495412844037 0.9953125 0.0764525993883792 0.009375
0 0.1712538226299694 0.99375 0.03669724770642202 0.0125
0 0.308868501529052 0.90625 0.09785932721712538 0.0828125
0 0.4984709480122324 0.9125 0.0856269113149847 0.0671875
0 0.7186544342507645 0.8890625 0.14984709480122324 0.084375