0 0.13486842105263158 0.5296875 0.2532894736842105 0.0703125
0 0.7450657894736842 0.26875 0.5098684210526315 0.3
0 0.07236842105263158 0.1140625 0.14473684210526316 0.0859375
0 0.7302631578947368 0.059375 0.11513157894736842 0.0390625
0 0.05263157894736842 0.240625 0.07236842105263158 0.025
0 0.16776315789473684 0.284375 0.029605263157894735 0.015625
0 0.07894736842105263 0.2859375 0.09539473684210527 0.053125
0 0.08881578947368421 0.5875 0.16776315789473684 0.034375
0 0.631578947368421 0.5578125 0.14473684210526316 0.059375
0 0.7796052631578947 0.4875 0.07236842105263158 0.0359375
0 0.8914473684210527 0.534375 0.10197368421052631 0.04375
0 0.9078947368421053 0.4875 0.12171052631578948 0.071875
0 0.5888157894736842 0.4421875 0.05921052631578947 0.034375
0 0.14144736842105263 0.43125 0.10526315789473684 0.040625
0 0.02631578947368421 0.4859375 0.049342105263157895 0.078125
0 0.17763157894736842 0.9328125 0.17434210526315788 0.05625
0 0.506578947368421 0.8734375 0.09210526315789473 0.0375
0 0.6644736842105263 0.85625 0.09210526315789473 0.0453125
0 0.21052631578947367 0.75 0.10855263157894737 0.0515625
0 0.7236842105263158 0.7078125 0.15789473684210525 0.0484375
0 0.7960526315789473 0.665625 0.09539473684210527 0.0375
0 0.40460526315789475 0.8171875 0.17105263157894737 0.0390625
0 0.40131578947368424 0.878125 0.11842105263157894 0.034375
0 0.45394736842105265 0.775 0.15460526315789475 0.034375