0 0.7676470588235295 0.8015625 0.37941176470588234 0.171875
0 0.7588235294117647 0.903125 0.23529411764705882 0.0984375
0 0.052941176470588235 0.7953125 0.10588235294117647 0.0890625
0 0.15588235294117647 0.925 0.18529411764705883 0.0890625
0 0.19411764705882353 0.009375 0.07941176470588235 0.0171875
0 0.1 0.29375 0.07352941176470588 0.04375
0 0.7029411764705882 0.6484375 0.10588235294117647 0.0390625
0 0.22941176470588234 0.74375 0.11764705882352941 0.04375
0 0.5970588235294118 0.2375 0.07941176470588235 0.0390625
0 0.9367647058823529 0.1890625 0.1264705882352941 0.046875
0 0.2411764705882353 0.0890625 0.06470588235294118 0.03125
0 0.17647058823529413 0.1578125 0.08823529411764706 0.0609375
0 0.5176470588235295 0.1265625 0.09117647058823529 0.04375
0 0.4823529411764706 0.1890625 0.11470588235294117 0.0390625
0 0.9529411764705882 0.1359375 0.07352941176470588 0.034375
0 0.7617647058823529 0.1671875 0.06764705882352941 0.04375
0 0.6941176470588235 0.0671875 0.10882352941176471 0.0390625
0 0.39705882352941174 0.6984375 0.05588235294117647 0.034375
0 0.4852941176470588 0.771875 0.052941176470588235 0.028125
0 0.4411764705882353 0.8171875 0.08235294117647059 0.034375
0 0.9985294117647059 0.46484375 0.0029411764705882353 0.0234375
0 0.7735294117647059 0.5046875 0.08235294117647059 0.0421875
0 0.7 0.509375 0.05588235294117647 0.05625
0 0.6441176470588236 0.5171875 0.041176470588235294 0.04375
0 0.6147058823529412 0.46875 0.12058823529411765 0.0421875
0 0.8441176470588235 0.3828125 0.1 0.0546875
0 0.6735294117647059 0.35 0.047058823529411764 0.0296875
0 0.2911764705882353 0.3609375 0.08235294117647059 0.040625
0 0.05 0.234375 0.1 0.0671875
0 0.0029411764705882353 0.0921875 0.0058823529411764705 0.0265625
0 0.014705882352941176 0.1296875 0.029411764705882353 0.0203125
0 0.023529411764705882 0.0953125 0.023529411764705882 0.0234375
0 0.6911764705882353 0.115625 0.03823529411764706 0.03125
0 0.55 0.040625 0.041176470588235294 0.0375
0 0.36176470588235293 0.0796875 0.03235294117647059 0.03125
0 0.4147058823529412 0.09375 0.026470588235294117 0.040625
0 0.3264705882352941 0.140625 0.06470588235294118 0.0265625
0 0.24411764705882352 0.1484375 0.03235294117647059 0.0234375
0 0.08235294117647059 0.1625 0.03823529411764706 0.0265625
0 0.861764705882353 0.040625 0.04411764705882353 0.015625
0 0.9558823529411765 0.28125 0.052941176470588235 0.0234375
0 0.9823529411764705 0.240625 0.023529411764705882 0.0140625
0 0.9897058823529412 0.2265625 0.020588235294117647 0.021875
0 0.9985294117647059 0.2109375 0.0029411764705882353 0.0375
0 0.026470588235294117 0.3359375 0.05 0.0296875
0 0.05 0.346875 0.026470588235294117 0.0171875
0 0.24705882352941178 0.4484375 0.05588235294117647 0.025
0 0.38235294117647056 0.5390625 0.052941176470588235 0.025
0 0.55 0.5078125 0.052941176470588235 0.025
0 0.4294117647058823 0.365625 0.047058823529411764 0.03125
0 0.3176470588235294 0.39375 0.07647058823529412 0.0265625
0 0.43823529411764706 0.996875 0.052941176470588235 0.0046875
0 0.4823529411764706 0.6921875 0.08529411764705883 0.028125
0 0.55 0.6984375 0.04411764705882353 0.0390625