0 0.7861842105263158 0.309375 0.2730263157894737 0.065625
0 0.9029605263157895 0.39140625 0.19407894736842105 0.1109375
0 0.23684210526315788 0.425 0.12171052631578948 0.0875
0 0.9391447368421053 0.6203125 0.12171052631578948 0.084375
0 0.8717105263157895 0.8828125 0.10197368421052631 0.0578125
0 0.5460526315789473 0.0390625 0.125 0.0375
0 0.8125 0.0296875 0.11513157894736842 0.0515625
0 0.9375 0.18125 0.11842105263157894 0.071875
0 0.6611842105263158 0.2140625 0.20065789473684212 0.090625
0 0.27960526315789475 0.2234375 0.05263157894736842 0.040625
0 0.3651315789473684 0.3546875 0.17434210526315788 0.0484375
0 0.5921052631578947 0.4390625 0.125 0.0640625
0 0.47039473684210525 0.471875 0.13815789473684212 0.0734375
0 0.3881578947368421 0.5234375 0.10197368421052631 0.0328125
0 0.8881578947368421 0.81875 0.1611842105263158 0.0765625
0 0.944078947368421 0.95 0.10855263157894737 0.059375
0 0.3717105263157895 0.16875 0.16447368421052633 0.0671875
0 0.6085526315789473 0.3234375 0.09210526315789473 0.0453125
0 0.631578947368421 0.7125 0.10197368421052631 0.059375
0 0.4407894736842105 0.771875 0.1118421052631579 0.04375
0 0.7335526315789473 0.903125 0.125 0.0609375
0 0.96875 0.7109375 0.0625 0.046875
0 0.029605263157894735 0.0734375 0.05592105263157895 0.046875
0 0.09868421052631579 0.06875 0.05263157894736842 0.0421875
0 0.19078947368421054 0.0609375 0.07236842105263158 0.0375
0 0.3026315789473684 0.05625 0.07894736842105263 0.046875
0 0.28618421052631576 0.0125 0.09539473684210527 0.025
0 0.4440789473684211 0.059375 0.14473684210526316 0.025
0 0.45723684210526316 0.103125 0.10526315789473684 0.046875
0 0.6151315789473685 0.1046875 0.07894736842105263 0.059375
0 0.7368421052631579 0.1171875 0.08223684210526316 0.05
0 0.8782894736842105 0.0953125 0.07236842105263158 0.065625
0 0.944078947368421 0.090625 0.1118421052631579 0.05
0 0.875 0.53125 0.10855263157894737 0.0421875
0 0.019736842105263157 0.4515625 0.03618421052631579 0.05
0 0.009868421052631578 0.2375 0.019736842105263157 0.0359375
0 0.019736842105263157 0.303125 0.03618421052631579 0.05625
0 0.125 0.2234375 0.08881578947368421 0.09375
0 0.24342105263157895 0.146875 0.06578947368421052 0.0375
0 0.17763157894736842 0.1859375 0.06907894736842106 0.046875
0 0.01644736842105263 0.5953125 0.03289473684210526 0.059375
0 0.1513157894736842 0.58125 0.05592105263157895 0.0421875
0 0.13815789473684212 0.6125 0.07894736842105263 0.04375
0 0.10855263157894737 0.65625 0.09868421052631579 0.0421875
0 0.23684210526315788 0.584375 0.07236842105263158 0.034375
0 0.24013157894736842 0.6203125 0.05263157894736842 0.0296875
0 0.33223684210526316 0.6109375 0.04276315789473684 0.03125
0 0.34539473684210525 0.6453125 0.03289473684210526 0.0296875
0 0.3980263157894737 0.6421875 0.03618421052631579 0.028125
0 0.5657894736842105 0.6109375 0.05263157894736842 0.0421875
0 0.618421052631579 0.621875 0.05592105263157895 0.025
0 0.756578947368421 0.60625 0.01644736842105263 0.0203125
0 0.7368421052631579 0.590625 0.05263157894736842 0.0390625
0 0.8388157894736842 0.625 0.02631578947368421 0.03125
0 0.7631578947368421 0.6875 0.06907894736842106 0.040625
0 0.7335526315789473 0.75625 0.0756578947368421 0.0375
0 0.8881578947368421 0.728125 0.03289473684210526 0.0390625
0 0.680921052631579 0.8015625 0.08552631578947369 0.034375
0 0.5888157894736842 0.7796875 0.05921052631578947 0.040625
0 0.4243421052631579 0.728125 0.1118421052631579 0.0390625
0 0.506578947368421 0.74375 0.0625 0.04375
0 0.24342105263157895 0.73125 0.10855263157894737 0.0625
0 0.26973684210526316 0.7046875 0.05263157894736842 0.025
0 0.2565789473684211 0.6796875 0.0625 0.0234375
0 0.3519736842105263 0.7015625 0.049342105263157895 0.0421875
0 0.3848684210526316 0.89375 0.21710526315789475 0.109375
0 0.04276315789473684 0.95 0.08552631578947369 0.0359375
0 0.029605263157894735 0.9890625 0.05921052631578947 0.021875
0 0.05921052631578947 0.8796875 0.11513157894736842 0.10625
0 0.14473684210526316 0.853125 0.08881578947368421 0.046875
0 0.10197368421052631 0.7953125 0.11513157894736842 0.0375
0 0.2631578947368421 0.95625 0.09868421052631579 0.034375
0 0.3519736842105263 0.9734375 0.09539473684210527 0.0453125
0 0.9177631578947368 0.990625 0.10855263157894737 0.01875