0 0.7957317073170732 0.2453125 0.2347560975609756 0.1
0 0.9939024390243902 0.05 0.012195121951219513 0.0671875
0 0.7042682926829268 0.0421875 0.2073170731707317 0.0828125
0 0.10670731707317073 0.3453125 0.21036585365853658 0.1
0 0.600609756097561 0.51875 0.19817073170731708 0.134375
0 0.32621951219512196 0.2921875 0.125 0.0890625
0 0.7530487804878049 0.4171875 0.10670731707317073 0.05625
0 0.6554878048780488 0.175 0.08841463414634146 0.0296875
0 0.3871951219512195 0.115625 0.07621951219512195 0.0421875
0 0.2347560975609756 0.215625 0.051829268292682924 0.0375
0 0.3567073170731707 0.4859375 0.11280487804878049 0.0453125
0 0.39634146341463417 0.8375 0.11585365853658537 0.0578125
0 0.4298780487804878 0.3375 0.07926829268292683 0.0265625
0 0.6280487804878049 0.8421875 0.08231707317073171 0.040625
0 0.7804878048780488 0.9796875 0.09451219512195122 0.0390625
0 0.7652439024390244 0.7125 0.0975609756097561 0.034375
0 0.989329268292683 0.9375 0.021341463414634148 0.05
0 0.3201219512195122 0.7203125 0.0975609756097561 0.034375
0 0.823170731707317 0.6625 0.10060975609756098 0.0375
0 0.9588414634146342 0.6609375 0.08231707317073171 0.125
0 0.725609756097561 0.325 0.06402439024390244 0.028125
0 0.9801829268292683 0.18046875 0.039634146341463415 0.0328125
0 0.34146341463414637 0.409375 0.0975609756097561 0.0296875
0 0.5030487804878049 0.421875 0.08231707317073171 0.0546875
0 0.08841463414634146 0.2125 0.0975609756097561 0.0234375
0 0.2896341463414634 0.0578125 0.039634146341463415 0.01875
0 0.39939024390243905 0.0484375 0.057926829268292686 0.0203125
0 0.5 0.0765625 0.03353658536585366 0.025
0 0.5030487804878049 0.15625 0.039634146341463415 0.0125
0 0.926829268292683 0.0203125 0.042682926829268296 0.0125
0 0.18597560975609756 0.0546875 0.021341463414634148 0.0140625
0 0.13719512195121952 0.1078125 0.027439024390243903 0.021875
0 0.14634146341463414 0.1546875 0.039634146341463415 0.015625
0 0.2225609756097561 0.1640625 0.039634146341463415 0.0171875
0 0.6554878048780488 0.325 0.039634146341463415 0.0234375
0 0.5914634146341463 0.3234375 0.042682926829268296 0.0203125
0 0.551829268292683 0.3359375 0.027439024390243903 0.0125
0 0.9634146341463414 0.2703125 0.027439024390243903 0.021875
0 0.9603658536585366 0.2390625 0.036585365853658534 0.0203125
0 0.6829268292682927 0.5984375 0.07621951219512195 0.03125
0 0.3628048780487805 0.775 0.06707317073170732 0.021875
0 0.4969512195121951 0.7828125 0.039634146341463415 0.015625
0 0.5060975609756098 0.6578125 0.04573170731707317 0.0203125
0 0.7347560975609756 0.7515625 0.039634146341463415 0.0203125
0 0.9542682926829268 0.821875 0.06097560975609756 0.0375
0 0.9695121951219512 0.8609375 0.04573170731707317 0.0203125
0 0.9664634146341463 0.0875 0.04878048780487805 0.0234375
0 0.899390243902439 0.1890625 0.054878048780487805 0.0140625
0 0.8079268292682927 0.4625 0.08231707317073171 0.0234375
0 0.7469512195121951 0.490625 0.039634146341463415 0.021875
0 0.38414634146341464 0.54375 0.06707317073170732 0.03125
0 0.4451219512195122 0.5734375 0.04573170731707317 0.0140625
0 0.4695121951219512 0.6015625 0.036585365853658534 0.0203125
0 0.3597560975609756 0.653125 0.054878048780487805 0.0203125
0 0.49390243902439024 0.9328125 0.051829268292682924 0.0359375
0 0.6036585365853658 0.9265625 0.054878048780487805 0.0265625
0 0.600609756097561 0.9609375 0.054878048780487805 0.025
0 0.23780487804878048 0.4015625 0.0701219512195122 0.0421875
0 0.2896341463414634 0.525 0.06707317073170732 0.040625
0 0.17378048780487804 0.8890625 0.054878048780487805 0.0359375
0 0.31402439024390244 0.9578125 0.054878048780487805 0.0234375
0 0.03048780487804878 0.721875 0.06097560975609756 0.0671875
0 0.1951219512195122 0.7109375 0.06707317073170732 0.03125
0 0.9298780487804879 0.3515625 0.08231707317073171 0.0359375
0 0.3353658536585366 0.221875 0.08231707317073171 0.0546875
0 0.8079268292682927 0.9140625 0.051829268292682924 0.0390625
0 0.8932926829268293 0.875 0.08231707317073171 0.0390625