0 0.7735294117647059 0.115625 0.12352941176470589 0.040625
0 0.4235294117647059 0.459375 0.13529411764705881 0.175
0 0.5235294117647059 0.840625 0.1323529411764706 0.053125
0 0.2 0.234375 0.12352941176470589 0.0546875
0 0.15588235294117647 0.69375 0.06764705882352941 0.028125
0 0.2823529411764706 0.6234375 0.03823529411764706 0.0328125
0 0.8323529411764706 0.83125 0.11176470588235295 0.0328125
0 0.43529411764705883 0.9890625 0.06764705882352941 0.021875
0 0.9029411764705882 0.0234375 0.11470588235294117 0.046875
0 0.6088235294117647 0.4296875 0.08235294117647059 0.046875
0 0.8558823529411764 0.253125 0.05588235294117647 0.0453125
0 0.7441176470588236 0.234375 0.06764705882352941 0.04375
0 0.975 0.171875 0.05 0.034375