0 0.02654867256637168 0.3078125 0.05014749262536873 0.0921875
0 0.40707964601769914 0.3375 0.15634218289085547 0.128125
0 0.7433628318584071 0.184375 0.17994100294985252 0.084375
0 0.18584070796460178 0.7453125 0.18584070796460178 0.1140625
0 0.9631268436578171 0.92265625 0.07374631268436578 0.1515625
0 0.9646017699115044 0.6859375 0.07079646017699115 0.0921875
0 0.8584070796460177 0.5421875 0.08259587020648967 0.0296875
0 0.3952802359882006 0.959375 0.11209439528023599 0.0328125
0 0.855457227138643 0.0671875 0.07669616519174041 0.0359375
0 0.9852507374631269 0.1109375 0.029498525073746312 0.0484375
0 0.8997050147492626 0.371875 0.08259587020648967 0.034375
0 0.5339233038348082 0.3859375 0.04424778761061947 0.025
0 0.31563421828908556 0.5046875 0.04424778761061947 0.0234375
0 0.22418879056047197 0.5453125 0.08849557522123894 0.046875
0 0.4837758112094395 0.2546875 0.08259587020648967 0.025
0 0.3687315634218289 0.2328125 0.07374631268436578 0.0265625
0 0.43952802359882004 0.571875 0.10619469026548672 0.0578125
0 0.799410029498525 0.440625 0.0855457227138643 0.0484375
0 0.976401179941003 0.446875 0.0471976401179941 0.05
0 0.976401179941003 0.634375 0.0471976401179941 0.0375
0 0.9203539823008849 0.7375 0.0943952802359882 0.0390625
0 0.9144542772861357 0.7796875 0.07374631268436578 0.0265625
0 0.7522123893805309 0.803125 0.10619469026548672 0.0453125
0 0.8613569321533924 0.7515625 0.029498525073746312 0.034375
0 0.8348082595870207 0.6078125 0.10619469026548672 0.0578125
0 0.7138643067846607 0.74375 0.07374631268436578 0.021875
0 0.5132743362831859 0.728125 0.13569321533923304 0.0546875
0 0.6135693215339233 0.8671875 0.058997050147492625 0.0234375
0 0.971976401179941 0.90546875 0.05604719764011799 0.0359375
0 0.5103244837758112 0.9859375 0.07374631268436578 0.028125
0 0.640117994100295 0.984375 0.08849557522123894 0.0296875
0 0.4837758112094395 0.1484375 0.02654867256637168 0.0234375
0 0.6017699115044248 0.16875 0.07374631268436578 0.034375
0 0.08849557522123894 0.25 0.06489675516224189 0.0171875
0 0.2536873156342183 0.971875 0.05604719764011799 0.040625
0 0.7109144542772862 0.01875 0.20648967551622419 0.034375
0 0.22418879056047197 0.6125 0.11209439528023599 0.04375
0 0.11504424778761062 0.9171875 0.06784660766961652 0.021875
0 0.6902654867256637 0.7953125 0.08849557522123894 0.059375
0 0.6637168141592921 0.521875 0.11799410029498525 0.034375