0 0.43529411764705883 0.5765625 0.15294117647058825 0.046875
0 0.4235294117647059 0.6265625 0.17058823529411765 0.0484375
0 0.8558823529411764 0.625 0.07941176470588235 0.0703125
0 0.14411764705882352 0.9015625 0.052941176470588235 0.0515625
0 0.008823529411764706 0.63125 0.014705882352941176 0.0265625
0 0.17352941176470588 0.85625 0.058823529411764705 0.0390625
0 0.14411764705882352 0.0875 0.05588235294117647 0.0375
0 0.14411764705882352 0.0484375 0.05588235294117647 0.025
0 0.34705882352941175 0.065625 0.09705882352941177 0.0390625
0 0.011764705882352941 0.228125 0.023529411764705882 0.0609375
0 0.058823529411764705 0.3 0.08823529411764706 0.0453125
0 0.23823529411764705 0.296875 0.07058823529411765 0.0484375
0 0.5441176470588235 0.196875 0.05 0.0453125
0 0.638235294117647 0.1921875 0.05 0.034375
0 0.8588235294117647 0.240625 0.09117647058823529 0.03125
0 0.9573529411764706 0.34609375 0.08529411764705883 0.0640625
0 0.8088235294117647 0.4140625 0.05588235294117647 0.0328125
0 0.8647058823529412 0.3984375 0.05588235294117647 0.046875
0 0.75 0.3671875 0.13529411764705881 0.05625
0 0.7294117647058823 0.8921875 0.08529411764705883 0.034375
0 0.8058823529411765 0.815625 0.058823529411764705 0.0359375
0 0.8441176470588235 0.7796875 0.061764705882352944 0.0375
0 0.8529411764705882 0.73125 0.07941176470588235 0.03125
0 0.6705882352941176 0.659375 0.06764705882352941 0.0359375
0 0.7852941176470588 0.7109375 0.11470588235294117 0.0359375
0 0.4852941176470588 0.7296875 0.058823529411764705 0.0265625
0 0.4676470588235294 0.7703125 0.05588235294117647 0.0328125
0 0.5529411764705883 0.8359375 0.06470588235294118 0.0140625
0 0.07058823529411765 0.4421875 0.047058823529411764 0.0484375
0 0.1264705882352941 0.40625 0.10294117647058823 0.0765625
0 0.3382352941176471 0.24375 0.08823529411764706 0.05
0 0.4147058823529412 0.1734375 0.08235294117647059 0.065625
0 0.20294117647058824 0.9859375 0.1411764705882353 0.028125