0 0.4815950920245399 0.7859375 0.19938650306748465 0.08125
0 0.6993865030674846 0.78125 0.1196319018404908 0.071875
0 0.5521472392638037 0.878125 0.0736196319018405 0.0453125
0 0.25766871165644173 0.875 0.20245398773006135 0.0765625
0 0.13496932515337423 0.8734375 0.07668711656441718 0.0625
0 0.3067484662576687 0.9859375 0.10122699386503067 0.028125
0 0.19325153374233128 0.9875 0.08588957055214724 0.0234375
0 0.50920245398773 0.93125 0.10429447852760736 0.0484375
0 0.7392638036809815 0.9546875 0.10122699386503067 0.034375
0 0.8128834355828221 0.990625 0.09815950920245399 0.0171875
0 0.9616564417177914 0.83203125 0.07668711656441718 0.0515625
0 0.8926380368098159 0.8484375 0.0705521472392638 0.0296875
0 0.9739263803680982 0.93203125 0.05214723926380368 0.0546875
0 0.9202453987730062 0.2234375 0.08895705521472393 0.0703125
0 0.9156441717791411 0.31796875 0.1687116564417178 0.0796875
0 0.9769938650306749 0.4296875 0.046012269938650305 0.071875
0 0.7116564417177914 0.5640625 0.17484662576687116 0.0515625
0 0.7269938650306749 0.678125 0.1165644171779141 0.0625
0 0.745398773006135 0.715625 0.1196319018404908 0.0421875
0 0.5920245398773006 0.009375 0.12269938650306748 0.01875
0 0.647239263803681 0.1265625 0.22392638036809817 0.09375
0 0.8220858895705522 0.040625 0.1901840490797546 0.0796875
0 0.9233128834355828 0.146875 0.0950920245398773 0.03125
0 0.588957055214724 0.2625 0.11349693251533742 0.0625
0 0.6932515337423313 0.26875 0.08282208588957055 0.0546875
0 0.4570552147239264 0.4296875 0.13803680981595093 0.0515625
0 0.8819018404907976 0.47734375 0.2361963190184049 0.0796875
0 0.36503067484662577 0.034375 0.06748466257668712 0.05625
0 0.18711656441717792 0.025 0.0950920245398773 0.0484375
0 0.046012269938650305 0.0046875 0.03374233128834356 0.0078125
0 0.24846625766871167 0.209375 0.16257668711656442 0.04375
0 0.36503067484662577 0.178125 0.03987730061349693 0.04375
0 0.3987730061349693 0.2515625 0.09202453987730061 0.040625
0 0.24233128834355827 0.2921875 0.1441717791411043 0.0546875
0 0.3496932515337423 0.2953125 0.11349693251533742 0.046875
0 0.3067484662576687 0.35 0.1196319018404908 0.0390625
0 0.27300613496932513 0.4125 0.12883435582822086 0.0640625
0 0.08588957055214724 0.2234375 0.17177914110429449 0.0796875
0 0.05214723926380368 0.315625 0.10429447852760736 0.053125
0 0.44785276073619634 0.3890625 0.12576687116564417 0.0296875
0 0.03067484662576687 0.5046875 0.06134969325153374 0.04375
0 0.24846625766871167 0.55625 0.13496932515337423 0.0765625
0 0.46319018404907975 0.61875 0.1196319018404908 0.0390625
0 0.5337423312883436 0.5890625 0.10429447852760736 0.0671875
0 0.05828220858895705 0.665625 0.1165644171779141 0.05625
0 0.03987730061349693 0.7234375 0.06748466257668712 0.0703125
0 0.049079754601226995 0.8140625 0.09815950920245399 0.06875
0 0.5368098159509203 0.7125 0.12883435582822086 0.04375
0 0.745398773006135 0.6046875 0.13190184049079753 0.05625
0 0.9677914110429447 0.9859375 0.06441717791411043 0.028125
0 0.3588957055214724 0.471875 0.08282208588957055 0.09375
0 0.5429447852760736 0.490625 0.07668711656441718 0.034375
0 0.6656441717791411 0.9109375 0.08282208588957055 0.0890625
0 0.9831288343558282 0.74921875 0.03374233128834356 0.0546875