0 0.027607361963190184 0.6265625 0.05214723926380368 0.1046875
0 0.8711656441717791 0.575 0.18098159509202455 0.0640625
0 0.8312883435582822 0.940625 0.25766871165644173 0.115625
0 0.3159509202453988 0.1671875 0.08588957055214724 0.040625
0 0.4049079754601227 0.2234375 0.0736196319018405 0.0421875
0 0.2361963190184049 0.21875 0.09815950920245399 0.0359375
0 0.049079754601226995 0.4015625 0.0950920245398773 0.0734375
0 0.950920245398773 0.8640625 0.06441717791411043 0.0375
0 0.3343558282208589 0.41875 0.10122699386503067 0.04375
0 0.32515337423312884 0.48125 0.08588957055214724 0.0328125
0 0.3588957055214724 0.7234375 0.1411042944785276 0.065625
0 0.5460122699386503 0.6359375 0.08895705521472393 0.04375
0 0.7668711656441718 0.43125 0.0736196319018405 0.03125
0 0.9555214723926381 0.3046875 0.08895705521472393 0.0375
0 0.6319018404907976 0.4109375 0.0736196319018405 0.0546875
0 0.950920245398773 0.4953125 0.0950920245398773 0.0453125
0 0.7147239263803681 0.7890625 0.06441717791411043 0.028125
0 0.4754601226993865 0.8 0.04294478527607362 0.01875
0 0.39263803680981596 0.878125 0.05521472392638037 0.0171875
0 0.21779141104294478 0.6546875 0.046012269938650305 0.0296875
0 0.4171779141104294 0.5796875 0.05214723926380368 0.021875
0 0.32515337423312884 0.6578125 0.06441717791411043 0.03125
0 0.6104294478527608 0.890625 0.0736196319018405 0.021875
0 0.5674846625766872 0.95625 0.049079754601226995 0.0234375
0 0.22085889570552147 0.8296875 0.04294478527607362 0.021875
0 0.049079754601226995 0.9796875 0.08282208588957055 0.0390625
0 0.015337423312883436 0.025 0.027607361963190184 0.0296875
0 0.8742331288343558 0.296875 0.03067484662576687 0.0453125
0 0.3128834355828221 0.30625 0.11349693251533742 0.0375
0 0.19325153374233128 0.26875 0.0736196319018405 0.0453125
0 0.10122699386503067 0.3125 0.05828220858895705 0.0484375
0 0.018404907975460124 0.3359375 0.03374233128834356 0.0296875
0 0.027607361963190184 0.19375 0.05214723926380368 0.0375
0 0.7116564417177914 0.290625 0.05828220858895705 0.028125
0 0.20552147239263804 0.0296875 0.1441717791411043 0.059375
0 0.03987730061349693 0.8015625 0.07975460122699386 0.0375
0 0.4570552147239264 0.909375 0.1196319018404908 0.028125
0 0.9171779141104295 0.7453125 0.049079754601226995 0.0359375
0 0.8404907975460123 0.4203125 0.08588957055214724 0.0296875
0 0.6748466257668712 0.5109375 0.09202453987730061 0.025
0 0.006134969325153374 0.4625 0.012269938650306749 0.04375
0 0.009202453987730062 0.5203125 0.015337423312883436 0.05625
0 0.35276073619631904 0.784375 0.05828220858895705 0.0296875
0 0.3496932515337423 0.8390625 0.03987730061349693 0.0359375
0 0.4233128834355828 0.8359375 0.04294478527607362 0.0328125
0 0.25153374233128833 0.875 0.07975460122699386 0.025
0 0.1441717791411043 0.8296875 0.0736196319018405 0.034375
0 0.23006134969325154 0.5453125 0.06441717791411043 0.0328125