0 0.0029498525073746312 0.4515625 0.0029498525073746312 0.1171875
0 0.0029498525073746312 0.8390625 0.0058997050147492625 0.034375
0 0.5073746312684366 0.3984375 0.20943952802359883 0.0984375
0 0.029498525073746312 0.771875 0.05604719764011799 0.0640625
0 0.3215339233038348 0.5125 0.07079646017699115 0.0375
0 0.9056047197640118 0.978125 0.07669616519174041 0.04375
0 0.43952802359882004 0.9390625 0.05604719764011799 0.04375
0 0.528023598820059 0.9828125 0.06784660766961652 0.0109375
0 0.6047197640117994 0.89375 0.06489675516224189 0.0265625
0 0.3274336283185841 0.0375 0.07079646017699115 0.05
0 0.49557522123893805 0.021875 0.04424778761061947 0.04375
0 0.5988200589970502 0.0671875 0.11209439528023599 0.0484375
0 0.3333333333333333 0.21875 0.0943952802359882 0.034375
0 0.008849557522123894 0.5953125 0.014749262536873156 0.0359375
0 0.30383480825958703 0.6390625 0.11209439528023599 0.0546875
0 0.18289085545722714 0.6671875 0.07964601769911504 0.0515625
0 0.6784660766961652 0.6328125 0.10619469026548672 0.0296875
0 0.8023598820058997 0.6421875 0.09734513274336283 0.0546875
0 0.6342182890855457 0.3703125 0.12684365781710916 0.0609375
0 0.8672566371681416 0.46875 0.09144542772861357 0.046875
0 0.6519174041297935 0.753125 0.06489675516224189 0.046875
0 0.9203539823008849 0.7859375 0.0943952802359882 0.053125
0 0.35103244837758113 0.89375 0.11504424778761062 0.0671875
0 0.3952802359882006 0.6890625 0.07374631268436578 0.0453125
0 0.4837758112094395 0.7796875 0.09734513274336283 0.034375
0 0.3893805309734513 0.5546875 0.07079646017699115 0.034375
0 0.28023598820059 0.5515625 0.06784660766961652 0.028125
0 0.20353982300884957 0.5203125 0.05309734513274336 0.071875
0 0.18584070796460178 0.5875 0.0943952802359882 0.0515625
0 0.14749262536873156 0.7328125 0.08849557522123894 0.0265625
0 0.28023598820059 0.7953125 0.07079646017699115 0.034375
0 0.13569321533923304 0.984375 0.06489675516224189 0.03125
0 0.04424778761061947 0.221875 0.08849557522123894 0.046875
0 0.0029498525073746312 0.109375 0.0029498525073746312 0.0171875
0 0.9941002949852508 0.0546875 0.011799410029498525 0.0453125
0 0.9660766961651918 0.9640625 0.06784660766961652 0.05
0 0.7197640117994101 0.009375 0.06489675516224189 0.0171875
0 0.8407079646017699 0.1109375 0.0943952802359882 0.0625
0 0.9233038348082596 0.2796875 0.12684365781710916 0.053125
0 0.1976401179941003 0.1015625 0.14454277286135694 0.028125