0 0.4847560975609756 0.784375 0.19207317073170732 0.078125
0 0.6920731707317073 0.7796875 0.11280487804878049 0.0703125
0 0.551829268292683 0.8734375 0.0701219512195122 0.04375
0 0.2682926829268293 0.8703125 0.1951219512195122 0.0734375
0 0.1524390243902439 0.86875 0.07317073170731707 0.059375
0 0.3170731707317073 0.98125 0.0975609756097561 0.0359375
0 0.21036585365853658 0.984375 0.08231707317073171 0.03125
0 0.5121951219512195 0.925 0.10060975609756098 0.046875
0 0.6402439024390244 0.9953125 0.23170731707317074 0.0078125
0 0.7317073170731707 0.946875 0.0975609756097561 0.0328125
0 0.801829268292683 0.9875 0.09451219512195122 0.025
0 0.948170731707317 0.83125 0.07926829268292683 0.05
0 0.8780487804878049 0.8453125 0.06707317073170732 0.028125
0 0.9664634146341463 0.9265625 0.06707317073170732 0.053125
0 0.9054878048780488 0.2421875 0.08536585365853659 0.0671875
0 0.9054878048780488 0.334375 0.1676829268292683 0.078125
0 0.9679878048780488 0.44140625 0.06402439024390244 0.0703125
0 0.7042682926829268 0.571875 0.16463414634146342 0.05
0 0.7195121951219512 0.6796875 0.10975609756097561 0.0609375
0 0.7347560975609756 0.7171875 0.11280487804878049 0.040625
0 0.5914634146341463 0.0234375 0.11890243902439024 0.0453125
0 0.6432926829268293 0.15 0.21341463414634146 0.090625
0 0.8109756097560976 0.0640625 0.18292682926829268 0.08125
0 0.8140243902439024 0.0109375 0.1798780487804878 0.0203125
0 0.9054878048780488 0.16875 0.09146341463414634 0.0296875
0 0.5853658536585366 0.2796875 0.10975609756097561 0.059375
0 0.6890243902439024 0.2859375 0.07926829268292683 0.053125
0 0.4603658536585366 0.4421875 0.13109756097560976 0.05
0 0.8719512195121951 0.4890625 0.22560975609756098 0.0765625
0 0.2926829268292683 0.009375 0.051829268292682924 0.0171875
0 0.3719512195121951 0.0609375 0.06707317073170732 0.0546875
0 0.20121951219512196 0.05 0.09146341463414634 0.046875
0 0.06707317073170732 0.0171875 0.03048780487804878 0.034375
0 0.19207317073170732 0.0015625 0.03353658536585366 0.003125
0 0.25914634146341464 0.228125 0.15548780487804878 0.0421875
0 0.3719512195121951 0.1984375 0.039634146341463415 0.0421875
0 0.4054878048780488 0.26875 0.08841463414634146 0.0390625
0 0.25609756097560976 0.309375 0.13719512195121952 0.053125
0 0.3597560975609756 0.3125 0.10975609756097561 0.0453125
0 0.3170731707317073 0.3640625 0.11280487804878049 0.0375
0 0.28353658536585363 0.425 0.125 0.0625
0 0.0975609756097561 0.2421875 0.1798780487804878 0.0765625
0 0.0701219512195122 0.33125 0.10365853658536585 0.05
0 0.45121951219512196 0.403125 0.12195121951219512 0.028125
0 0.042682926829268296 0.5140625 0.08231707317073171 0.0421875
0 0.25914634146341464 0.5625 0.12804878048780488 0.0734375
0 0.46646341463414637 0.6234375 0.11280487804878049 0.0375
0 0.5335365853658537 0.59375 0.10060975609756098 0.0640625
0 0.07317073170731707 0.66875 0.125 0.0546875
0 0.06097560975609756 0.7234375 0.06402439024390244 0.0671875
0 0.06402439024390244 0.8109375 0.10975609756097561 0.065625
0 0.5365853658536586 0.7140625 0.125 0.0421875
0 0.7378048780487805 0.6109375 0.125 0.0546875
0 0.9817073170731707 0.9953125 0.036585365853658534 0.0078125
0 0.9573170731707317 0.98125 0.07926829268292683 0.0359375
0 0.36585365853658536 0.48125 0.07926829268292683 0.090625
0 0.5426829268292683 0.5 0.07317073170731707 0.034375
0 0.6615853658536586 0.90625 0.07926829268292683 0.084375
0 0.975609756097561 0.75 0.04878048780487805 0.053125