0 0.4896755162241888 0.040625 0.14454277286135694 0.053125
0 0.4277286135693215 0.1375 0.09734513274336283 0.0375
0 0.696165191740413 0.4578125 0.0855457227138643 0.06875
0 0.9085545722713865 0.4109375 0.10324483775811209 0.040625
0 0.5427728613569321 0.365625 0.0855457227138643 0.04375
0 0.3215339233038348 0.3515625 0.05309734513274336 0.0359375
0 0.29793510324483774 0.2375 0.10619469026548672 0.05625
0 0.2743362831858407 0.5875 0.07079646017699115 0.053125
0 0.9542772861356932 0.8609375 0.09144542772861357 0.078125
0 0.31563421828908556 0.9546875 0.11209439528023599 0.0546875
0 0.0471976401179941 0.78125 0.05604719764011799 0.034375
0 0.04129793510324484 0.684375 0.08259587020648967 0.0625
0 0.1415929203539823 0.646875 0.06489675516224189 0.0765625
0 0.22713864306784662 0.640625 0.0471976401179941 0.053125
0 0.3215339233038348 0.6453125 0.061946902654867256 0.0375
0 0.5132743362831859 0.6609375 0.06489675516224189 0.0359375
0 0.8230088495575221 0.7796875 0.035398230088495575 0.015625
0 0.943952802359882 0.53125 0.07964601769911504 0.0578125