0 0.12211221122112212 0.509375 0.24092409240924093 0.075
0 0.7442244224422442 0.22890625 0.5115511551155115 0.3203125
0 0.0594059405940594 0.065625 0.1188118811881188 0.0921875
0 0.7425742574257426 0.0140625 0.1254125412541254 0.0265625
0 0.0297029702970297 0.2 0.056105610561056105 0.0265625
0 0.1419141914191419 0.246875 0.033003300330033 0.0171875
0 0.04950495049504951 0.2484375 0.09900990099009901 0.05625
0 0.07590759075907591 0.5703125 0.1485148514851485 0.0359375
0 0.6402640264026402 0.5390625 0.1551155115511551 0.0640625
0 0.7986798679867987 0.4640625 0.07920792079207921 0.0390625
0 0.9174917491749175 0.5140625 0.11221122112211221 0.046875
0 0.9356435643564357 0.46328125 0.12871287128712872 0.0765625
0 0.5907590759075908 0.415625 0.0627062706270627 0.0375
0 0.11551155115511551 0.4046875 0.11221122112211221 0.04375
0 0.009900990099009901 0.4625 0.0165016501650165 0.084375
0 0.15181518151815182 0.9390625 0.18811881188118812 0.059375
0 0.504950495049505 0.8765625 0.09900990099009901 0.0390625
0 0.6732673267326733 0.8578125 0.09900990099009901 0.0484375
0 0.18811881188118812 0.74375 0.11551155115511551 0.0546875
0 0.7392739273927392 0.6984375 0.16831683168316833 0.0515625
0 0.8151815181518152 0.653125 0.10231023102310231 0.0390625
0 0.39603960396039606 0.815625 0.1848184818481848 0.0421875
0 0.3927392739273927 0.88125 0.1254125412541254 0.0359375
0 0.44884488448844884 0.7703125 0.16831683168316833 0.0359375