0 0.14802631578947367 0.0421875 0.23355263157894737 0.0828125
0 0.17434210526315788 0.71875 0.24013157894736842 0.1296875
0 0.3125 0.4890625 0.19407894736842105 0.1609375
0 0.5296052631578947 0.921875 0.1611842105263158 0.0765625
0 0.5657894736842105 0.0171875 0.1513157894736842 0.034375
0 0.7236842105263158 0.68125 0.18421052631578946 0.115625
0 0.14473684210526316 0.8359375 0.13486842105263158 0.0421875
0 0.6578947368421053 0.765625 0.08552631578947369 0.0578125
0 0.5361842105263158 0.8390625 0.07236842105263158 0.0109375
0 0.3092105263157895 0.2 0.1611842105263158 0.0828125
0 0.17434210526315788 0.20625 0.18092105263157895 0.128125
0 0.6052631578947368 0.4125 0.013157894736842105 0.08125
0 0.7171052631578947 0.3078125 0.08881578947368421 0.0421875
0 0.5328947368421053 0.296875 0.08552631578947369 0.0203125