0 0.5899705014749262 0.653125 0.06784660766961652 0.0390625
0 0.7433628318584071 0.934375 0.061946902654867256 0.028125
0 0.017699115044247787 0.403125 0.035398230088495575 0.03125
0 0.911504424778761 0.2390625 0.058997050147492625 0.0375
0 0.4365781710914454 0.9109375 0.14749262536873156 0.0578125
0 0.41297935103244837 0.9875 0.1415929203539823 0.025
0 0.3421828908554572 0.0171875 0.12979351032448377 0.0328125
0 0.20648967551622419 0.0671875 0.10914454277286136 0.040625
0 0.336283185840708 0.125 0.08259587020648967 0.03125
0 0.011799410029498525 0.1828125 0.02064896755162242 0.0484375
0 0.05309734513274336 0.6859375 0.10324483775811209 0.0453125
0 0.9498525073746312 0.8546875 0.05604719764011799 0.028125
0 0.9837758112094396 0.6125 0.032448377581120944 0.040625
0 0.5899705014749262 0.8421875 0.10324483775811209 0.040625
0 0.7433628318584071 0.8171875 0.14454277286135694 0.0703125
0 0.7079646017699115 0.6765625 0.08849557522123894 0.046875
0 0.8407079646017699 0.653125 0.10324483775811209 0.0578125
0 0.6283185840707964 0.44375 0.07374631268436578 0.04375
0 0.6578171091445427 0.5109375 0.07964601769911504 0.0328125
0 0.8466076696165191 0.53125 0.06489675516224189 0.040625
0 0.9587020648967551 0.1453125 0.07669616519174041 0.034375
0 0.6637168141592921 0.11875 0.12094395280235988 0.0578125
0 0.0943952802359882 0.0015625 0.05309734513274336 0.003125
0 0.17404129793510326 0.0046875 0.0471976401179941 0.009375
0 0.4218289085545723 0.203125 0.07079646017699115 0.0375
0 0.25958702064896755 0.6171875 0.038348082595870206 0.0203125
0 0.1887905604719764 0.58125 0.13274336283185842 0.0625
0 0.08259587020648967 0.6 0.06784660766961652 0.0453125