0 0.7763157894736842 0.0421875 0.10197368421052631 0.0453125
0 0.6743421052631579 0.140625 0.09210526315789473 0.0609375
0 0.2532894736842105 0.39375 0.21052631578947367 0.128125
0 0.0625 0.5828125 0.0756578947368421 0.0546875
0 0.26973684210526316 0.5984375 0.09539473684210527 0.0640625
0 0.1875 0.5140625 0.09539473684210527 0.025
0 0.45394736842105265 0.428125 0.09210526315789473 0.0546875
0 0.5526315789473685 0.4515625 0.10855263157894737 0.046875
0 0.48026315789473684 0.4984375 0.06578947368421052 0.0328125
0 0.5723684210526315 0.503125 0.0625 0.0484375
0 0.680921052631579 0.5234375 0.05921052631578947 0.0296875
0 0.7664473684210527 0.546875 0.05263157894736842 0.034375
0 0.7598684210526315 0.5828125 0.0625 0.028125
0 0.6217105263157895 0.853125 0.10855263157894737 0.0546875
0 0.7828947368421053 0.828125 0.13486842105263158 0.075
0 0.03289473684210526 0.6984375 0.0625 0.084375
0 0.003289473684210526 0.0890625 0.003289473684210526 0.0640625
0 0.13486842105263158 0.109375 0.09210526315789473 0.053125
0 0.22697368421052633 0.0421875 0.08223684210526316 0.0421875
0 0.27631578947368424 0.8015625 0.17105263157894737 0.0640625
0 0.6546052631578947 0.7015625 0.15460526315789475 0.0640625
0 0.9144736842105263 0.5390625 0.1118421052631579 0.0390625
0 0.881578947368421 0.271875 0.14802631578947367 0.05