0 0.17941176470588235 0.03125 0.3558823529411765 0.0625
0 0.9779411764705882 0.79921875 0.04411764705882353 0.0359375
0 0.4676470588235294 0.6203125 0.18529411764705883 0.0625
0 0.40294117647058825 0.859375 0.1 0.084375
0 0.7970588235294118 0.99375 0.061764705882352944 0.0125
0 0.22058823529411764 0.821875 0.07941176470588235 0.040625
0 0.4147058823529412 0.7296875 0.09411764705882353 0.0609375
0 0.7235294117647059 0.5578125 0.04411764705882353 0.0578125
0 0.01764705882352941 0.98125 0.03235294117647059 0.0359375
0 0.3382352941176471 0.971875 0.05 0.03125
0 0.43529411764705883 0.9828125 0.05 0.0328125
0 0.26176470588235295 0.9484375 0.12352941176470589 0.065625
0 0.21764705882352942 0.996875 0.08235294117647059 0.0046875
0 0.6441176470588236 0.65625 0.09411764705882353 0.0515625
0 0.0029411764705882353 0.728125 0.0029411764705882353 0.0546875
0 0.09705882352941177 0.740625 0.052941176470588235 0.0328125
0 0.7617647058823529 0.8109375 0.11176470588235295 0.0359375
0 0.8764705882352941 0.8484375 0.08235294117647059 0.05625
0 0.6794117647058824 0.8125 0.08235294117647059 0.0640625
0 0.9647058823529412 0.971875 0.052941176470588235 0.0390625
0 0.2647058823529412 0.6640625 0.12058823529411765 0.053125