0 0.6546052631578947 0.1109375 0.33881578947368424 0.1484375
0 0.046052631578947366 0.9796875 0.09210526315789473 0.0390625
0 0.06907894736842106 0.7625 0.13486842105263158 0.1375
0 0.29276315789473684 0.38125 0.17434210526315788 0.0625
0 0.039473684210526314 0.403125 0.07894736842105263 0.1015625
0 0.9967105263157895 0.0921875 0.003289473684210526 0.1046875
0 0.15789473684210525 0.0984375 0.19736842105263158 0.084375
0 0.10526315789473684 0.246875 0.13486842105263158 0.0484375
0 0.25 0.175 0.09539473684210527 0.04375
0 0.13157894736842105 0.1609375 0.14802631578947367 0.0578125
0 0.5953947368421053 0.2765625 0.10855263157894737 0.0625
0 0.9539473684210527 0.43125 0.09210526315789473 0.065625
0 0.8092105263157895 0.40625 0.08223684210526316 0.0421875
0 0.27631578947368424 0.3046875 0.09868421052631579 0.0484375
0 0.04276315789473684 0.2703125 0.08223684210526316 0.0671875
0 0.05263157894736842 0.590625 0.10197368421052631 0.078125
0 0.1513157894736842 0.9609375 0.14144736842105263 0.0734375
0 0.6217105263157895 0.89375 0.33881578947368424 0.0734375
0 0.5789473684210527 0.9921875 0.13486842105263158 0.015625
0 0.819078947368421 0.7703125 0.08552631578947369 0.0390625
0 0.23684210526315788 0.765625 0.15460526315789475 0.0453125
0 0.3125 0.7953125 0.09210526315789473 0.040625
0 0.29276315789473684 0.859375 0.05921052631578947 0.025
0 0.3223684210526316 0.9 0.06907894736842106 0.028125
0 0.03618421052631579 0.8515625 0.06907894736842106 0.103125
0 0.10855263157894737 0.853125 0.08552631578947369 0.059375
0 0.35526315789473684 0.9828125 0.09210526315789473 0.034375
0 0.4901315789473684 0.921875 0.039473684210526314 0.028125
0 0.6842105263157895 0.79375 0.05592105263157895 0.05
0 0.6677631578947368 0.7375 0.13486842105263158 0.1
0 0.9177631578947368 0.8296875 0.0625 0.03125
0 0.9802631578947368 0.8328125 0.039473684210526314 0.01875
0 0.9736842105263158 0.865625 0.05263157894736842 0.0125
0 0.4276315789473684 0.90625 0.08223684210526316 0.053125
0 0.2631578947368421 0.6046875 0.08223684210526316 0.053125
0 0.881578947368421 0.5546875 0.14802631578947367 0.0765625
0 0.9638157894736842 0.2765625 0.07236842105263158 0.05
0 0.9375 0.015625 0.125 0.03125
0 0.4901315789473684 0.965625 0.05921052631578947 0.0265625
0 0.7960526315789473 0.9859375 0.09868421052631579 0.028125
0 0.8585526315789473 0.9875 0.0625 0.0234375
0 0.6907894736842105 0.55 0.08881578947368421 0.0375
0 0.8552631578947368 0.4984375 0.13815789473684212 0.06875
0 0.3684210526315789 0.528125 0.09868421052631579 0.065625
0 0.006578947368421052 0.6859375 0.009868421052631578 0.0421875
0 0.5 0.7328125 0.08223684210526316 0.046875
0 0.8717105263157895 0.634375 0.08881578947368421 0.0453125
0 0.4309210526315789 0.6765625 0.10855263157894737 0.0390625
0 0.6282894736842105 0.0125 0.15460526315789475 0.0234375
0 0.4375 0.0046875 0.14473684210526316 0.0078125