0 0.19407894736842105 0.0109375 0.06907894736842106 0.0203125
0 0.875 0.0625 0.06907894736842106 0.028125
0 0.9506578947368421 0.1 0.0756578947368421 0.040625
0 0.8453947368421053 0.13125 0.13486842105263158 0.053125
0 0.16776315789473684 0.2875 0.23684210526315788 0.065625
0 0.039473684210526314 0.4375 0.0756578947368421 0.0890625
0 0.8848684210526315 0.3296875 0.21710526315789475 0.0578125
0 0.05263157894736842 0.8984375 0.10197368421052631 0.046875
0 0.15460526315789475 0.4109375 0.09210526315789473 0.053125
0 0.3256578947368421 0.771875 0.09868421052631579 0.059375
0 0.7730263157894737 0.734375 0.12828947368421054 0.0578125
0 0.9539473684210527 0.715625 0.08881578947368421 0.0734375
0 0.06578947368421052 0.9609375 0.09210526315789473 0.04375
0 0.023026315789473683 0.0171875 0.046052631578947366 0.034375
0 0.04276315789473684 0.178125 0.049342105263157895 0.065625
0 0.13486842105263158 0.1609375 0.13157894736842105 0.05625
0 0.5197368421052632 0.275 0.0625 0.0296875
0 0.5098684210526315 0.8703125 0.12828947368421054 0.059375
0 0.9210526315789473 0.553125 0.08881578947368421 0.0703125
0 0.6875 0.534375 0.0756578947368421 0.0484375
0 0.25 0.9890625 0.20065789473684212 0.0203125
0 0.18421052631578946 0.6109375 0.19736842105263158 0.1078125
0 0.6151315789473685 0.378125 0.10197368421052631 0.08125
0 0.2565789473684211 0.421875 0.07236842105263158 0.0640625