0 0.6052631578947368 0.4046875 0.16447368421052633 0.0796875
0 0.6052631578947368 0.2921875 0.24342105263157895 0.071875
0 0.6118421052631579 0.8265625 0.17763157894736842 0.1015625
0 0.8223684210526315 0.9265625 0.2993421052631579 0.0984375
0 0.1611842105263158 0.9453125 0.3223684210526316 0.1078125
0 0.23684210526315788 0.478125 0.23355263157894737 0.0578125
0 0.4144736842105263 0.5765625 0.12171052631578948 0.071875
0 0.24013157894736842 0.5640625 0.18092105263157895 0.0515625
0 0.9424342105263158 0.2609375 0.11513157894736842 0.059375
0 0.7171052631578947 0.0078125 0.3651315789473684 0.0140625
0 0.3157894736842105 0.190625 0.20723684210526316 0.06875
0 0.15789473684210525 0.303125 0.18092105263157895 0.1203125
0 0.21052631578947367 0.3171875 0.19078947368421054 0.0859375
0 0.4144736842105263 0.3625 0.13486842105263158 0.0609375
0 0.7730263157894737 0.5890625 0.1611842105263158 0.0515625
0 0.881578947368421 0.70625 0.14473684210526316 0.0484375
0 0.3980263157894737 0.74375 0.15460526315789475 0.0703125
0 0.26644736842105265 0.803125 0.2236842105263158 0.0765625
0 0.805921052631579 0.2078125 0.1118421052631579 0.0421875
0 0.8486842105263158 0.4203125 0.14144736842105263 0.0984375
0 0.9588815789473685 0.37421875 0.08223684210526316 0.0515625
0 0.5328947368421053 0.1171875 0.15789473684210525 0.059375
0 0.9703947368421053 0.31875 0.05921052631578947 0.0140625
0 0.7467105263157895 0.465625 0.11842105263157894 0.0515625
0 0.40460526315789475 0.978125 0.10526315789473684 0.04375
0 0.5197368421052632 0.078125 0.08881578947368421 0.0390625
0 0.9786184210526315 0.01640625 0.04276315789473684 0.0328125
0 0.19407894736842105 0.090625 0.09868421052631579 0.046875
0 0.3355263157894737 0.1453125 0.08552631578947369 0.0421875
0 0.7697368421052632 0.159375 0.07236842105263158 0.0234375
0 0.023026315789473683 0.0984375 0.04276315789473684 0.028125
0 0.009868421052631578 0.0421875 0.01644736842105263 0.040625
0 0.08552631578947369 0.1015625 0.06578947368421052 0.0421875
0 0.009868421052631578 0.403125 0.01644736842105263 0.05625
0 0.02631578947368421 0.4703125 0.05263157894736842 0.025
0 0.125 0.45625 0.06907894736842106 0.0421875
0 0.9325657894736842 0.1125 0.13486842105263158 0.040625
0 0.7861842105263158 0.140625 0.125 0.0421875
0 0.3782894736842105 0.5515625 0.05263157894736842 0.0375
0 0.08552631578947369 0.6953125 0.05263157894736842 0.0515625
0 0.02631578947368421 0.715625 0.05263157894736842 0.06875
0 0.15460526315789475 0.615625 0.06907894736842106 0.0359375
0 0.046052631578947366 0.5796875 0.0756578947368421 0.0484375
0 0.03289473684210526 0.603125 0.0625 0.034375
0 0.3256578947368421 0.8859375 0.1118421052631579 0.065625
0 0.48026315789473684 0.915625 0.07236842105263158 0.053125