0 0.4752475247524752 0.934375 0.2838283828382838 0.1296875
0 0.5775577557755776 0.628125 0.21122112211221122 0.134375
0 0.693069306930693 0.2421875 0.2145214521452145 0.1140625
0 0.7293729372937293 0.0515625 0.29372937293729373 0.103125
0 0.1617161716171617 0.065625 0.31353135313531355 0.1
0 0.34983498349834985 0.165625 0.1848184818481848 0.1078125
0 0.46204620462046203 0.246875 0.11551155115511551 0.1125
0 0.8646864686468647 0.965625 0.24752475247524752 0.0671875
0 0.8118811881188119 0.865625 0.21122112211221122 0.10625
0 0.1353135313531353 0.3890625 0.2706270627062706 0.1234375
0 0.09570957095709572 0.5921875 0.19141914191419143 0.159375
0 0.19141914191419143 0.9671875 0.08250825082508251 0.0640625
0 0.8976897689768977 0.3703125 0.0858085808580858 0.040625
0 0.9141914191419142 0.4328125 0.1188118811881188 0.03125
0 0.7788778877887789 0.35625 0.11221122112211221 0.0640625
0 0.6567656765676567 0.4296875 0.11551155115511551 0.0375
0 0.9108910891089109 0.65625 0.06930693069306931 0.034375
0 0.5544554455445545 0.7359375 0.10231023102310231 0.025
0 0.37623762376237624 0.421875 0.08250825082508251 0.046875
0 0.15181518151815182 0.1359375 0.036303630363036306 0.0328125
0 0.0627062706270627 0.2140625 0.052805280528052806 0.015625
0 0.20132013201320131 0.3796875 0.0594059405940594 0.0421875
0 0.30033003300330036 0.6578125 0.1617161716171617 0.021875
0 0.9273927392739274 0.6296875 0.08250825082508251 0.0265625
0 0.5181518151815182 0.4015625 0.07260726072607261 0.0265625
0 0.3432343234323432 0.3015625 0.09900990099009901 0.034375
0 0.29042904290429045 0.0875 0.07590759075907591 0.034375
0 0.5148514851485149 0.009375 0.0891089108910891 0.01875
0 0.9306930693069307 0.109375 0.07590759075907591 0.034375
0 0.8547854785478548 0.1734375 0.10231023102310231 0.0671875
0 0.9141914191419142 0.7484375 0.0858085808580858 0.0328125
0 0.7392739273927392 0.7109375 0.2607260726072607 0.0671875
0 0.39603960396039606 0.7625 0.09570957095709572 0.0328125
0 0.48514851485148514 0.75625 0.06930693069306931 0.0390625
0 0.44554455445544555 0.7921875 0.09900990099009901 0.04375
0 0.5181518151815182 0.796875 0.07920792079207921 0.0421875
0 0.10891089108910891 0.7859375 0.056105610561056105 0.0265625
0 0.12871287128712872 0.80625 0.0924092409240924 0.0296875
0 0.0891089108910891 0.8609375 0.07260726072607261 0.0328125
0 0.06930693069306931 0.9328125 0.04950495049504951 0.0328125
0 0.9636963696369637 0.8203125 0.0627062706270627 0.053125
0 0.9818481848184818 0.8625 0.036303630363036306 0.05
0 0.7821782178217822 0.45 0.1419141914191419 0.0390625
0 0.6864686468646864 0.4984375 0.12871287128712872 0.0390625
0 0.16501650165016502 0.3 0.1188118811881188 0.034375
0 0.33003300330033003 0.346875 0.07920792079207921 0.0265625
0 0.46864686468646866 0.3625 0.07260726072607261 0.028125
0 0.45874587458745875 0.3828125 0.07260726072607261 0.025
0 0.4389438943894389 0.421875 0.06930693069306931 0.0265625
0 0.5610561056105611 0.440625 0.0429042904290429 0.01875
0 0.5247524752475248 0.45625 0.07590759075907591 0.0328125
0 0.25742574257425743 0.76875 0.07260726072607261 0.0296875
0 0.30033003300330036 0.875 0.0429042904290429 0.025
0 0.2145214521452145 0.9328125 0.07590759075907591 0.0328125