0 0.27607361963190186 0.06875 0.4233128834355828 0.1375
0 0.09202453987730061 0.359375 0.18404907975460122 0.2015625
0 0.25766871165644173 0.7546875 0.13190184049079753 0.0484375
0 0.38650306748466257 0.671875 0.11042944785276074 0.0421875
0 0.15030674846625766 0.6359375 0.06441717791411043 0.034375
0 0.03374233128834356 0.678125 0.06748466257668712 0.025
0 0.02147239263803681 0.8015625 0.04294478527607362 0.0484375
0 0.7960122699386503 0.72265625 0.40797546012269936 0.5515625
0 0.6871165644171779 0.33125 0.25766871165644173 0.128125
0 0.8220858895705522 0.4 0.0950920245398773 0.04375
0 0.8680981595092024 0.3609375 0.09202453987730061 0.0375
0 0.3803680981595092 0.3453125 0.0736196319018405 0.071875
0 0.3987730061349693 0.2125 0.11349693251533742 0.05
0 0.006134969325153374 0.5765625 0.012269938650306749 0.0265625
0 0.7852760736196319 0.1078125 0.11349693251533742 0.0421875
0 0.6012269938650306 0.21875 0.08588957055214724 0.0359375
0 0.08282208588957055 0.9 0.13803680981595093 0.05
0 0.2883435582822086 0.59375 0.009202453987730062 0.0296875
0 0.294478527607362 0.634375 0.12269938650306748 0.0265625
0 0.18711656441717792 0.7234375 0.05214723926380368 0.034375
0 0.1196319018404908 0.2625 0.06134969325153374 0.0515625