0 0.5398773006134969 0.9640625 0.36809815950920244 0.0703125
0 0.08282208588957055 0.553125 0.16257668711656442 0.1421875
0 0.5429447852760736 0.3703125 0.10429447852760736 0.040625
0 0.03680981595092025 0.3203125 0.0736196319018405 0.0734375
0 0.15644171779141106 0.0796875 0.11349693251533742 0.053125
0 0.3374233128834356 0.03125 0.09815950920245399 0.0625
0 0.49079754601226994 0.009375 0.0736196319018405 0.0171875
0 0.10122699386503067 0.1390625 0.10429447852760736 0.04375
0 0.32515337423312884 0.1078125 0.15337423312883436 0.046875
0 0.31901840490797545 0.1875 0.11349693251533742 0.065625
0 0.3159509202453988 0.146875 0.09202453987730061 0.040625
0 0.5337423312883436 0.06875 0.07668711656441718 0.0390625
0 0.9079754601226994 0.0421875 0.10122699386503067 0.0484375
0 0.9355828220858896 0.0265625 0.06748466257668712 0.053125
0 0.8374233128834356 0.071875 0.07975460122699386 0.05
0 0.27607361963190186 0.4515625 0.13190184049079753 0.040625
0 0.4233128834355828 0.3578125 0.11349693251533742 0.053125
0 0.3128834355828221 0.334375 0.06748466257668712 0.0375
0 0.3987730061349693 0.4484375 0.0950920245398773 0.04375
0 0.44171779141104295 0.496875 0.1196319018404908 0.05625
0 0.5276073619631901 0.4953125 0.09815950920245399 0.0390625
0 0.5613496932515337 0.55 0.10736196319018405 0.0578125
0 0.08895705521472393 0.665625 0.13803680981595093 0.0609375
0 0.16257668711656442 0.665625 0.13496932515337423 0.0625
0 0.7300613496932515 0.659375 0.11042944785276074 0.065625
0 0.9217791411042945 0.5671875 0.15644171779141106 0.1
0 0.7944785276073619 0.6203125 0.0736196319018405 0.0296875
0 0.9141104294478528 0.6578125 0.13803680981595093 0.04375
0 0.8466257668711656 0.7359375 0.1196319018404908 0.075
0 0.7576687116564417 0.753125 0.10122699386503067 0.0171875
0 0.147239263803681 0.94375 0.12576687116564417 0.0375
0 0.05214723926380368 0.975 0.10122699386503067 0.0484375
0 0.37116564417177916 0.7484375 0.06134969325153374 0.04375