0 0.8414634146341463 0.95 0.0975609756097561 0.05
0 0.003048780487804878 0.921875 0.006097560975609756 0.040625
0 0.23170731707317074 0.703125 0.22865853658536586 0.0828125
0 0.4725609756097561 0.771875 0.13414634146341464 0.0625
0 0.6036585365853658 0.85 0.08536585365853659 0.0609375
0 0.551829268292683 0.925 0.09146341463414634 0.0625
0 0.24390243902439024 0.5484375 0.14634146341463414 0.078125
0 0.3628048780487805 0.6359375 0.10060975609756098 0.0609375
0 0.3902439024390244 0.2421875 0.17682926829268292 0.078125
0 0.4725609756097561 0.3671875 0.08841463414634146 0.0703125
0 0.3567073170731707 0.3390625 0.07926829268292683 0.04375
0 0.24390243902439024 0.428125 0.057926829268292686 0.0453125
0 0.5914634146341463 0.471875 0.08841463414634146 0.028125
0 0.9725609756097561 0.428125 0.054878048780487805 0.0421875
0 0.975609756097561 0.5640625 0.04573170731707317 0.0390625
0 0.9146341463414634 0.425 0.06097560975609756 0.0421875
0 0.7652439024390244 0.246875 0.09451219512195122 0.0421875
0 0.38414634146341464 0.865625 0.06707317073170732 0.034375
0 0.4573170731707317 0.853125 0.042682926829268296 0.028125
0 0.25 0.8546875 0.06097560975609756 0.028125
0 0.6341463414634146 0.91875 0.051829268292682924 0.034375
0 0.19817073170731708 0.946875 0.03048780487804878 0.015625
0 0.0975609756097561 0.9734375 0.057926829268292686 0.028125
0 0.39634146341463417 0.9875 0.06707317073170732 0.0234375
0 0.6890243902439024 0.9125 0.051829268292682924 0.034375
0 0.7012195121951219 0.8890625 0.04878048780487805 0.028125
0 0.5762195121951219 0.5421875 0.04573170731707317 0.0390625
0 0.6310975609756098 0.546875 0.06707317073170732 0.0453125
0 0.7073170731707317 0.628125 0.06097560975609756 0.03125
0 0.6402439024390244 0.7359375 0.10975609756097561 0.071875
0 0.9237804878048781 0.7296875 0.07317073170731707 0.0421875
0 0.7713414634146342 0.7546875 0.07317073170731707 0.071875
0 0.9054878048780488 0.8609375 0.11280487804878049 0.046875
0 0.009146341463414634 0.778125 0.018292682926829267 0.0421875