0 0.9191176470588235 0.4375 0.16176470588235295 0.1125
0 0.026470588235294117 0.478125 0.05 0.05625
0 0.9338235294117647 0.8125 0.1323529411764706 0.034375
0 0.014705882352941176 0.2203125 0.029411764705882353 0.04375
0 0.1323529411764706 0.315625 0.12058823529411765 0.059375
0 0.6294117647058823 0.328125 0.09117647058823529 0.05
0 0.6794117647058824 0.51875 0.10882352941176471 0.059375
0 0.3411764705882353 0.6015625 0.08235294117647059 0.04375
0 0.03235294117647059 0.4 0.061764705882352944 0.0296875
0 0.7970588235294118 0.0125 0.061764705882352944 0.0234375
0 0.3235294117647059 0.153125 0.041176470588235294 0.04375
0 0.8558823529411764 0.5453125 0.11470588235294117 0.040625
0 0.24411764705882352 0.2921875 0.08235294117647059 0.03125
0 0.43529411764705883 0.10625 0.1 0.046875
0 0.8235294117647058 0.1296875 0.08235294117647059 0.0265625
0 0.25882352941176473 0.728125 0.07647058823529412 0.0359375
0 0.4323529411764706 0.759375 0.05 0.034375
0 0.7441176470588236 0.7453125 0.06764705882352941 0.04375
0 0.9529411764705882 0.678125 0.06764705882352941 0.040625
0 0.9838235294117647 0.746875 0.03235294117647059 0.0625
0 0.15294117647058825 0.9953125 0.10588235294117647 0.0078125
0 0.19411764705882353 0.121875 0.06764705882352941 0.0546875
0 0.75 0.3875 0.05 0.0203125
0 0.25 0.8109375 0.07647058823529412 0.071875
0 0.37941176470588234 0.2703125 0.18529411764705883 0.059375
0 0.29411764705882354 0.5125 0.2529411764705882 0.0765625
0 0.5941176470588235 0.6390625 0.09705882352941177 0.0546875
0 0.9514705882352941 0.57578125 0.09705882352941177 0.0359375
0 0.3323529411764706 0.978125 0.06470588235294118 0.0421875
0 0.42058823529411765 0.840625 0.07941176470588235 0.0265625
0 0.27647058823529413 0.903125 0.06470588235294118 0.0390625
0 0.020588235294117647 0.60625 0.03823529411764706 0.0359375
0 0.3735294117647059 0.5203125 0.07058823529411765 0.0296875
0 0.8147058823529412 0.4828125 0.047058823529411764 0.028125
0 0.6617647058823529 0.8796875 0.061764705882352944 0.0375
0 0.4676470588235294 0.9046875 0.061764705882352944 0.025
0 0.01764705882352941 0.0140625 0.03235294117647059 0.0265625
0 0.058823529411764705 0.028125 0.04411764705882353 0.053125
0 0.21764705882352942 0.0328125 0.08235294117647059 0.0640625
0 0.3176470588235294 0.94375 0.09117647058823529 0.0328125
0 0.6882352941176471 0.2171875 0.10294117647058823 0.040625
0 0.5764705882352941 0.2625 0.09705882352941177 0.0546875
0 0.9955882352941177 0.2171875 0.008823529411764706 0.04375
0 0.8176470588235294 0.096875 0.13823529411764707 0.0296875