0 0.15030674846625766 0.046875 0.29754601226993865 0.0671875
0 0.5674846625766872 0.065625 0.19631901840490798 0.1015625
0 0.2147239263803681 0.2671875 0.3098159509202454 0.15625
0 0.8865030674846626 0.5625 0.17484662576687116 0.10625
0 0.5061349693251533 0.40625 0.2331288343558282 0.0828125
0 0.049079754601226995 0.4640625 0.09815950920245399 0.0578125
0 0.941717791411043 0.4 0.11349693251533742 0.078125
0 0.7300613496932515 0.4203125 0.10736196319018405 0.0578125
0 0.29141104294478526 0.1609375 0.07668711656441718 0.0359375
0 0.24846625766871167 0.4828125 0.10122699386503067 0.05
0 0.15030674846625766 0.425 0.06748466257668712 0.046875
0 0.8128834355828221 0.275 0.08282208588957055 0.0328125
0 0.7730061349693251 0.6078125 0.08588957055214724 0.05
0 0.8282208588957055 0.778125 0.1411042944785276 0.0625
0 0.901840490797546 0.7796875 0.19631901840490798 0.13125
0 0.9938650306748467 0.4859375 0.012269938650306749 0.0390625
0 0.941717791411043 0.321875 0.07668711656441718 0.0515625
0 0.8496932515337423 0.15 0.05521472392638037 0.0203125
0 0.24233128834355827 0.85 0.10429447852760736 0.0625
0 0.49693251533742333 0.753125 0.08588957055214724 0.0234375
0 0.9831288343558282 0.89453125 0.03374233128834356 0.0390625
0 0.5552147239263804 0.9984375 0.09815950920245399 0.003125
0 0.10736196319018405 0.8734375 0.09202453987730061 0.0296875
0 0.03987730061349693 0.940625 0.07668711656441718 0.05
0 0.4938650306748466 0.853125 0.07975460122699386 0.0359375
0 0.36503067484662577 0.8703125 0.07975460122699386 0.0328125
0 0.8895705521472392 0.6546875 0.07668711656441718 0.0359375
0 0.745398773006135 0.6484375 0.0705521472392638 0.0265625
0 0.6134969325153374 0.6734375 0.09815950920245399 0.0328125
0 0.06134969325153374 0.6609375 0.1196319018404908 0.125
0 0.37116564417177916 0.6125 0.1411042944785276 0.0875
0 0.6901840490797546 0.1625 0.06441717791411043 0.0171875
0 0.9846625766871165 0.025 0.03067484662576687 0.028125
0 0.009202453987730062 0.1796875 0.015337423312883436 0.0328125
0 0.8588957055214724 0.9875 0.046012269938650305 0.0234375
0 0.549079754601227 0.53125 0.09815950920245399 0.040625
0 0.8282208588957055 0.5109375 0.09202453987730061 0.028125
0 0.9938650306748467 0.5875 0.012269938650306749 0.021875
0 0.18098159509202455 0.1609375 0.03987730061349693 0.021875
0 0.3282208588957055 0.065625 0.03067484662576687 0.0171875
0 0.8773006134969326 0.096875 0.03374233128834356 0.0140625
0 0.7361963190184049 0.0984375 0.03680981595092025 0.015625
0 0.7239263803680982 0.1171875 0.06134969325153374 0.009375
0 0.7085889570552147 0.20625 0.03987730061349693 0.0140625
0 0.7361963190184049 0.259375 0.06134969325153374 0.021875
0 0.37423312883435583 0.2875 0.046012269938650305 0.028125
0 0.3312883435582822 0.2375 0.049079754601226995 0.0234375
0 0.5766871165644172 0.21875 0.05214723926380368 0.0375
0 0.49693251533742333 0.2109375 0.04294478527607362 0.0171875
0 0.49079754601226994 0.1875 0.03374233128834356 0.0265625
0 0.9877300613496932 0.14375 0.02147239263803681 0.028125
0 0.7852760736196319 0.0546875 0.05521472392638037 0.0203125
0 0.4233128834355828 0.0765625 0.046012269938650305 0.025
0 0.03374233128834356 0.2453125 0.03067484662576687 0.0171875
0 0.07975460122699386 0.5328125 0.06748466257668712 0.0296875
0 0.6871165644171779 0.490625 0.06134969325153374 0.0265625
0 0.9861963190184049 0.20859375 0.027607361963190184 0.0171875
0 0.5337423312883436 0.978125 0.06134969325153374 0.021875
0 0.558282208588957 0.9390625 0.03680981595092025 0.025
0 0.24233128834355827 0.1109375 0.05828220858895705 0.0109375
0 0.08282208588957055 0.1546875 0.049079754601226995 0.021875
0 0.2852760736196319 0.9734375 0.046012269938650305 0.053125
0 0.7822085889570553 0.30625 0.07668711656441718 0.05
0 0.6717791411042945 0.3328125 0.09202453987730061 0.0359375
0 0.8343558282208589 0.3328125 0.12576687116564417 0.0796875
0 0.7944785276073619 0.371875 0.08588957055214724 0.065625