0 0.5899705014749262 0.675 0.22713864306784662 0.075
0 0.35988200589970504 0.7078125 0.07669616519174041 0.0453125
0 0.7522123893805309 0.303125 0.08259587020648967 0.0453125
0 0.9926253687315634 0.5484375 0.014749262536873156 0.025
0 0.2448377581120944 0.334375 0.12979351032448377 0.0203125
0 0.1710914454277286 0.3640625 0.04424778761061947 0.0421875
0 0.10914454277286136 0.5765625 0.10619469026548672 0.075
0 0.06784660766961652 0.771875 0.10619469026548672 0.1203125
0 0.8849557522123894 0.40625 0.11209439528023599 0.075
0 0.9616519174041298 0.7 0.07669616519174041 0.04375
0 0.9321533923303835 0.7484375 0.13274336283185842 0.0640625
0 0.8023598820058997 0.825 0.11209439528023599 0.03125
0 0.7522123893805309 0.9296875 0.12094395280235988 0.065625
0 0.22418879056047197 0.9890625 0.07374631268436578 0.0203125
0 0.3333333333333333 0.98125 0.08849557522123894 0.0375
0 0.887905604719764 0.9796875 0.13274336283185842 0.0390625