0 0.18098159509202455 0.9203125 0.3588957055214724 0.1578125
0 0.4754601226993865 0.9953125 0.05521472392638037 0.0078125
0 0.0736196319018405 0.35625 0.1441717791411043 0.115625
0 0.5153374233128835 0.5421875 0.7944785276073619 0.41875
0 0.17791411042944785 0.0828125 0.08588957055214724 0.0453125
0 0.803680981595092 0.2234375 0.11349693251533742 0.0265625
0 0.852760736196319 0.3078125 0.1687116564417178 0.0625
0 0.1687116564417178 0.0296875 0.3282208588957055 0.059375
0 0.7822085889570553 0.04375 0.11042944785276074 0.05
0 0.946319018404908 0.98515625 0.10736196319018405 0.0265625
0 0.7300613496932515 0.9859375 0.06748466257668712 0.0265625