0 0.9306784660766961 0.45078125 0.13864306784660768 0.1171875
0 0.02064896755162242 0.49375 0.04129793510324484 0.059375
0 0.943952802359882 0.8390625 0.11209439528023599 0.034375
0 0.008849557522123894 0.2265625 0.017699115044247787 0.0453125
0 0.12389380530973451 0.3234375 0.12684365781710916 0.0609375
0 0.6430678466076696 0.3375 0.0943952802359882 0.0515625
0 0.6932153392330384 0.534375 0.11209439528023599 0.0609375
0 0.3421828908554572 0.621875 0.0855457227138643 0.0453125
0 0.02654867256637168 0.4125 0.05014749262536873 0.03125
0 0.8141592920353983 0.0109375 0.06489675516224189 0.021875
0 0.3215339233038348 0.15625 0.04424778761061947 0.0453125
0 0.8761061946902655 0.5625 0.11799410029498525 0.0421875
0 0.23893805309734514 0.3 0.08849557522123894 0.0328125
0 0.43952802359882004 0.1078125 0.10619469026548672 0.0484375
0 0.8436578171091446 0.13125 0.0855457227138643 0.028125
0 0.25663716814159293 0.7515625 0.07964601769911504 0.0359375
0 0.43952802359882004 0.7859375 0.05309734513274336 0.034375
0 0.7610619469026548 0.7703125 0.07079646017699115 0.046875
0 0.9705014749262537 0.7015625 0.058997050147492625 0.0421875
0 0.9970501474926253 0.771875 0.0058997050147492625 0.0640625
0 0.19174041297935104 0.1234375 0.07079646017699115 0.0578125
0 0.7669616519174042 0.3984375 0.05309734513274336 0.021875
0 0.24778761061946902 0.8390625 0.07964601769911504 0.075
0 0.3834808259587021 0.2765625 0.19174041297935104 0.0609375
0 0.2920353982300885 0.528125 0.26253687315634217 0.0796875
0 0.6076696165191741 0.6609375 0.10029498525073746 0.0578125
0 0.9631268436578171 0.59453125 0.07374631268436578 0.0359375
0 0.3333333333333333 0.9953125 0.06489675516224189 0.009375
0 0.4247787610619469 0.86875 0.08259587020648967 0.028125
0 0.2743362831858407 0.934375 0.06489675516224189 0.040625
0 0.014749262536873156 0.625 0.02654867256637168 0.0375
0 0.3775811209439528 0.5359375 0.07374631268436578 0.03125
0 0.8348082595870207 0.4984375 0.0471976401179941 0.0296875
0 0.6755162241887905 0.909375 0.06489675516224189 0.0390625
0 0.471976401179941 0.9359375 0.06489675516224189 0.025
0 0.011799410029498525 0.0125 0.02064896755162242 0.0234375
0 0.05014749262536873 0.0265625 0.04424778761061947 0.053125
0 0.21238938053097345 0.0328125 0.08849557522123894 0.0640625
0 0.31563421828908556 0.9765625 0.0943952802359882 0.034375
0 0.7020648967551623 0.2234375 0.10914454277286136 0.0421875
0 0.584070796460177 0.26875 0.10029498525073746 0.0578125
0 0.8377581120943953 0.096875 0.14454277286135694 0.03125